# Region          : all region0
# Cells           : 200
# Volume          : 2.0000000000e-07
# Time            	volIntegrate(Ycharm)	volIntegrate(Yashm)	volIntegrate(Yhumm)	volIntegrate(Yrubberwoodm)
0.0001            	5.1975000000e-09	0.0000000000e+00	0.0000000000e+00	0.0000000000e+00
0.0002            	1.0447500000e-08	0.0000000000e+00	0.0000000000e+00	0.0000000000e+00
0.0003            	1.5697500000e-08	0.0000000000e+00	0.0000000000e+00	0.0000000000e+00
0.0004            	2.0947500000e-08	0.0000000000e+00	0.0000000000e+00	0.0000000000e+00
0.0005            	2.6197500000e-08	0.0000000000e+00	0.0000000000e+00	0.0000000000e+00
0.0006            	3.1447500000e-08	0.0000000000e+00	0.0000000000e+00	0.0000000000e+00
0.0007            	3.6697500000e-08	0.0000000000e+00	0.0000000000e+00	0.0000000000e+00
0.0008            	4.1947500000e-08	0.0000000000e+00	0.0000000000e+00	0.0000000000e+00
0.0009            	4.7197500000e-08	0.0000000000e+00	0.0000000000e+00	0.0000000000e+00
0.001             	5.2447500000e-08	0.0000000000e+00	0.0000000000e+00	0.0000000000e+00
0.0011            	5.7697500000e-08	0.0000000000e+00	0.0000000000e+00	0.0000000000e+00
0.0012            	6.2947500000e-08	0.0000000000e+00	0.0000000000e+00	0.0000000000e+00
0.0013            	6.8197500000e-08	0.0000000000e+00	0.0000000000e+00	0.0000000000e+00
0.0014            	7.3447500000e-08	0.0000000000e+00	0.0000000000e+00	0.0000000000e+00
0.0015            	7.8697500000e-08	0.0000000000e+00	0.0000000000e+00	0.0000000000e+00
0.0016            	8.3947500000e-08	0.0000000000e+00	0.0000000000e+00	0.0000000000e+00
0.0017            	8.9197500000e-08	0.0000000000e+00	0.0000000000e+00	0.0000000000e+00
0.0018            	9.4447500000e-08	0.0000000000e+00	0.0000000000e+00	0.0000000000e+00
0.0019            	9.9697500000e-08	0.0000000000e+00	0.0000000000e+00	0.0000000000e+00
0.002             	1.0494750000e-07	0.0000000000e+00	0.0000000000e+00	0.0000000000e+00
0.0021            	1.1019750000e-07	0.0000000000e+00	0.0000000000e+00	0.0000000000e+00
0.0022            	1.1544750000e-07	0.0000000000e+00	0.0000000000e+00	0.0000000000e+00
0.0023            	1.2069750000e-07	0.0000000000e+00	0.0000000000e+00	0.0000000000e+00
0.0024            	1.2594750000e-07	0.0000000000e+00	0.0000000000e+00	0.0000000000e+00
0.0025            	1.3119750000e-07	0.0000000000e+00	0.0000000000e+00	0.0000000000e+00
0.0026            	1.3644750000e-07	0.0000000000e+00	0.0000000000e+00	0.0000000000e+00
0.0027            	1.4169750000e-07	0.0000000000e+00	0.0000000000e+00	0.0000000000e+00
0.0028            	1.4694750000e-07	0.0000000000e+00	0.0000000000e+00	0.0000000000e+00
0.0029            	1.5219750000e-07	0.0000000000e+00	0.0000000000e+00	0.0000000000e+00
0.003             	1.5744750000e-07	0.0000000000e+00	0.0000000000e+00	0.0000000000e+00
0.0031            	1.6269750000e-07	0.0000000000e+00	0.0000000000e+00	0.0000000000e+00
0.0032            	1.6794750000e-07	0.0000000000e+00	0.0000000000e+00	0.0000000000e+00
0.0033            	1.7319750000e-07	0.0000000000e+00	0.0000000000e+00	0.0000000000e+00
0.0034            	1.7844750000e-07	0.0000000000e+00	0.0000000000e+00	0.0000000000e+00
0.0035            	1.8369750000e-07	0.0000000000e+00	0.0000000000e+00	0.0000000000e+00
0.0036            	1.8894750000e-07	0.0000000000e+00	0.0000000000e+00	0.0000000000e+00
0.0037            	1.9419750000e-07	0.0000000000e+00	0.0000000000e+00	0.0000000000e+00
0.0038            	1.9944750000e-07	0.0000000000e+00	0.0000000000e+00	0.0000000000e+00
0.0039            	2.0469750000e-07	0.0000000000e+00	0.0000000000e+00	0.0000000000e+00
0.004             	2.0994750000e-07	0.0000000000e+00	0.0000000000e+00	0.0000000000e+00
0.0041            	2.1519750000e-07	0.0000000000e+00	0.0000000000e+00	0.0000000000e+00
0.0042            	2.2044750000e-07	0.0000000000e+00	0.0000000000e+00	0.0000000000e+00
0.0043            	2.2569750000e-07	0.0000000000e+00	0.0000000000e+00	0.0000000000e+00
0.0044            	2.3094750000e-07	0.0000000000e+00	0.0000000000e+00	0.0000000000e+00
0.0045            	2.3619750000e-07	0.0000000000e+00	0.0000000000e+00	0.0000000000e+00
0.0046            	2.4144750000e-07	0.0000000000e+00	0.0000000000e+00	0.0000000000e+00
0.0047            	2.4669750000e-07	0.0000000000e+00	0.0000000000e+00	0.0000000000e+00
0.0048            	2.5194750000e-07	0.0000000000e+00	0.0000000000e+00	0.0000000000e+00
0.0049            	2.5719750000e-07	0.0000000000e+00	0.0000000000e+00	0.0000000000e+00
0.005             	2.6244750000e-07	0.0000000000e+00	0.0000000000e+00	0.0000000000e+00
0.0051            	2.6769750000e-07	0.0000000000e+00	0.0000000000e+00	0.0000000000e+00
0.0052            	2.7294750000e-07	0.0000000000e+00	0.0000000000e+00	0.0000000000e+00
0.0053            	2.7819750000e-07	0.0000000000e+00	0.0000000000e+00	0.0000000000e+00
0.0054            	2.8344750000e-07	0.0000000000e+00	0.0000000000e+00	0.0000000000e+00
0.0055            	2.8869750000e-07	0.0000000000e+00	0.0000000000e+00	0.0000000000e+00
0.0056            	2.9394750000e-07	0.0000000000e+00	0.0000000000e+00	0.0000000000e+00
0.0057            	2.9919750000e-07	0.0000000000e+00	0.0000000000e+00	0.0000000000e+00
0.0058            	3.0444750000e-07	0.0000000000e+00	0.0000000000e+00	0.0000000000e+00
0.0059            	3.0969750000e-07	0.0000000000e+00	0.0000000000e+00	0.0000000000e+00
0.006             	3.1494750000e-07	0.0000000000e+00	0.0000000000e+00	0.0000000000e+00
0.0061            	3.2019750000e-07	0.0000000000e+00	0.0000000000e+00	0.0000000000e+00
0.0062            	3.2544750000e-07	0.0000000000e+00	0.0000000000e+00	0.0000000000e+00
0.0063            	3.3069750000e-07	0.0000000000e+00	0.0000000000e+00	0.0000000000e+00
0.0064            	3.3594750000e-07	0.0000000000e+00	0.0000000000e+00	0.0000000000e+00
0.0065            	3.4119750000e-07	0.0000000000e+00	0.0000000000e+00	0.0000000000e+00
0.0066            	3.4644750000e-07	0.0000000000e+00	0.0000000000e+00	0.0000000000e+00
0.0067            	3.5169750000e-07	0.0000000000e+00	0.0000000000e+00	0.0000000000e+00
0.0068            	3.5694750000e-07	0.0000000000e+00	0.0000000000e+00	0.0000000000e+00
0.0069            	3.6219750000e-07	0.0000000000e+00	0.0000000000e+00	0.0000000000e+00
0.007             	3.6744750000e-07	0.0000000000e+00	0.0000000000e+00	0.0000000000e+00
0.0071            	3.7269750000e-07	0.0000000000e+00	0.0000000000e+00	0.0000000000e+00
0.0072            	3.7794750000e-07	0.0000000000e+00	0.0000000000e+00	0.0000000000e+00
0.0073            	3.8319750000e-07	0.0000000000e+00	0.0000000000e+00	0.0000000000e+00
0.0074            	3.8844750000e-07	0.0000000000e+00	0.0000000000e+00	0.0000000000e+00
0.0075            	3.9369750000e-07	0.0000000000e+00	0.0000000000e+00	0.0000000000e+00
0.0076            	3.9894750000e-07	0.0000000000e+00	0.0000000000e+00	0.0000000000e+00
0.0077            	4.0419750000e-07	0.0000000000e+00	0.0000000000e+00	0.0000000000e+00
0.0078            	4.0944750000e-07	0.0000000000e+00	0.0000000000e+00	0.0000000000e+00
0.0079            	4.1469750000e-07	0.0000000000e+00	0.0000000000e+00	0.0000000000e+00
0.008             	4.1994750000e-07	0.0000000000e+00	0.0000000000e+00	0.0000000000e+00
0.0081            	4.2519750000e-07	0.0000000000e+00	0.0000000000e+00	0.0000000000e+00
0.0082            	4.3044750000e-07	0.0000000000e+00	0.0000000000e+00	0.0000000000e+00
0.0083            	4.3569750000e-07	0.0000000000e+00	0.0000000000e+00	0.0000000000e+00
0.0084            	4.4094750000e-07	0.0000000000e+00	0.0000000000e+00	0.0000000000e+00
0.0085            	4.4619750000e-07	0.0000000000e+00	0.0000000000e+00	0.0000000000e+00
0.0086            	4.5144750000e-07	0.0000000000e+00	0.0000000000e+00	0.0000000000e+00
0.0087            	4.5669750000e-07	0.0000000000e+00	0.0000000000e+00	0.0000000000e+00
0.0088            	4.6194750000e-07	0.0000000000e+00	0.0000000000e+00	0.0000000000e+00
0.0089            	4.6719750000e-07	0.0000000000e+00	0.0000000000e+00	0.0000000000e+00
0.009             	4.7244750000e-07	0.0000000000e+00	0.0000000000e+00	0.0000000000e+00
0.0091            	4.7769750000e-07	0.0000000000e+00	0.0000000000e+00	0.0000000000e+00
0.0092            	4.8294750000e-07	0.0000000000e+00	0.0000000000e+00	0.0000000000e+00
0.0093            	4.8819750000e-07	0.0000000000e+00	0.0000000000e+00	0.0000000000e+00
0.0094            	4.9344750000e-07	0.0000000000e+00	0.0000000000e+00	0.0000000000e+00
0.0095            	4.9869750000e-07	0.0000000000e+00	0.0000000000e+00	0.0000000000e+00
0.0096            	5.0394750000e-07	0.0000000000e+00	0.0000000000e+00	0.0000000000e+00
0.0097            	5.0919750000e-07	0.0000000000e+00	0.0000000000e+00	0.0000000000e+00
0.0098            	5.1444750000e-07	0.0000000000e+00	0.0000000000e+00	0.0000000000e+00
0.0099            	5.1969750000e-07	0.0000000000e+00	0.0000000000e+00	0.0000000000e+00
0.01              	5.2494750000e-07	0.0000000000e+00	0.0000000000e+00	0.0000000000e+00
