# Region          : all region0
# Cells           : 200
# Volume          : 2.0000000000e-07
# Time            	max(Ts)
0.005             	0.0000000000e+00
0.01              	0.0000000000e+00
0.015             	0.0000000000e+00
0.02              	0.0000000000e+00
0.025             	0.0000000000e+00
0.03              	0.0000000000e+00
0.035             	0.0000000000e+00
0.04              	0.0000000000e+00
0.045             	0.0000000000e+00
0.05              	0.0000000000e+00
0.055             	1.2532265857e+00
0.06              	7.6296594105e-01
0.065             	5.5103927002e-01
0.07              	4.3685513238e-01
0.075             	3.6728550563e-01
0.08              	3.2623988002e-01
0.085             	2.9865244572e-01
0.09              	2.6323178154e-01
0.095             	2.1872210187e-01
0.1               	1.8552396761e-01
0.105             	1.5849636043e-01
0.11              	1.3631379009e-01
0.115             	1.1827168843e-01
0.12              	1.0358909425e-01
0.125             	1.0004625925e+04
0.13              	4.2896017939e+03
0.135             	2.6864407448e+03
0.14              	1.9638866795e+03
0.145             	1.5533920577e+03
0.15              	1.2891143305e+03
0.155             	1.1134181500e+03
0.16              	9.9585043889e+02
0.165             	9.0595883320e+02
0.17              	8.2939248950e+02
0.175             	7.6284053273e+02
0.18              	7.0422010806e+02
0.185             	6.5296216545e+02
0.19              	6.0755865484e+02
0.195             	5.6453065238e+02
0.2               	5.2459215186e+02
0.205             	4.8817472758e+02
0.21              	1.7887024961e+07
0.215             	9.0323828160e+06
0.22              	5.8514191861e+06
0.225             	4.2699504807e+06
0.23              	3.3286962384e+06
0.235             	2.7066105921e+06
0.24              	2.2665148919e+06
0.245             	1.9337073044e+06
0.25              	1.7304811335e+06
0.255             	1.7811243980e+06
0.26              	1.8297653021e+06
0.265             	1.8703735748e+06
0.27              	1.8978271238e+06
0.275             	1.8973477638e+06
0.28              	1.8695453708e+06
0.285             	1.8243376190e+06
0.29              	1.7675909778e+06
0.295             	1.7008081121e+06
0.3               	4.8871840399e+10
0.305             	2.2757334982e+10
0.31              	1.4612205104e+10
0.315             	1.1017209730e+10
0.32              	9.3253837536e+09
0.325             	8.4518119699e+09
0.33              	7.9332505312e+09
0.335             	7.5768270109e+09
0.34              	7.3032271168e+09
0.345             	7.1094021923e+09
0.35              	6.9240053325e+09
0.355             	6.6890099427e+09
0.36              	6.4099545345e+09
0.365             	6.1114509590e+09
0.37              	5.8080194283e+09
0.375             	5.5142497160e+09
0.38              	5.2399174376e+09
0.385             	4.9827121490e+09
0.39              	4.7409059124e+09
0.395             	8.9288962430e+13
0.4               	6.0695018789e+13
0.405             	4.9065229550e+13
0.41              	4.2209498592e+13
0.415             	3.7452668350e+13
0.42              	3.3845168183e+13
0.425             	3.1021539544e+13
0.43              	2.8542097712e+13
0.435             	2.6341826653e+13
0.44              	2.4398986878e+13
0.445             	2.2636356073e+13
0.45              	2.1032736411e+13
0.455             	1.9570698490e+13
0.46              	1.8260450221e+13
0.465             	1.7092969068e+13
0.47              	1.6037963249e+13
0.475             	1.5074267950e+13
0.48              	1.4246543653e+13
0.485             	7.8915113919e+17
0.49              	4.0708066514e+17
0.495             	2.7568243672e+17
0.5               	2.1139034329e+17
0.505             	1.7177238426e+17
0.51              	1.4369367463e+17
0.515             	1.2295691458e+17
0.52              	1.0755088658e+17
0.525             	9.5220679075e+16
0.53              	9.0880239222e+16
0.535             	8.7130221139e+16
0.54              	8.3369564114e+16
0.545             	7.9264429107e+16
0.55              	7.5067187037e+16
0.555             	7.0925177257e+16
0.56              	6.6956028281e+16
0.565             	6.3299077526e+16
0.57              	5.9920889927e+16
0.575             	5.6774688212e+16
0.58              	5.3835074703e+16
0.585             	1.5812585035e+21
0.59              	1.0050972993e+21
0.595             	7.3482891995e+20
0.6               	5.7773629146e+20
0.605             	4.9086650899e+20
0.61              	4.5379929283e+20
0.615             	4.2507879164e+20
0.62              	4.0078012999e+20
0.625             	3.7813303901e+20
0.63              	3.5557611629e+20
0.635             	3.3338824482e+20
0.64              	3.1219362041e+20
0.645             	2.9221593979e+20
0.65              	2.7353543107e+20
0.655             	2.5655605524e+20
0.66              	2.4122529750e+20
0.665             	2.2722135374e+20
0.67              	2.1430612917e+20
0.675             	2.0230842258e+20
0.68              	6.0977589437e+24
0.685             	3.3981461970e+24
0.69              	2.5923580397e+24
0.695             	2.2179510367e+24
0.7               	1.9801265371e+24
0.705             	1.8020944439e+24
0.71              	1.6603042787e+24
0.715             	1.5402318451e+24
0.72              	1.4265503899e+24
0.725             	1.3191100595e+24
0.73              	1.2145086826e+24
0.735             	1.1210123721e+24
0.74              	1.0455330511e+24
0.745             	9.8489438534e+23
0.75              	9.2683896939e+23
0.755             	8.7332810883e+23
0.76              	8.2438081868e+23
0.765             	7.7921095457e+23
0.77              	7.3717827295e+23
0.775             	3.4398277720e+28
0.78              	1.5971728696e+28
0.785             	1.1106949931e+28
0.79              	9.0623353622e+27
0.795             	7.7874377506e+27
0.8               	6.8876483423e+27
0.805             	6.1874995107e+27
0.81              	5.7653023774e+27
0.815             	5.4629591410e+27
0.82              	5.1738070500e+27
0.825             	4.8758189595e+27
0.83              	4.5627616390e+27
0.835             	4.2659424326e+27
0.84              	3.9882503940e+27
0.845             	3.7301822340e+27
0.85              	3.4972206818e+27
0.855             	3.2869540966e+27
0.86              	3.0949318891e+27
0.865             	2.9178828400e+27
0.87              	2.7534544962e+27
0.875             	8.1873917453e+31
0.88              	5.1071666702e+31
0.885             	3.8265525076e+31
0.89              	3.1090808447e+31
0.895             	2.7027984395e+31
0.9               	2.4920473436e+31
0.905             	2.3292986625e+31
0.91              	2.1932543474e+31
0.915             	2.0634631367e+31
0.92              	1.9339899059e+31
0.925             	1.7994898136e+31
0.93              	1.6692663997e+31
0.935             	1.5509128808e+31
0.94              	1.4430751953e+31
0.945             	1.3467000140e+31
0.95              	1.2607868242e+31
0.955             	1.1831222447e+31
0.96              	1.1121306288e+31
0.965             	1.0466886099e+31
0.97              	5.0629666215e+35
0.975             	2.4908554431e+35
0.98              	1.6492721158e+35
0.985             	1.2399788698e+35
0.99              	1.0882144061e+35
0.995             	9.8555188983e+34
1                 	9.0726943501e+34
1.005             	8.4582504571e+34
1.01              	7.8965918586e+34
1.015             	7.3545898778e+34
1.02              	6.9431125669e+34
1.025             	6.5247138507e+34
1.03              	6.1043003875e+34
1.035             	5.7094528853e+34
1.04              	5.3408672796e+34
1.045             	5.0050014945e+34
1.05              	4.7024478661e+34
1.055             	4.4267681516e+34
1.06              	4.1729779085e+34
1.065             	3.9375202791e+34
1.07              	1.4793091481e+39
1.075             	7.7832725082e+38
1.08              	5.4580696921e+38
1.085             	4.3874260589e+38
1.09              	3.8741328938e+38
1.095             	3.5542830603e+38
1.1               	3.3211265062e+38
1.105             	3.1389920436e+38
1.11              	2.9739792985e+38
1.115             	2.8068713315e+38
1.12              	2.6323887928e+38
1.125             	2.4500822450e+38
1.13              	2.2778763535e+38
1.135             	2.1204461084e+38
1.14              	1.9776019117e+38
1.145             	1.8505235900e+38
1.15              	1.7361019069e+38
1.155             	1.6318010019e+38
1.16              	1.5358307103e+38
1.165             	1.4464404807e+38
1.17              	3.9879599083e+42
1.175             	2.4903890126e+42
1.18              	1.8696562346e+42
1.185             	1.5992645467e+42
1.19              	1.4425771741e+42
1.195             	1.3316152470e+42
1.2               	1.2458906261e+42
1.205             	1.1754073847e+42
1.21              	1.1071506163e+42
1.215             	1.0387753658e+42
1.22              	9.6712636014e+41
1.225             	8.9599640851e+41
1.23              	8.3055314208e+41
1.235             	7.7144423899e+41
1.24              	7.1900851197e+41
1.245             	6.7238623210e+41
1.25              	6.3032309243e+41
1.255             	5.9194019694e+41
1.26              	5.5661208357e+41
1.265             	4.0378744059e+46
1.27              	1.3006514641e+46
1.275             	8.3273965562e+45
1.28              	6.6557709585e+45
1.285             	5.7914718607e+45
1.29              	5.2220303997e+45
1.295             	4.7947201787e+45
1.3               	4.4652813435e+45
1.305             	4.1739304398e+45
1.31              	3.8942550076e+45
1.315             	3.6164948601e+45
1.32              	3.3395638860e+45
1.325             	3.0766228147e+45
1.33              	2.8406485654e+45
1.335             	2.6323782045e+45
1.34              	2.4501475628e+45
1.345             	2.2879909537e+45
1.35              	2.1416791780e+45
1.355             	2.0082591602e+45
1.36              	1.8844378727e+45
1.365             	8.4186469660e+49
1.37              	3.8894446103e+49
1.375             	2.7785804247e+49
1.38              	2.3072635045e+49
1.385             	2.0249693972e+49
1.39              	1.8258191286e+49
1.395             	1.6718250466e+49
1.4               	1.5512062919e+49
1.405             	1.4389873959e+49
1.41              	1.3346271668e+49
1.415             	1.2310503809e+49
1.42              	1.1317022996e+49
1.425             	1.0395117961e+49
1.43              	9.5786103613e+48
1.435             	8.8706023050e+48
1.44              	8.2503543045e+48
1.445             	7.6976261056e+48
1.45              	7.1986150582e+48
1.455             	6.7434427797e+48
1.46              	6.3135835778e+48
1.465             	2.2853598826e+53
1.47              	1.2388559927e+53
1.475             	9.4614484016e+52
1.48              	7.9475639179e+52
1.485             	6.9692399560e+52
1.49              	6.2580854475e+52
1.495             	5.7080499293e+52
1.5               	5.2479706018e+52
1.505             	4.8353130159e+52
1.51              	4.4513374520e+52
1.515             	4.0813041640e+52
1.52              	3.7365543204e+52
1.525             	3.4224763042e+52
1.53              	3.1490321463e+52
1.535             	2.9137856731e+52
1.54              	2.7073554849e+52
1.545             	2.5232716609e+52
1.55              	2.3570825301e+52
1.555             	2.2042314029e+52
1.56              	2.0588193481e+52
1.565             	6.6234156796e+56
1.57              	4.1794953525e+56
1.575             	3.2346018149e+56
1.58              	2.7061338400e+56
1.585             	2.3559676595e+56
1.59              	2.1000760525e+56
1.595             	1.8974214294e+56
1.6               	1.7274464160e+56
1.605             	1.5798506043e+56
1.61              	1.4420991539e+56
1.615             	1.3146049350e+56
1.62              	1.1986324244e+56
1.625             	1.0947275585e+56
1.63              	1.0060448351e+56
1.635             	9.2971514777e+55
1.64              	8.6268785736e+55
1.645             	8.0292402821e+55
1.65              	7.4897112600e+55
1.655             	6.9849363190e+55
1.66              	6.5081980392e+55
1.665             	2.2369343911e+60
1.67              	1.4280786901e+60
1.675             	1.0946869824e+60
1.68              	9.0526990212e+59
1.685             	7.7972561562e+59
1.69              	6.8613977746e+59
1.695             	6.1223120712e+59
1.7               	5.5239388962e+59
1.705             	5.0038623103e+59
1.71              	4.5316159530e+59
1.715             	4.1080142009e+59
1.72              	3.7303351493e+59
1.725             	3.3990859980e+59
1.73              	3.1192968221e+59
1.735             	2.8784806798e+59
1.74              	2.6672731220e+59
1.745             	2.4793815782e+59
1.75              	2.3066162267e+59
1.755             	2.1442402495e+59
1.76              	1.9927099550e+59
1.765             	5.5911825120e+63
1.77              	3.7716050875e+63
1.775             	2.9000661182e+63
1.78              	2.3802858068e+63
1.785             	2.0190328820e+63
1.79              	1.7426719739e+63
1.795             	1.5269319662e+63
1.8               	1.3547917076e+63
1.805             	1.2146887268e+63
1.81              	1.0983935736e+63
1.815             	9.9983135809e+62
1.82              	9.1557178717e+62
1.825             	8.4582901900e+62
1.83              	7.8684154395e+62
1.835             	7.3562260579e+62
1.84              	6.9027495909e+62
1.845             	6.4958370467e+62
1.85              	6.1270606471e+62
1.855             	5.7902303994e+62
1.86              	5.4806631755e+62
1.865             	5.1947220609e+62
1.87              	4.9293456406e+62
1.875             	4.6817109097e+62
1.88              	4.4449257219e+62
1.885             	4.2073185636e+62
1.89              	3.9740376414e+62
1.895             	3.7490678490e+62
1.9               	3.5347732372e+62
1.905             	3.3323686783e+62
1.91              	3.1422855535e+62
1.915             	2.9644418260e+62
1.92              	2.7991200703e+62
1.925             	2.6488161190e+62
1.93              	2.5124544480e+62
1.935             	2.3885793956e+62
1.94              	2.2758714708e+62
1.945             	2.1731460815e+62
1.95              	2.0793464736e+62
1.955             	1.9935338050e+62
1.96              	1.9143263006e+62
1.965             	1.8371693311e+62
1.97              	1.7615643907e+62
1.975             	1.6878315624e+62
1.98              	1.6161968386e+62
1.985             	1.5470101371e+62
1.99              	1.4816249432e+62
1.995             	1.4199754648e+62
2                 	1.3617416765e+62
