/*--------------------------------*- C++ -*----------------------------------*\
  =========                 |
  \\      /  F ield         | OpenFOAM: The Open Source CFD Toolbox
   \\    /   O peration     | Website:  https://openfoam.org
    \\  /    A nd           | Version:  8
     \\/     M anipulation  |
\*---------------------------------------------------------------------------*/
FoamFile
{
    version     2.0;
    format      ascii;
    class       volVectorField;
    location    "0";
    object      Us;
}
// * * * * * * * * * * * * * * * * * * * * * * * * * * * * * * * * * * * * * //

dimensions      [0 1 -1 0 0 0 0];

// Bed descent field, non-uniform: solved by utilities/solidUsPotential from
// constant/solidUsPotentialDict (mass-conservative through the Imbert throat
// and the per-zone reaction sinks). Do not hand-edit -- regenerate instead.
internalField   nonuniform List<vector>
460
(
(-6.1993739e-09 -0 -5.8681056e-05)
(-1.6121925e-08 -0 -5.8709452e-05)
(-1.9724237e-08 -0 -5.8754788e-05)
(-1.5803706e-08 -0 -5.8799458e-05)
(-6.0020203e-09 -0 -5.8826764e-05)
(6.0020203e-09 -0 -5.8826764e-05)
(1.5803706e-08 -0 -5.8799458e-05)
(1.9724237e-08 -0 -5.8754788e-05)
(1.6121925e-08 -0 -5.8709452e-05)
(6.1993739e-09 -0 -5.8681056e-05)
(-2.0844105e-08 -0 -5.8744249e-05)
(-5.409842e-08 -0 -5.8783035e-05)
(-6.599615e-08 -0 -5.8844339e-05)
(-5.2745497e-08 -0 -5.8904157e-05)
(-2.0003662e-08 -0 -5.894048e-05)
(2.0003662e-08 -0 -5.894048e-05)
(5.2745497e-08 -0 -5.8904157e-05)
(6.599615e-08 -0 -5.8844339e-05)
(5.409842e-08 -0 -5.8783035e-05)
(2.0844105e-08 -0 -5.8744249e-05)
(-4.3138627e-08 -0 -5.877226e-05)
(-1.1144597e-07 -0 -5.8836193e-05)
(-1.3507839e-07 -0 -5.8935238e-05)
(-1.0736636e-07 -0 -5.9030165e-05)
(-4.0595317e-08 -0 -5.9087141e-05)
(4.0595317e-08 -0 -5.9087141e-05)
(1.0736636e-07 -0 -5.9030165e-05)
(1.3507839e-07 -0 -5.8935238e-05)
(1.1144597e-07 -0 -5.8836193e-05)
(4.3138627e-08 -0 -5.877226e-05)
(-8.1732392e-08 -0 -5.8742283e-05)
(-2.0931499e-07 -0 -5.8857504e-05)
(-2.5073155e-07 -0 -5.9029871e-05)
(-1.9741492e-07 -0 -5.9190598e-05)
(-7.4265962e-08 -0 -5.928548e-05)
(7.4265962e-08 -0 -5.928548e-05)
(1.9741492e-07 -0 -5.9190598e-05)
(2.5073155e-07 -0 -5.9029871e-05)
(2.0931499e-07 -0 -5.8857504e-05)
(8.1732392e-08 -0 -5.8742283e-05)
(-1.5287236e-07 -0 -5.8607798e-05)
(-3.8533913e-07 -0 -5.8826981e-05)
(-4.5231051e-07 -0 -5.9135063e-05)
(-3.5080345e-07 -0 -5.9410752e-05)
(-1.3095971e-07 -0 -5.9569881e-05)
(1.3095971e-07 -0 -5.9569881e-05)
(3.5080345e-07 -0 -5.9410752e-05)
(4.5231051e-07 -0 -5.9135063e-05)
(3.8533913e-07 -0 -5.8826981e-05)
(1.5287236e-07 -0 -5.8607798e-05)
(-2.9047759e-07 -0 -5.8274508e-05)
(-7.1147248e-07 -0 -5.8715822e-05)
(-8.0670439e-07 -0 -5.9269638e-05)
(-6.1152682e-07 -0 -5.9736629e-05)
(-2.2581733e-07 -0 -5.9998616e-05)
(2.2581733e-07 -0 -5.9998616e-05)
(6.1152682e-07 -0 -5.9736629e-05)
(8.0670439e-07 -0 -5.9269638e-05)
(7.1147248e-07 -0 -5.8715822e-05)
(2.9047759e-07 -0 -5.8274508e-05)
(-5.731715e-07 -0 -5.8467051e-05)
(-1.3330825e-06 -0 -5.9079532e-05)
(-1.4245082e-06 -0 -5.9785048e-05)
(-1.0450683e-06 -0 -6.0359283e-05)
(-3.8047101e-07 -0 -6.067742e-05)
(3.8047101e-07 -0 -6.067742e-05)
(1.0450683e-06 -0 -6.0359283e-05)
(1.4245082e-06 -0 -5.9785048e-05)
(1.3330825e-06 -0 -5.9079532e-05)
(5.731715e-07 -0 -5.8467051e-05)
(-8.6765491e-07 9.1288347e-21 -6.5354573e-05)
(-1.9599186e-06 -9.1288347e-21 -6.4598195e-05)
(-2.026947e-06 4.6066299e-21 -6.4500459e-05)
(-1.4652625e-06 -2.2955579e-21 -6.4636601e-05)
(-5.3057928e-07 -2.311072e-21 -6.4765642e-05)
(5.3057928e-07 -2.311072e-21 -6.4765642e-05)
(1.4652625e-06 -2.2955579e-21 -6.4636601e-05)
(2.026947e-06 4.6066299e-21 -6.4500459e-05)
(1.9599186e-06 -9.1288347e-21 -6.4598195e-05)
(8.6765491e-07 9.1288347e-21 -6.5354573e-05)
(-4.6229082e-07 1.1292461e-20 -7.6924386e-05)
(-1.125988e-06 1.1312039e-20 -7.5592781e-05)
(-1.2681182e-06 -5.6813683e-21 -7.4421108e-05)
(-9.5746975e-07 2.8356153e-21 -7.3605687e-05)
(-3.5304868e-07 2.8457529e-21 -7.3192519e-05)
(3.5304868e-07 2.8457529e-21 -7.3192519e-05)
(9.5746975e-07 2.8356153e-21 -7.3605687e-05)
(1.2681182e-06 -5.6813683e-21 -7.4421108e-05)
(1.125988e-06 1.1312039e-20 -7.5592781e-05)
(4.6229082e-07 -3.3916539e-20 -7.6924386e-05)
(-1.7107816e-07 4.2533058e-20 -8.645946e-05)
(-4.3738797e-07 -2.8369465e-20 -8.5592727e-05)
(-5.2234847e-07 2.1289576e-20 -8.4546128e-05)
(-4.1015406e-07 -3.5479348e-21 -8.3672999e-05)
(-1.5411541e-07 -3.5522775e-21 -8.3186528e-05)
(1.5411541e-07 -3.5522775e-21 -8.3186528e-05)
(4.1015406e-07 -3.5479348e-21 -8.3672999e-05)
(5.2234847e-07 2.1289576e-20 -8.4546128e-05)
(4.3738797e-07 -2.8369465e-20 -8.5592727e-05)
(1.7107816e-07 -1.4172856e-20 -8.645946e-05)
(1.5509594e-07 5.421913e-20 -9.9348821e-05)
(3.6628465e-07 -1.8070854e-20 -9.850606e-05)
(3.9276049e-07 9.0273902e-21 -9.724038e-05)
(2.8335047e-07 -4.5151952e-21 -9.6086351e-05)
(1.0177869e-07 -4.5121951e-21 -9.54146e-05)
(-1.0177869e-07 -4.5121951e-21 -9.54146e-05)
(-2.8335047e-07 -4.5151952e-21 -9.6086351e-05)
(-3.9276049e-07 9.0273902e-21 -9.724038e-05)
(-3.6628465e-07 -1.8070854e-20 -9.850606e-05)
(-1.5509594e-07 -1.8077422e-20 -9.9348821e-05)
(8.5694943e-07 7.0744787e-20 -0.00011120121)
(1.9288828e-06 -2.3569498e-20 -0.0001116315)
(1.9812359e-06 1.1743349e-20 -0.00011135862)
(1.4226388e-06 -5.8792059e-21 -0.0001109143)
(5.1333629e-07 -5.8641431e-21 -0.00011061168)
(-5.1333629e-07 -5.8641431e-21 -0.00011061168)
(-1.4226388e-06 -5.8792059e-21 -0.0001109143)
(-1.9812359e-06 1.1743349e-20 -0.00011135862)
(-1.9288828e-06 -2.3569498e-20 -0.0001116315)
(-8.5694943e-07 -2.3605791e-20 -0.00011120121)
(1.2520593e-07 -0 -0.00011452609)
(3.3625704e-07 -0 -0.0001157271)
(4.2753742e-07 -0 -0.00011710967)
(3.5200841e-07 -0 -0.00011820332)
(1.3552211e-07 -0 -0.00011879351)
(-1.3552211e-07 -0 -0.00011879351)
(-3.5200841e-07 -0 -0.00011820332)
(-4.2753742e-07 -0 -0.00011710967)
(-3.3625704e-07 -0 -0.0001157271)
(-1.2520593e-07 -0 -0.00011452609)
(-5.4988415e-07 -8.7075716e-20 -0.00011169164)
(-1.0982451e-06 2.9033002e-20 -0.00011156561)
(-9.213259e-07 -1.4537884e-20 -0.00011080718)
(-5.5181166e-07 7.2660206e-21 -0.00011007737)
(-1.7884672e-07 7.2718632e-21 -0.00010966338)
(1.7884672e-07 7.2718632e-21 -0.00010966338)
(5.5181166e-07 7.2660206e-21 -0.00011007737)
(9.213259e-07 -1.4537884e-20 -0.00011080718)
(1.0982451e-06 2.9033002e-20 -0.00011156561)
(5.4988415e-07 2.9009713e-20 -0.00011169164)
(3.7129753e-07 -8.2563107e-20 -0.00010229084)
(9.9181641e-07 2.7515794e-20 -0.00010021091)
(1.2336688e-06 -1.3734334e-20 -9.7877243e-05)
(9.8463563e-07 6.8723795e-21 -9.609926e-05)
(3.7148574e-07 6.8619543e-21 -9.5173434e-05)
(-3.7148574e-07 6.8619543e-21 -9.5173434e-05)
(-9.8463563e-07 6.8723795e-21 -9.609926e-05)
(-1.2336688e-06 -1.3734334e-20 -9.7877243e-05)
(-9.9181641e-07 2.7515794e-20 -0.00010021091)
(-3.7129753e-07 2.7531519e-20 -0.00010229084)
(1.1581609e-06 -7.7808293e-20 -9.1153726e-05)
(2.7943528e-06 5.1780323e-20 -8.7755623e-05)
(3.0753003e-06 -3.8758301e-20 -8.4964532e-05)
(2.255627e-06 6.4608044e-21 -8.3259467e-05)
(8.1651865e-07 6.436922e-21 -8.2481224e-05)
(-8.1651865e-07 6.436922e-21 -8.2481224e-05)
(-2.255627e-06 6.4608044e-21 -8.3259467e-05)
(-3.0753003e-06 -3.8758301e-20 -8.4964532e-05)
(-2.7943528e-06 5.1780323e-20 -8.7755623e-05)
(-1.1581609e-06 2.5968798e-20 -9.1153726e-05)
(2.368116e-06 -0 -8.4191774e-05)
(5.1920689e-06 2.4408948e-20 -7.7599127e-05)
(5.0636205e-06 -2.4408948e-20 -7.4073892e-05)
(3.4445479e-06 -0 -7.248626e-05)
(1.2048802e-06 -0 -7.1882685e-05)
(-1.2048802e-06 -0 -7.1882685e-05)
(-3.4445479e-06 -0 -7.248626e-05)
(-5.0636205e-06 -2.4408948e-20 -7.4073892e-05)
(-5.1920689e-06 2.4408948e-20 -7.7599127e-05)
(-2.368116e-06 -0 -8.4191774e-05)
(4.6644144e-06 -2.330053e-20 -7.5649132e-05)
(8.9171486e-06 2.330053e-20 -6.4615016e-05)
(7.2284008e-06 -1.1479317e-20 -6.2664781e-05)
(4.4929162e-06 5.763444e-21 -6.2608521e-05)
(1.5172496e-06 5.7158734e-21 -6.2799662e-05)
(-1.5172496e-06 5.7158734e-21 -6.2799662e-05)
(-4.4929162e-06 5.763444e-21 -6.2608521e-05)
(-7.2284008e-06 -1.1479317e-20 -6.2664781e-05)
(-8.9171486e-06 2.330053e-20 -6.4615016e-05)
(-4.6644144e-06 -2.330053e-20 -7.5649132e-05)
(2.944347e-05 -0 -7.1040952e-05)
(1.4099177e-05 -0 -6.7852857e-05)
(8.2107174e-06 -0 -6.7221702e-05)
(4.5624906e-06 -0 -6.725284e-05)
(1.4831759e-06 -0 -6.7365494e-05)
(-1.4831759e-06 -0 -6.7365494e-05)
(-4.5624906e-06 -0 -6.725284e-05)
(-8.2107174e-06 -0 -6.7221702e-05)
(-1.4099177e-05 -0 -6.7852857e-05)
(-2.944347e-05 -0 -7.1040952e-05)
(1.5589895e-05 -0 -7.6272055e-05)
(1.1120295e-05 -0 -8.1100998e-05)
(7.218236e-06 -0 -8.2983883e-05)
(4.0907423e-06 -0 -8.3903153e-05)
(1.3305076e-06 -0 -8.4314931e-05)
(-1.3305076e-06 -0 -8.4314931e-05)
(-4.0907423e-06 -0 -8.3903153e-05)
(-7.218236e-06 -0 -8.2983883e-05)
(-1.1120295e-05 -0 -8.1100998e-05)
(-1.5589895e-05 -0 -7.6272055e-05)
(8.7827469e-06 -0 -9.3586335e-05)
(7.6110768e-06 -0 -9.7695742e-05)
(5.5019668e-06 -0 -9.9940594e-05)
(3.2758108e-06 -0 -0.0001011335)
(1.0851241e-06 -0 -0.00010166095)
(-1.0851241e-06 -0 -0.00010166095)
(-3.2758108e-06 -0 -0.0001011335)
(-5.5019668e-06 -0 -9.9940594e-05)
(-7.6110768e-06 -0 -9.7695742e-05)
(-8.7827469e-06 -0 -9.3586335e-05)
(5.1430155e-06 -0 -0.00011331924)
(4.9778445e-06 -0 -0.00011603281)
(3.8950707e-06 -0 -0.00011788029)
(2.4277352e-06 -0 -0.00011898568)
(8.2064185e-07 -0 -0.00011949983)
(-8.2064185e-07 -0 -0.00011949983)
(-2.4277352e-06 -0 -0.00011898568)
(-3.8950707e-06 -0 -0.00011788029)
(-4.9778445e-06 -0 -0.00011603281)
(-5.1430155e-06 -0 -0.00011331924)
(3.092106e-06 -0 -0.00013348174)
(3.2020611e-06 -0 -0.00013517918)
(2.647526e-06 -0 -0.00013651344)
(1.7102554e-06 -0 -0.00013739033)
(5.8810864e-07 -0 -0.00013781917)
(-5.8810864e-07 -0 -0.00013781917)
(-1.7102554e-06 -0 -0.00013739033)
(-2.647526e-06 -0 -0.00013651344)
(-3.2020611e-06 -0 -0.00013517918)
(-3.092106e-06 -0 -0.00013348174)
(1.8939213e-06 -0 -0.00015361272)
(2.0472067e-06 -0 -0.00015466493)
(1.7576263e-06 -0 -0.00015557397)
(1.1655323e-06 -0 -0.00015621367)
(4.0610128e-07 -0 -0.00015653922)
(-4.0610128e-07 -0 -0.00015653922)
(-1.1655323e-06 -0 -0.00015621367)
(-1.7576263e-06 -0 -0.00015557397)
(-2.0472067e-06 -0 -0.00015466493)
(-1.8939213e-06 -0 -0.00015361272)
(1.1753392e-06 -0 -0.00017363011)
(1.3061858e-06 -0 -0.00017428445)
(1.1504087e-06 -0 -0.00017488618)
(7.7717645e-07 -0 -0.00017533056)
(2.7340597e-07 -0 -0.00017556349)
(-2.7340597e-07 -0 -0.00017556349)
(-7.7717645e-07 -0 -0.00017533056)
(-1.1504087e-06 -0 -0.00017488618)
(-1.3061858e-06 -0 -0.00017428445)
(-1.1753392e-06 -0 -0.00017363011)
(7.3610306e-07 -0 -0.00019354382)
(8.3299876e-07 -0 -0.00019395314)
(7.4639093e-07 -0 -0.00019434544)
(5.1080127e-07 -0 -0.00019464502)
(1.8093053e-07 -0 -0.00019480543)
(-1.8093053e-07 -0 -0.00019480543)
(-5.1080127e-07 -0 -0.00019464502)
(-7.4639093e-07 -0 -0.00019434544)
(-8.3299876e-07 -0 -0.00019395314)
(-7.3610306e-07 -0 -0.00019354382)
(4.6393461e-07 -0 -0.00021338026)
(5.3128558e-07 -0 -0.00021363772)
(4.8158839e-07 -0 -0.00021389135)
(3.3252651e-07 -0 -0.00021408954)
(1.1834827e-07 -0 -0.00021419725)
(-1.1834827e-07 -0 -0.00021419725)
(-3.3252651e-07 -0 -0.00021408954)
(-4.8158839e-07 -0 -0.00021389135)
(-5.3128558e-07 -0 -0.00021363772)
(-4.6393461e-07 -0 -0.00021338026)
(2.9366705e-07 -0 -0.00023316323)
(3.3894742e-07 -0 -0.00023332588)
(3.0963661e-07 -0 -0.00023348907)
(2.1509938e-07 -0 -0.00023361859)
(7.6808117e-08 -0 -0.00023368972)
(-7.6808117e-08 -0 -0.00023368972)
(-2.1509938e-07 -0 -0.00023361859)
(-3.0963661e-07 -0 -0.00023348907)
(-3.3894742e-07 -0 -0.00023332588)
(-2.9366705e-07 -0 -0.00023316323)
(1.864442e-07 -0 -0.00025291046)
(2.1631056e-07 -0 -0.00025301355)
(1.9863531e-07 -0 -0.00025311823)
(1.3855797e-07 -0 -0.00025320222)
(4.9588295e-08 -0 -0.00025324867)
(-4.9588295e-08 -0 -0.00025324867)
(-1.3855797e-07 -0 -0.00025320222)
(-1.9863531e-07 -0 -0.00025311823)
(-2.1631056e-07 -0 -0.00025301355)
(-1.864442e-07 -0 -0.00025291046)
(1.1862299e-07 -0 -0.00027263424)
(1.3809868e-07 -0 -0.00027269972)
(1.2725641e-07 -0 -0.00027276675)
(8.9014843e-08 -0 -0.00027282091)
(3.1906265e-08 -0 -0.00027285101)
(-3.1906265e-08 -0 -0.00027285101)
(-8.9014843e-08 -0 -0.00027282091)
(-1.2725641e-07 -0 -0.00027276675)
(-1.3809868e-07 -0 -0.00027269972)
(-1.1862299e-07 -0 -0.00027263424)
(7.5603632e-08 -0 -0.00029234279)
(8.8217258e-08 -0 -0.00029238443)
(8.148064e-08 -0 -0.00029242729)
(5.7101884e-08 -0 -0.00029246209)
(2.0488706e-08 -0 -0.00029248149)
(-2.0488706e-08 -0 -0.00029248149)
(-5.7101884e-08 -0 -0.00029246209)
(-8.148064e-08 -0 -0.00029242729)
(-8.8217258e-08 -0 -0.00029238443)
(-7.5603632e-08 -0 -0.00029234279)
(4.8277513e-08 -0 -0.00031204153)
(5.6417562e-08 -0 -0.00031206801)
(5.2190465e-08 -0 -0.00031209537)
(3.6621314e-08 -0 -0.00031211765)
(1.3149281e-08 -0 -0.0003121301)
(-1.3149281e-08 -0 -0.0003121301)
(-3.6621313e-08 -0 -0.00031211765)
(-5.2190465e-08 -0 -0.00031209537)
(-5.6417562e-08 -0 -0.00031206801)
(-4.8277513e-08 -0 -0.00031204153)
(3.0923688e-08 -0 -0.00033173396)
(3.6174276e-08 -0 -0.00033175077)
(3.3498811e-08 -0 -0.00033176818)
(2.3525546e-08 -0 -0.00033178239)
(8.4510898e-09 -0 -0.00033179035)
(-8.4510898e-09 -0 -0.00033179035)
(-2.3525546e-08 -0 -0.00033178239)
(-3.3498811e-08 -0 -0.00033176818)
(-3.6174276e-08 -0 -0.00033175077)
(-3.0923688e-08 -0 -0.00033173396)
(1.9936576e-08 -0 -0.00035142237)
(2.3337448e-08 -0 -0.00035143298)
(2.1626545e-08 -0 -0.00035144399)
(1.5196558e-08 -0 -0.00035145298)
(5.4608049e-09 -0 -0.00035145802)
(-5.4608049e-09 -0 -0.00035145802)
(-1.5196558e-08 -0 -0.00035145298)
(-2.1626545e-08 -0 -0.00035144399)
(-2.3337448e-08 -0 -0.00035143298)
(-1.9936576e-08 -0 -0.00035142237)
(1.3045021e-08 -0 -0.00037110823)
(1.5277287e-08 -0 -0.00037111482)
(1.4164003e-08 -0 -0.00037112167)
(9.9566256e-09 -0 -0.00037112727)
(3.578637e-09 -0 -0.00037113041)
(-3.578637e-09 -0 -0.00037113041)
(-9.9566256e-09 -0 -0.00037112727)
(-1.4164003e-08 -0 -0.00037112167)
(-1.5277287e-08 -0 -0.00037111482)
(-1.3045021e-08 -0 -0.00037110823)
(8.8292735e-09 -0 -0.00039079249)
(1.0343358e-08 -0 -0.00039079643)
(9.5927173e-09 -0 -0.00039080051)
(6.7450089e-09 -0 -0.00039080386)
(2.4246678e-09 -0 -0.00039080573)
(-2.4246678e-09 -0 -0.00039080573)
(-6.7450089e-09 -0 -0.00039080386)
(-9.5927173e-09 -0 -0.00039080051)
(-1.0343358e-08 -0 -0.00039079643)
(-8.8292735e-09 -0 -0.00039079249)
(6.4227418e-09 -0 -0.00041047581)
(7.5256898e-09 -0 -0.00041047789)
(6.9810248e-09 -0 -0.00041048005)
(4.9094858e-09 -0 -0.00041048182)
(1.7650146e-09 -0 -0.00041048281)
(-1.7650146e-09 -0 -0.00041048281)
(-4.9094858e-09 -0 -0.00041048182)
(-6.9810248e-09 -0 -0.00041048005)
(-7.5256898e-09 -0 -0.00041047789)
(-6.4227418e-09 -0 -0.00041047581)
(5.3314086e-09 -0 -0.00043015863)
(6.247624e-09 -0 -0.00043015928)
(5.7961114e-09 -0 -0.00043015995)
(4.0765582e-09 -0 -0.0004301605)
(1.4656437e-09 -0 -0.00043016081)
(-1.4656438e-09 -0 -0.00043016081)
(-4.0765582e-09 -0 -0.0004301605)
(-5.7961114e-09 -0 -0.00043015995)
(-6.247624e-09 -0 -0.00043015928)
(-5.3314086e-09 -0 -0.00043015863)
(-2.9296821e-05 -0 -0.0012136007)
(-8.8211251e-06 -0 -0.0012255228)
(-1.3936041e-05 -0 -6.1106521e-05)
(-5.0084401e-06 -0 -5.579649e-05)
(-7.1444393e-06 -0 -8.7446768e-05)
(-2.6614891e-06 -0 -8.4374733e-05)
(-3.8980283e-06 -0 -0.00011041038)
(-1.4448799e-06 -0 -0.00010881925)
(-2.2311991e-06 -0 -0.00013195669)
(-8.1577498e-07 -0 -0.00013112273)
(-1.3223988e-06 -0 -0.00015275962)
(-4.7748893e-07 -0 -0.00015230405)
(-8.0310207e-07 -0 -0.00017313199)
(-2.873104e-07 -0 -0.00017287234)
(-4.9591684e-07 -0 -0.00019324442)
(-1.7629234e-07 -0 -0.00019309124)
(-3.096847e-07 -0 -0.00021319671)
(-1.0962552e-07 -0 -0.00021310403)
(-1.9484824e-07 -0 -0.00023304919)
(-6.8783263e-08 -0 -0.00023299211)
(-1.2321677e-07 -0 -0.00025283897)
(-4.3417493e-08 -0 -0.00025280339)
(-7.8191109e-08 -0 -0.00027258915)
(-2.7518969e-08 -0 -0.00027256681)
(-4.97489e-08 -0 -0.00029231426)
(-1.7495063e-08 -0 -0.00029230015)
(-3.1731493e-08 -0 -0.00031202344)
(-1.115311e-08 -0 -0.00031201451)
(-2.0309898e-08 -0 -0.0003317225)
(-7.1361311e-09 -0 -0.00033171685)
(-1.3087209e-08 -0 -0.00035141514)
(-4.5972883e-09 -0 -0.00035141158)
(-8.5603779e-09 -0 -0.00037110374)
(-3.0066304e-09 -0 -0.00037110153)
(-5.7925851e-09 -0 -0.00039078982)
(-2.0342937e-09 -0 -0.0003907885)
(-4.213097e-09 -0 -0.0004104744)
(-1.4794914e-09 -0 -0.00041047371)
(-3.496938e-09 -0 -0.00043015819)
(-1.2279565e-09 -0 -0.00043015797)
(8.8211251e-06 -0 -0.0012255228)
(2.9296821e-05 -0 -0.0012136007)
(5.0084401e-06 -0 -5.579649e-05)
(1.3936041e-05 -0 -6.1106521e-05)
(2.6614891e-06 -0 -8.4374733e-05)
(7.1444393e-06 -0 -8.7446768e-05)
(1.4448799e-06 -0 -0.00010881925)
(3.8980283e-06 -0 -0.00011041038)
(8.1577498e-07 -0 -0.00013112273)
(2.2311991e-06 -0 -0.00013195669)
(4.7748893e-07 -0 -0.00015230405)
(1.3223988e-06 -0 -0.00015275962)
(2.873104e-07 -0 -0.00017287234)
(8.0310207e-07 -0 -0.00017313199)
(1.7629234e-07 -0 -0.00019309124)
(4.9591684e-07 -0 -0.00019324442)
(1.0962552e-07 -0 -0.00021310403)
(3.096847e-07 -0 -0.00021319671)
(6.8783263e-08 -0 -0.00023299211)
(1.9484824e-07 -0 -0.00023304919)
(4.3417493e-08 -0 -0.00025280339)
(1.2321677e-07 -0 -0.00025283897)
(2.7518969e-08 -0 -0.00027256681)
(7.8191109e-08 -0 -0.00027258915)
(1.7495063e-08 -0 -0.00029230015)
(4.97489e-08 -0 -0.00029231426)
(1.115311e-08 -0 -0.00031201451)
(3.1731493e-08 -0 -0.00031202344)
(7.1361311e-09 -0 -0.00033171685)
(2.0309898e-08 -0 -0.0003317225)
(4.5972883e-09 -0 -0.00035141158)
(1.3087209e-08 -0 -0.00035141514)
(3.0066304e-09 -0 -0.00037110153)
(8.5603779e-09 -0 -0.00037110374)
(2.0342937e-09 -0 -0.0003907885)
(5.7925851e-09 -0 -0.00039078982)
(1.4794914e-09 -0 -0.00041047371)
(4.213097e-09 -0 -0.0004104744)
(1.2279565e-09 -0 -0.00043015797)
(3.496938e-09 -0 -0.00043015819)
)
;

boundaryField
{
    outlet
    {
        type            zeroGradient;
    }
    inlet
    {
        type            zeroGradient;
    }
    wall
    {
        type            zeroGradient;
    }
    nozzle
    {
        type            zeroGradient;
    }
    sides
    {
        type            empty;
    }
}


// ************************************************************************* //
