# Region          : all region0
# Cells           : 200
# Volume          : 2.0000000000e-07
# Time            	min(porosityF)
0.005             	9.7500131998e-01
0.01              	9.5000131998e-01
0.015             	9.2500131998e-01
0.02              	9.0000131998e-01
0.025             	8.7500131998e-01
0.03              	8.5000131998e-01
0.035             	8.2500131998e-01
0.04              	8.0000131998e-01
0.045             	7.7500131998e-01
0.05              	7.5000131998e-01
0.055             	7.2598141671e-01
0.06              	7.0426930225e-01
0.065             	6.8464327046e-01
0.07              	6.6690289215e-01
0.075             	6.5076265367e-01
0.08              	6.3538762067e-01
0.085             	6.2063758767e-01
0.09              	6.0651255467e-01
0.095             	5.9301252167e-01
0.1               	5.8018262042e-01
0.105             	5.6885554442e-01
0.11              	5.5912859885e-01
0.115             	5.5077573973e-01
0.12              	5.4360285538e-01
0.125             	5.3744325554e-01
0.13              	5.3215379756e-01
0.135             	5.2761156002e-01
0.14              	5.2371098609e-01
0.145             	5.2036143054e-01
0.15              	5.1748505322e-01
0.155             	5.1501501014e-01
0.16              	5.1289390010e-01
0.165             	5.1107243074e-01
0.17              	5.0950827303e-01
0.175             	5.0816507757e-01
0.18              	5.0701162993e-01
0.185             	5.0602112520e-01
0.19              	5.0517054508e-01
0.195             	5.0444012299e-01
0.2               	5.0381288469e-01
0.205             	5.0327425382e-01
0.21              	5.0281171317e-01
0.215             	5.0241451377e-01
0.22              	5.0207342513e-01
0.225             	5.0178052071e-01
0.23              	5.0152899371e-01
0.235             	5.0131299893e-01
0.24              	5.0112751685e-01
0.245             	5.0096823709e-01
0.25              	5.0083145813e-01
0.255             	5.0071400139e-01
0.26              	5.0061313729e-01
0.265             	5.0052652185e-01
0.27              	5.0045214223e-01
0.275             	5.0038826992e-01
0.28              	5.0033342059e-01
0.285             	5.0028631960e-01
0.29              	5.0024587239e-01
0.295             	5.0021113898e-01
0.3               	5.0018131223e-01
0.305             	5.0015569898e-01
0.31              	5.0013370401e-01
0.315             	5.0011481618e-01
0.32              	5.0009859656e-01
0.325             	5.0008466822e-01
0.33              	5.0007270749e-01
0.335             	5.0006243639e-01
0.34              	5.0005361625e-01
0.345             	5.0004604210e-01
0.35              	5.0003953792e-01
0.355             	5.0003395256e-01
0.36              	5.0002915622e-01
0.365             	5.0002503743e-01
0.37              	5.0002150050e-01
0.375             	5.0001846321e-01
0.38              	5.0001585499e-01
0.385             	5.0001361522e-01
0.39              	5.0001169185e-01
0.395             	5.0001004019e-01
0.4               	5.0000862185e-01
0.405             	5.0000740388e-01
0.41              	5.0000635796e-01
0.415             	5.0000545980e-01
0.42              	5.0000468851e-01
0.425             	5.0000402619e-01
0.43              	5.0000345742e-01
0.435             	5.0000296901e-01
0.44              	5.0000254959e-01
0.445             	5.0000218942e-01
0.45              	5.0000188013e-01
0.455             	5.0000161453e-01
0.46              	5.0000138645e-01
0.465             	5.0000119059e-01
0.47              	5.0000102240e-01
0.475             	5.0000087797e-01
0.48              	5.0000075394e-01
0.485             	5.0000064744e-01
0.49              	5.0000055598e-01
0.495             	5.0000047744e-01
0.5               	5.0000040999e-01
0.505             	5.0000035207e-01
0.51              	5.0000030234e-01
0.515             	5.0000025963e-01
0.52              	5.0000022295e-01
0.525             	5.0000019146e-01
0.53              	5.0000016441e-01
0.535             	5.0000014118e-01
0.54              	5.0000012124e-01
0.545             	5.0000010411e-01
0.55              	5.0000008940e-01
0.555             	5.0000007677e-01
0.56              	5.0000006593e-01
0.565             	5.0000005662e-01
0.57              	5.0000004862e-01
0.575             	5.0000004175e-01
0.58              	5.0000003585e-01
0.585             	5.0000003079e-01
0.59              	5.0000002644e-01
0.595             	5.0000002270e-01
0.6               	5.0000001950e-01
0.605             	5.0000001674e-01
0.61              	5.0000001438e-01
0.615             	5.0000001235e-01
0.62              	5.0000001060e-01
0.625             	5.0000000910e-01
0.63              	5.0000000782e-01
0.635             	5.0000000671e-01
0.64              	5.0000000577e-01
0.645             	5.0000000495e-01
0.65              	5.0000000425e-01
0.655             	5.0000000365e-01
0.66              	5.0000000314e-01
0.665             	5.0000000269e-01
0.67              	5.0000000231e-01
0.675             	5.0000000199e-01
0.68              	5.0000000170e-01
0.685             	5.0000000146e-01
0.69              	5.0000000126e-01
0.695             	5.0000000108e-01
0.7               	5.0000000093e-01
0.705             	5.0000000080e-01
0.71              	5.0000000068e-01
0.715             	5.0000000059e-01
0.72              	5.0000000050e-01
0.725             	5.0000000043e-01
0.73              	5.0000000037e-01
0.735             	5.0000000032e-01
0.74              	5.0000000027e-01
0.745             	5.0000000024e-01
0.75              	5.0000000020e-01
0.755             	5.0000000017e-01
0.76              	5.0000000015e-01
0.765             	5.0000000013e-01
0.77              	5.0000000011e-01
0.775             	5.0000000009e-01
0.78              	5.0000000008e-01
0.785             	5.0000000007e-01
0.79              	5.0000000006e-01
0.795             	5.0000000005e-01
0.8               	5.0000000004e-01
0.805             	5.0000000004e-01
0.81              	5.0000000003e-01
0.815             	5.0000000003e-01
0.82              	5.0000000002e-01
0.825             	5.0000000002e-01
0.83              	5.0000000002e-01
0.835             	5.0000000002e-01
0.84              	5.0000000001e-01
0.845             	5.0000000001e-01
0.85              	5.0000000001e-01
0.855             	5.0000000001e-01
0.86              	5.0000000001e-01
0.865             	5.0000000001e-01
0.87              	5.0000000001e-01
0.875             	5.0000000000e-01
0.88              	5.0000000000e-01
0.885             	5.0000000000e-01
0.89              	5.0000000000e-01
0.895             	5.0000000000e-01
0.9               	5.0000000000e-01
0.905             	5.0000000000e-01
0.91              	5.0000000000e-01
0.915             	5.0000000000e-01
0.92              	5.0000000000e-01
0.925             	5.0000000000e-01
0.93              	5.0000000000e-01
0.935             	5.0000000000e-01
0.94              	5.0000000000e-01
0.945             	5.0000000000e-01
0.95              	5.0000000000e-01
0.955             	5.0000000000e-01
0.96              	5.0000000000e-01
0.965             	5.0000000000e-01
0.97              	5.0000000000e-01
0.975             	5.0000000000e-01
0.98              	5.0000000000e-01
0.985             	5.0000000000e-01
0.99              	5.0000000000e-01
0.995             	5.0000000000e-01
1                 	5.0000000000e-01
1.005             	5.0000000000e-01
1.01              	5.0000000000e-01
1.015             	5.0000000000e-01
1.02              	5.0000000000e-01
1.025             	5.0000000000e-01
1.03              	5.0000000000e-01
1.035             	5.0000000000e-01
1.04              	5.0000000000e-01
1.045             	5.0000000000e-01
1.05              	5.0000000000e-01
1.055             	5.0000000000e-01
1.06              	5.0000000000e-01
1.065             	5.0000000000e-01
1.07              	5.0000000000e-01
1.075             	5.0000000000e-01
1.08              	5.0000000000e-01
1.085             	5.0000000000e-01
1.09              	5.0000000000e-01
1.095             	5.0000000000e-01
1.1               	5.0000000000e-01
1.105             	5.0000000000e-01
1.11              	5.0000000000e-01
1.115             	5.0000000000e-01
1.12              	5.0000000000e-01
1.125             	5.0000000000e-01
1.13              	5.0000000000e-01
1.135             	5.0000000000e-01
1.14              	5.0000000000e-01
1.145             	5.0000000000e-01
1.15              	5.0000000000e-01
1.155             	5.0000000000e-01
1.16              	5.0000000000e-01
1.165             	5.0000000000e-01
1.17              	5.0000000000e-01
1.175             	5.0000000000e-01
1.18              	5.0000000000e-01
1.185             	5.0000000000e-01
1.19              	5.0000000000e-01
1.195             	5.0000000000e-01
1.2               	5.0000000000e-01
1.205             	5.0000000000e-01
1.21              	5.0000000000e-01
1.215             	5.0000000000e-01
1.22              	5.0000000000e-01
1.225             	5.0000000000e-01
1.23              	5.0000000000e-01
1.235             	5.0000000000e-01
1.24              	5.0000000000e-01
1.245             	5.0000000000e-01
1.25              	5.0000000000e-01
1.255             	5.0000000000e-01
1.26              	5.0000000000e-01
1.265             	5.0000000000e-01
1.27              	5.0000000000e-01
1.275             	5.0000000000e-01
1.28              	5.0000000000e-01
1.285             	5.0000000000e-01
1.29              	5.0000000000e-01
1.295             	5.0000000000e-01
1.3               	5.0000000000e-01
1.305             	5.0000000000e-01
1.31              	5.0000000000e-01
1.315             	5.0000000000e-01
1.32              	5.0000000000e-01
1.325             	5.0000000000e-01
1.33              	5.0000000000e-01
1.335             	5.0000000000e-01
1.34              	5.0000000000e-01
1.345             	5.0000000000e-01
1.35              	5.0000000000e-01
1.355             	5.0000000000e-01
1.36              	5.0000000000e-01
1.365             	5.0000000000e-01
1.37              	5.0000000000e-01
1.375             	5.0000000000e-01
1.38              	5.0000000000e-01
1.385             	5.0000000000e-01
1.39              	5.0000000000e-01
1.395             	5.0000000000e-01
1.4               	5.0000000000e-01
1.405             	5.0000000000e-01
1.41              	5.0000000000e-01
1.415             	5.0000000000e-01
1.42              	5.0000000000e-01
1.425             	5.0000000000e-01
1.43              	5.0000000000e-01
1.435             	5.0000000000e-01
1.44              	5.0000000000e-01
1.445             	5.0000000000e-01
1.45              	5.0000000000e-01
1.455             	5.0000000000e-01
1.46              	5.0000000000e-01
1.465             	5.0000000000e-01
1.47              	5.0000000000e-01
1.475             	5.0000000000e-01
1.48              	5.0000000000e-01
1.485             	5.0000000000e-01
1.49              	5.0000000000e-01
1.495             	5.0000000000e-01
1.5               	5.0000000000e-01
1.505             	5.0000000000e-01
1.51              	5.0000000000e-01
1.515             	5.0000000000e-01
1.52              	5.0000000000e-01
1.525             	5.0000000000e-01
1.53              	5.0000000000e-01
1.535             	5.0000000000e-01
1.54              	5.0000000000e-01
1.545             	5.0000000000e-01
1.55              	5.0000000000e-01
1.555             	5.0000000000e-01
1.56              	5.0000000000e-01
1.565             	5.0000000000e-01
1.57              	5.0000000000e-01
1.575             	5.0000000000e-01
1.58              	5.0000000000e-01
1.585             	5.0000000000e-01
1.59              	5.0000000000e-01
1.595             	5.0000000000e-01
1.6               	5.0000000000e-01
1.605             	5.0000000000e-01
1.61              	5.0000000000e-01
1.615             	5.0000000000e-01
1.62              	5.0000000000e-01
1.625             	5.0000000000e-01
1.63              	5.0000000000e-01
1.635             	5.0000000000e-01
1.64              	5.0000000000e-01
1.645             	5.0000000000e-01
1.65              	5.0000000000e-01
1.655             	5.0000000000e-01
1.66              	5.0000000000e-01
1.665             	5.0000000000e-01
1.67              	5.0000000000e-01
1.675             	5.0000000000e-01
1.68              	5.0000000000e-01
1.685             	5.0000000000e-01
1.69              	5.0000000000e-01
1.695             	5.0000000000e-01
1.7               	5.0000000000e-01
1.705             	5.0000000000e-01
1.71              	5.0000000000e-01
1.715             	5.0000000000e-01
1.72              	5.0000000000e-01
1.725             	5.0000000000e-01
1.73              	5.0000000000e-01
1.735             	5.0000000000e-01
1.74              	5.0000000000e-01
1.745             	5.0000000000e-01
1.75              	5.0000000000e-01
1.755             	5.0000000000e-01
1.76              	5.0000000000e-01
1.765             	5.0000000000e-01
1.77              	5.0000000000e-01
1.775             	5.0000000000e-01
1.78              	5.0000000000e-01
1.785             	5.0000000000e-01
1.79              	5.0000000000e-01
1.795             	5.0000000000e-01
1.8               	5.0000000000e-01
1.805             	5.0000000000e-01
1.81              	5.0000000000e-01
1.815             	5.0000000000e-01
1.82              	5.0000000000e-01
1.825             	5.0000000000e-01
1.83              	5.0000000000e-01
1.835             	5.0000000000e-01
1.84              	5.0000000000e-01
1.845             	5.0000000000e-01
1.85              	5.0000000000e-01
1.855             	5.0000000000e-01
1.86              	5.0000000000e-01
1.865             	5.0000000000e-01
1.87              	5.0000000000e-01
1.875             	5.0000000000e-01
1.88              	5.0000000000e-01
1.885             	5.0000000000e-01
1.89              	5.0000000000e-01
1.895             	5.0000000000e-01
1.9               	5.0000000000e-01
1.905             	5.0000000000e-01
1.91              	5.0000000000e-01
1.915             	5.0000000000e-01
1.92              	5.0000000000e-01
1.925             	5.0000000000e-01
1.93              	5.0000000000e-01
1.935             	5.0000000000e-01
1.94              	5.0000000000e-01
1.945             	5.0000000000e-01
1.95              	5.0000000000e-01
1.955             	5.0000000000e-01
1.96              	5.0000000000e-01
1.965             	5.0000000000e-01
1.97              	5.0000000000e-01
1.975             	5.0000000000e-01
1.98              	5.0000000000e-01
1.985             	5.0000000000e-01
1.99              	5.0000000000e-01
1.995             	5.0000000000e-01
2                 	5.0000000000e-01
