# Region          : all region0
# Cells           : 200
# Volume          : 2.0000000000e-07
# Time            	max(Ts)
0.0001            	3.0000000000e+02
0.0002            	3.0000000000e+02
0.0003            	3.0000000000e+02
0.0004            	3.0000000000e+02
0.0005            	3.0000000000e+02
0.0006            	3.0000000000e+02
0.0007            	3.0000000000e+02
0.0008            	3.0000000000e+02
0.0009            	3.0000000000e+02
0.001             	3.0000000000e+02
0.0011            	3.0000000000e+02
0.0012            	3.0000000000e+02
0.0013            	3.0000000000e+02
0.0014            	3.0000000000e+02
0.0015            	3.0000000000e+02
0.0016            	3.0000000000e+02
0.0017            	3.0000000000e+02
0.0018            	3.0000000000e+02
0.0019            	3.0000000000e+02
0.002             	3.0000000000e+02
0.0021            	3.0000000000e+02
0.0022            	3.0000000000e+02
0.0023            	3.0000000000e+02
0.0024            	3.0000000000e+02
0.0025            	3.0000000000e+02
0.0026            	3.0000000000e+02
0.0027            	3.0000000000e+02
0.0028            	3.0000000000e+02
0.0029            	3.0000000000e+02
0.003             	3.0000000000e+02
0.0031            	3.0000000000e+02
0.0032            	3.0000000000e+02
0.0033            	3.0000000000e+02
0.0034            	3.0000000000e+02
0.0035            	3.0000000000e+02
0.0036            	3.0000000000e+02
0.0037            	3.0000000000e+02
0.0038            	3.0000000000e+02
0.0039            	3.0000000000e+02
0.004             	3.0000000000e+02
0.0041            	3.0000000000e+02
0.0042            	3.0000000000e+02
0.0043            	3.0000000000e+02
0.0044            	3.0000000000e+02
0.0045            	3.0000000000e+02
0.0046            	3.0000000000e+02
0.0047            	3.0000000000e+02
0.0048            	3.0000000000e+02
0.0049            	3.0000000000e+02
0.005             	3.0000000000e+02
0.0051            	3.0000000000e+02
0.0052            	3.0000000000e+02
0.0053            	3.0000000000e+02
0.0054            	3.0000000000e+02
0.0055            	3.0000000000e+02
0.0056            	3.0000000000e+02
0.0057            	3.0000000000e+02
0.0058            	3.0000000000e+02
0.0059            	3.0000000000e+02
0.006             	3.0000000000e+02
0.0061            	3.0000000000e+02
0.0062            	3.0000000000e+02
0.0063            	3.0000000000e+02
0.0064            	3.0000000000e+02
0.0065            	3.0000000000e+02
0.0066            	3.0000000000e+02
0.0067            	3.0000000000e+02
0.0068            	3.0000000000e+02
0.0069            	3.0000000000e+02
0.007             	3.0000000000e+02
0.0071            	3.0000000000e+02
0.0072            	3.0000000000e+02
0.0073            	3.0000000000e+02
0.0074            	3.0000000000e+02
0.0075            	3.0000000000e+02
0.0076            	3.0000000000e+02
0.0077            	3.0000000000e+02
0.0078            	3.0000000000e+02
0.0079            	3.0000000000e+02
0.008             	3.0000000000e+02
0.0081            	3.0000000000e+02
0.0082            	3.0000000000e+02
0.0083            	3.0000000000e+02
0.0084            	3.0000000000e+02
0.0085            	3.0000000000e+02
0.0086            	3.0000000000e+02
0.0087            	3.0000000000e+02
0.0088            	3.0000000000e+02
0.0089            	3.0000000000e+02
0.009             	3.0000000000e+02
0.0091            	3.0000000000e+02
0.0092            	3.0000000000e+02
0.0093            	3.0000000000e+02
0.0094            	3.0000000000e+02
0.0095            	3.0000000000e+02
0.0096            	3.0000000000e+02
0.0097            	3.0000000000e+02
0.0098            	3.0000000000e+02
0.0099            	3.0000000000e+02
0.01              	3.0000000000e+02
