# Probe 0 (0 0 1e-06)
# Probe 1 (0 0.00625 1e-06)
# Probe 2 (0 0.0122 1e-06)
# Time          0               1               2              
1.200048e-07    100000          100000          100000         
2.6401747e-07   100000          100000          100000         
4.3683268e-07   100000          100000          100000         
6.4421093e-07   100000          100000          100000         
8.9305451e-07   100000          100000          100000         
1.1916519e-06   100000          100000          100000         
1.5499046e-06   100000          100000          100000         
1.9797152e-06   100000          100000          100000         
2.4954879e-06   100000          100000          100000         
3.1142873e-06   100000          100000          100000         
3.85657e-06     100000          100000          100000         
4.7475749e-06   100000          100000          100000         
5.8165893e-06   100000          100000          100000         
7.0994066e-06   100000          100000          100000         
8.6387873e-06   100000          100000          100000         
1.0484898e-05   100000          100000          100000         
1.2698578e-05   100000          100000          100000         
1.5352614e-05   100000          100000          100000         
1.8539175e-05   100000          100000          100000         
