# Probe 0 (0 0 1e-06)
# Probe 1 (0 0.00625 1e-06)
# Probe 2 (0 0.0122 1e-06)
# Time          0               1               2              
1.200048e-07    304.99996       300             300            
2.6401747e-07   304.99991       300.00001       300            
4.3683268e-07   304.99985       300.00001       300            
6.4421093e-07   304.99978       300.00002       300            
8.9305451e-07   304.9997        300.00003       300            
1.1916519e-06   304.9996        300.00003       300            
1.5499046e-06   304.99948       300.00005       300            
1.9797152e-06   304.99934       300.00006       300            
2.4954879e-06   304.99916       300.00007       300            
3.1142873e-06   304.99896       300.00009       300            
3.85657e-06     304.99871       300.00011       300            
4.7475749e-06   304.99841       300.00014       300            
5.8165893e-06   304.99805       300.00017       300            
7.0994066e-06   304.99762       300.00021       300            
8.6387873e-06   304.99711       300.00025       300            
1.0484898e-05   304.99649       300.0003        300            
1.2698578e-05   304.99575       300.00037       300            
1.5352614e-05   304.99486       300.00045       300            
1.8539175e-05   304.9938        300.00054       300            
