# Probe 0 (0 0 1e-06)
# Probe 1 (0 0.00625 1e-06)
# Probe 2 (0 0.0122 1e-06)
# Time          0               1               2              
1.200048e-07    300             300             300            
2.6401747e-07   300             300             300            
4.3683268e-07   300             300             300            
6.4421093e-07   300             300             300            
8.9305451e-07   300             300             300            
1.1916519e-06   300             300             300            
1.5499046e-06   300             300             300            
1.9797152e-06   300             300             300            
2.4954879e-06   300             300             300            
3.1142873e-06   300             300             300            
3.85657e-06     300             300             300            
4.7475749e-06   300.00001       300             300            
5.8165893e-06   300.00001       300             300            
7.0994066e-06   300.00001       300             300            
8.6387873e-06   300.00001       300             300            
1.0484898e-05   300.00001       300             300            
1.2698578e-05   300.00001       300             300            
1.5352614e-05   300.00002       300             300            
1.8539175e-05   300.00002       300             300            
