# Probe 0 (0 0 1e-06)
# Probe 1 (0 0.00625 1e-06)
# Probe 2 (0 0.0122 1e-06)
# Time          0               1               2              
1.200048e-07    (0 0 0)         (0 0 0)         (0 0 0)        
2.6401747e-07   (0 0 0)         (0 0 0)         (0 0 0)        
4.3683268e-07   (6.5254427e-28 -1.8643571e-27 3.0597412e-27) (0 0 0)         (0 0 0)        
6.4421093e-07   (9.069913e-10 3.536318e-09 -2.7010675e-10) (0 0 0)         (0 0 0)        
8.9305451e-07   (9.0699124e-10 3.5363178e-09 -2.7010673e-10) (0 0 0)         (0 0 0)        
1.1916519e-06   (9.0699118e-10 3.5363176e-09 -2.7010671e-10) (0 0 0)         (0 0 0)        
1.5499046e-06   (9.0699112e-10 3.5363173e-09 -2.7010669e-10) (0 0 0)         (0 0 0)        
1.9797152e-06   (9.0699106e-10 3.5363171e-09 -2.7010668e-10) (0 0 0)         (0 0 0)        
2.4954879e-06   (9.06991e-10 3.5363169e-09 -2.7010666e-10) (0 0 0)         (0 0 0)        
3.1142873e-06   (9.0699094e-10 3.5363166e-09 -2.7010664e-10) (0 0 0)         (0 0 0)        
3.85657e-06     (9.0699088e-10 3.5363164e-09 -2.7010662e-10) (0 0 0)         (0 0 0)        
4.7475749e-06   (9.0699082e-10 3.5363162e-09 -2.7010661e-10) (0 0 0)         (0 0 0)        
5.8165893e-06   (9.0699076e-10 3.5363159e-09 -2.7010659e-10) (0 0 0)         (0 0 0)        
7.0994066e-06   (9.069907e-10 3.5363157e-09 -2.7010657e-10) (0 0 0)         (0 0 0)        
8.6387873e-06   (9.0699064e-10 3.5363154e-09 -2.7010655e-10) (0 0 0)         (0 0 0)        
1.0484898e-05   (9.0699058e-10 3.5363152e-09 -2.7010653e-10) (0 0 0)         (0 0 0)        
1.2698578e-05   (9.0699052e-10 3.536315e-09 -2.7010652e-10) (0 0 0)         (0 0 0)        
1.5352614e-05   (9.0699046e-10 3.5363147e-09 -2.701065e-10) (0 0 0)         (0 0 0)        
1.8539175e-05   (9.069904e-10 3.5363145e-09 -2.7010648e-10) (0 0 0)         (0 0 0)        
