/*--------------------------------*- C++ -*----------------------------------*\
| =========                 |                                                 |
| \\      /  F ield         | OpenFOAM: The Open Source CFD Toolbox           |
|  \\    /   O peration     | Version:  2406                                  |
|   \\  /    A nd           | Website:  www.openfoam.com                      |
|    \\/     M anipulation  |                                                 |
\*---------------------------------------------------------------------------*/
FoamFile
{
    version     2.0;
    format      ascii;
    arch        "LSB;label=32;scalar=64";
    class       labelList;
    location    "constant/polyMesh";
    object      pointProcAddressing;
}
// * * * * * * * * * * * * * * * * * * * * * * * * * * * * * * * * * * * * * //


5772
(
0
1
2
3
4
9
10
11
12
13
18
19
20
21
22
27
28
29
30
31
36
37
38
39
40
81
82
83
84
85
90
91
92
93
94
99
100
101
102
103
108
109
110
111
112
117
118
119
120
121
162
163
164
165
166
171
172
173
174
175
180
181
182
183
184
189
190
191
192
193
198
199
200
201
202
243
244
245
246
247
252
253
254
255
256
261
262
263
264
265
270
271
272
273
274
279
280
281
282
283
324
325
326
327
328
333
334
335
336
337
342
343
344
345
346
351
352
353
354
355
360
361
362
363
364
405
406
407
408
409
414
415
416
417
418
423
424
425
426
427
432
433
434
435
436
441
442
443
444
445
486
487
488
489
490
495
496
497
498
499
504
505
506
507
508
513
514
515
516
517
522
523
524
525
526
567
568
569
570
571
576
577
578
579
580
585
586
587
588
589
594
595
596
597
598
603
604
605
606
607
648
649
650
651
652
657
658
659
660
661
666
667
668
669
670
675
676
677
678
679
684
685
686
687
688
729
730
731
732
733
738
739
740
741
742
747
748
749
750
751
756
757
758
759
760
765
766
767
768
769
810
811
812
813
814
819
820
821
822
823
828
829
830
831
832
837
838
839
840
841
846
847
848
849
850
891
892
893
894
895
900
901
902
903
904
909
910
911
912
913
918
919
920
921
922
927
928
929
930
931
972
973
974
975
976
981
982
983
984
985
990
991
992
993
994
999
1000
1001
1002
1003
1008
1009
1010
1011
1012
1053
1054
1055
1056
1057
1062
1063
1064
1065
1066
1071
1072
1073
1074
1075
1080
1081
1082
1083
1084
1089
1090
1091
1092
1093
1134
1135
1136
1137
1138
1143
1144
1145
1146
1147
1152
1153
1154
1155
1156
1161
1162
1163
1164
1165
1170
1171
1172
1173
1174
1215
1216
1217
1218
1219
1224
1225
1226
1227
1228
1233
1234
1235
1236
1237
1242
1243
1244
1245
1246
1251
1252
1253
1254
1255
1296
1297
1298
1299
1300
1305
1306
1307
1308
1309
1314
1315
1316
1317
1318
1323
1324
1325
1326
1327
1332
1333
1334
1335
1336
1377
1378
1379
1380
1381
1386
1387
1388
1389
1390
1395
1396
1397
1398
1399
1404
1405
1406
1407
1408
1413
1414
1415
1416
1417
1458
1459
1460
1461
1462
1467
1468
1469
1470
1471
1476
1477
1478
1479
1480
1485
1486
1487
1488
1489
1494
1495
1496
1497
1498
1539
1540
1541
1542
1543
1548
1549
1550
1551
1552
1557
1558
1559
1560
1561
1566
1567
1568
1569
1570
1575
1576
1577
1578
1579
1620
1621
1622
1623
1624
1629
1630
1631
1632
1633
1638
1639
1640
1641
1642
1647
1648
1649
1650
1651
1656
1657
1658
1659
1660
1701
1702
1703
1704
1705
1710
1711
1712
1713
1714
1719
1720
1721
1722
1723
1728
1729
1730
1731
1732
1737
1738
1739
1740
1741
1782
1783
1784
1785
1786
1791
1792
1793
1794
1795
1800
1801
1802
1803
1804
1809
1810
1811
1812
1813
1818
1819
1820
1821
1822
1863
1864
1865
1866
1867
1872
1873
1874
1875
1876
1881
1882
1883
1884
1885
1890
1891
1892
1893
1894
1899
1900
1901
1902
1903
1944
1945
1946
1947
1948
1953
1954
1955
1956
1957
1962
1963
1964
1965
1966
1971
1972
1973
1974
1975
1980
1981
1982
1983
1984
2025
2026
2027
2028
2029
2034
2035
2036
2037
2038
2043
2044
2045
2046
2047
2052
2053
2054
2055
2056
2061
2062
2063
2064
2065
2106
2107
2108
2109
2110
2115
2116
2117
2118
2119
2124
2125
2126
2127
2128
2133
2134
2135
2136
2137
2142
2143
2144
2145
2146
2187
2188
2189
2190
2191
2196
2197
2198
2199
2200
2205
2206
2207
2208
2209
2214
2215
2216
2217
2218
2223
2224
2225
2226
2227
2268
2269
2270
2271
2272
2277
2278
2279
2280
2281
2286
2287
2288
2289
2290
2295
2296
2297
2298
2299
2304
2305
2306
2307
2308
2349
2350
2351
2352
2353
2358
2359
2360
2361
2362
2367
2368
2369
2370
2371
2376
2377
2378
2379
2380
2385
2386
2387
2388
2389
2430
2431
2432
2433
2434
2439
2440
2441
2442
2443
2448
2449
2450
2451
2452
2457
2458
2459
2460
2461
2466
2467
2468
2469
2470
2511
2512
2513
2514
2515
2520
2521
2522
2523
2524
2529
2530
2531
2532
2533
2538
2539
2540
2541
2542
2547
2548
2549
2550
2551
2592
2593
2594
2595
2596
2601
2602
2603
2604
2605
2610
2611
2612
2613
2614
2619
2620
2621
2622
2623
2628
2629
2630
2631
2632
2673
2674
2675
2676
2677
2682
2683
2684
2685
2686
2691
2692
2693
2694
2695
2700
2701
2702
2703
2704
2709
2710
2711
2712
2713
2754
2755
2756
2757
2758
2763
2764
2765
2766
2767
2772
2773
2774
2775
2776
2781
2782
2783
2784
2785
2790
2791
2792
2793
2794
2835
2836
2837
2838
2839
2844
2845
2846
2847
2848
2853
2854
2855
2856
2857
2862
2863
2864
2865
2866
2871
2872
2873
2874
2875
2916
2917
2918
2919
2920
2925
2926
2927
2928
2929
2934
2935
2936
2937
2938
2943
2944
2945
2946
2947
2952
2953
2954
2955
2956
2997
2998
2999
3000
3001
3006
3007
3008
3009
3010
3015
3016
3017
3018
3019
3024
3025
3026
3027
3028
3033
3034
3035
3036
3037
3078
3079
3080
3081
3082
3087
3088
3089
3090
3091
3096
3097
3098
3099
3100
3105
3106
3107
3108
3109
3114
3115
3116
3117
3118
3159
3160
3161
3162
3163
3168
3169
3170
3171
3172
3177
3178
3179
3180
3181
3186
3187
3188
3189
3190
3195
3196
3197
3198
3199
3240
3241
3242
3243
3244
3249
3250
3251
3252
3253
3258
3259
3260
3261
3262
3267
3268
3269
3270
3271
3276
3277
3278
3279
3280
5421
5422
5423
5424
5425
5426
5427
5428
5429
5430
5431
5432
5433
5434
5435
5445
5446
5447
5448
5449
5450
5451
5452
5453
5454
5455
5456
5457
5458
5459
5469
5470
5471
5472
5473
5474
5475
5476
5477
5478
5479
5480
5481
5482
5483
5493
5494
5495
5496
5497
5498
5499
5500
5501
5502
5503
5504
5505
5506
5507
5517
5518
5519
5520
5521
5522
5523
5524
5525
5526
5527
5528
5529
5530
5531
5541
5542
5543
5544
5545
5546
5547
5548
5549
5550
5551
5552
5553
5554
5555
5565
5566
5567
5568
5569
5570
5571
5572
5573
5574
5575
5576
5577
5578
5579
5589
5590
5591
5592
5593
5594
5595
5596
5597
5598
5599
5600
5601
5602
5603
5613
5614
5615
5616
5617
5618
5619
5620
5621
5622
5623
5624
5625
5626
5627
5637
5638
5639
5640
5641
5642
5643
5644
5645
5646
5647
5648
5649
5650
5651
5661
5662
5663
5664
5665
5666
5667
5668
5669
5670
5671
5672
5673
5674
5675
5685
5686
5687
5688
5689
5690
5691
5692
5693
5694
5695
5696
5697
5698
5699
5709
5710
5711
5712
5713
5714
5715
5716
5717
5718
5719
5720
5721
5722
5723
5733
5734
5735
5736
5737
5738
5739
5740
5741
5742
5743
5744
5745
5746
5747
5757
5758
5759
5760
5761
5762
5763
5764
5765
5766
5767
5768
5769
5770
5771
5781
5782
5783
5784
5785
5786
5787
5788
5789
5790
5791
5792
5793
5794
5795
5805
5806
5807
5808
5809
5810
5811
5812
5813
5814
5815
5816
5817
5818
5819
5829
5830
5831
5832
5833
5834
5835
5836
5837
5838
5839
5840
5841
5842
5843
5853
5854
5855
5856
5857
5858
5859
5860
5861
5862
5863
5864
5865
5866
5867
5877
5878
5879
5880
5881
5882
5883
5884
5885
5886
5887
5888
5889
5890
5891
5901
5902
5903
5904
5905
5906
5907
5908
5909
5910
5911
5912
5913
5914
5915
5925
5926
5927
5928
5929
5930
5931
5932
5933
5934
5935
5936
5937
5938
5939
5949
5950
5951
5952
5953
5954
5955
5956
5957
5958
5959
5960
5961
5962
5963
5973
5974
5975
5976
5977
5978
5979
5980
5981
5982
5983
5984
5985
5986
5987
5997
5998
5999
6000
6001
6002
6003
6004
6005
6006
6007
6008
6009
6010
6011
6021
6022
6023
6024
6025
6026
6027
6028
6029
6030
6031
6032
6033
6034
6035
6045
6046
6047
6048
6049
6050
6051
6052
6053
6054
6055
6056
6057
6058
6059
6069
6070
6071
6072
6073
6074
6075
6076
6077
6078
6079
6080
6081
6082
6083
6093
6094
6095
6096
6097
6098
6099
6100
6101
6102
6103
6104
6105
6106
6107
6117
6118
6119
6120
6121
6122
6123
6124
6125
6126
6127
6128
6129
6130
6131
6141
6142
6143
6144
6145
6146
6147
6148
6149
6150
6151
6152
6153
6154
6155
6165
6166
6167
6168
6169
6170
6171
6172
6173
6174
6175
6176
6177
6178
6179
6189
6190
6191
6192
6193
6194
6195
6196
6197
6198
6199
6200
6201
6202
6203
6213
6214
6215
6216
6217
6218
6219
6220
6221
6222
6223
6224
6225
6226
6227
6237
6238
6239
6240
6241
6242
6243
6244
6245
6246
6247
6248
6249
6250
6251
6261
6262
6263
6264
6265
6266
6267
6268
6269
6270
6271
6272
6273
6274
6275
6285
6286
6287
6288
6289
6290
6291
6292
6293
6294
6295
6296
6297
6298
6299
6309
6310
6311
6312
6313
6314
6315
6316
6317
6318
6319
6320
6321
6322
6323
6333
6334
6335
6336
6337
6338
6339
6340
6341
6342
6343
6344
6345
6346
6347
6357
6358
6359
6360
6361
6362
6363
6364
6365
6366
6367
6368
6369
6370
6371
6381
6382
6383
6384
6385
6386
6387
6388
6389
6390
6391
6392
6393
6394
6395
6396
6397
6398
6399
6400
6401
6402
6403
6404
6405
6406
6407
6417
6418
6419
6420
6421
6422
6423
6424
6425
6426
6427
6428
6438
6439
6440
6441
6442
6443
6444
6445
6446
6447
6448
6449
6459
6460
6461
6462
6463
6464
6465
6466
6467
6468
6469
6470
6480
6481
6482
6483
6484
6485
6486
6487
6488
6489
6490
6491
6501
6502
6503
6504
6505
6506
6507
6508
6509
6510
6511
6512
6522
6523
6524
6525
6526
6527
6528
6529
6530
6531
6532
6533
6543
6544
6545
6546
6547
6548
6549
6550
6551
6552
6553
6554
6564
6565
6566
6567
6568
6569
6570
6571
6572
6573
6574
6575
6585
6586
6587
6588
6589
6590
6591
6592
6593
6594
6595
6596
6606
6607
6608
6609
6610
6611
6612
6613
6614
6615
6616
6617
6627
6628
6629
6630
6631
6632
6633
6634
6635
6636
6637
6638
6648
6649
6650
6651
6652
6653
6654
6655
6656
6657
6658
6659
6669
6670
6671
6672
6673
6674
6675
6676
6677
6678
6679
6680
6690
6691
6692
6693
6694
6695
6696
6697
6698
6699
6700
6701
6711
6712
6713
6714
6715
6716
6717
6718
6719
6720
6721
6722
6732
6733
6734
6735
6736
6737
6738
6739
6740
6741
6742
6743
6753
6754
6755
6756
6757
6758
6759
6760
6761
6762
6763
6764
6774
6775
6776
6777
6778
6779
6780
6781
6782
6783
6784
6785
6795
6796
6797
6798
6799
6800
6801
6802
6803
6804
6805
6806
6816
6817
6818
6819
6820
6821
6822
6823
6824
6825
6826
6827
6837
6838
6839
6840
6841
6842
6843
6844
6845
6846
6847
6848
6858
6859
6860
6861
6862
6863
6864
6865
6866
6867
6868
6869
6879
6880
6881
6882
6883
6884
6885
6886
6887
6888
6889
6890
6900
6901
6902
6903
6904
6905
6906
6907
6908
6909
6910
6911
6921
6922
6923
6924
6925
6926
6927
6928
6929
6930
6931
6932
6942
6943
6944
6945
6946
6947
6948
6949
6950
6951
6952
6953
6963
6964
6965
6966
6967
6968
6969
6970
6971
6972
6973
6974
6984
6985
6986
6987
6988
6989
6990
6991
6992
6993
6994
6995
7005
7006
7007
7008
7009
7010
7011
7012
7013
7014
7015
7016
7026
7027
7028
7029
7030
7031
7032
7033
7034
7035
7036
7037
7047
7048
7049
7050
7051
7052
7053
7054
7055
7056
7057
7058
7068
7069
7070
7071
7072
7073
7074
7075
7076
7077
7078
7079
7089
7090
7091
7092
7093
7094
7095
7096
7097
7098
7099
7100
7110
7111
7112
7113
7114
7115
7116
7117
7118
7119
7120
7121
7131
7132
7133
7134
7135
7136
7137
7138
7139
7140
7141
7142
7152
7153
7154
7155
7156
7157
7158
7159
7160
7161
7162
7163
7173
7174
7175
7176
7177
7178
7179
7180
7181
7182
7183
7184
7194
7195
7196
7197
7198
7199
7200
7201
7202
7203
7204
7205
7215
7216
7217
7218
7219
7220
7221
7222
7223
7224
7225
7226
7236
7237
7238
7239
7240
7241
7242
7243
7244
7245
7246
7247
7257
7258
7259
7260
7265
7266
7267
7268
7273
7274
7275
7276
7281
7282
7283
7284
7321
7322
7323
7324
7329
7330
7331
7332
7337
7338
7339
7340
7345
7346
7347
7348
7385
7386
7387
7388
7393
7394
7395
7396
7401
7402
7403
7404
7409
7410
7411
7412
7449
7450
7451
7452
7457
7458
7459
7460
7465
7466
7467
7468
7473
7474
7475
7476
7513
7514
7515
7516
7521
7522
7523
7524
7529
7530
7531
7532
7537
7538
7539
7540
7577
7578
7579
7580
7585
7586
7587
7588
7593
7594
7595
7596
7601
7602
7603
7604
7641
7642
7643
7644
7649
7650
7651
7652
7657
7658
7659
7660
7665
7666
7667
7668
7705
7706
7707
7708
7713
7714
7715
7716
7721
7722
7723
7724
7729
7730
7731
7732
7769
7770
7771
7772
7777
7778
7779
7780
7785
7786
7787
7788
7793
7794
7795
7796
7833
7834
7835
7836
7837
7838
7839
7840
7841
7842
7843
7844
7846
7847
7859
7860
7861
7862
7863
7864
7865
7866
7867
7868
7869
7870
7872
7873
7885
7886
7887
7888
7889
7890
7891
7892
7893
7894
7895
7896
7898
7899
7911
7912
7913
7914
7915
7916
7917
7918
7919
7920
7921
7922
7924
7925
7937
7939
7940
7942
7943
7945
7946
7948
7951
8058
8059
8060
8061
8062
8063
8064
8065
8066
8067
8068
8069
8071
8072
8084
8085
8086
8087
8088
8089
8090
8091
8092
8093
8094
8095
8097
8098
8110
8111
8112
8113
8114
8115
8116
8117
8118
8119
8120
8121
8123
8124
8136
8137
8138
8139
8140
8141
8142
8143
8144
8145
8146
8147
8149
8150
8162
8164
8165
8167
8168
8170
8171
8173
8176
8283
8284
8285
8286
8287
8288
8289
8290
8291
8292
8293
8294
8296
8297
8309
8310
8311
8312
8313
8314
8315
8316
8317
8318
8319
8320
8322
8323
8335
8336
8337
8338
8339
8340
8341
8342
8343
8344
8345
8346
8348
8349
8361
8362
8363
8364
8365
8366
8367
8368
8369
8370
8371
8372
8374
8375
8387
8389
8390
8392
8393
8395
8396
8398
8401
8508
8509
8510
8511
8512
8513
8514
8515
8516
8517
8518
8519
8521
8522
8534
8535
8536
8537
8538
8539
8540
8541
8542
8543
8544
8545
8547
8548
8560
8561
8562
8563
8564
8565
8566
8567
8568
8569
8570
8571
8573
8574
8586
8587
8588
8589
8590
8591
8592
8593
8594
8595
8596
8597
8599
8600
8612
8614
8615
8617
8618
8620
8621
8623
8626
8733
8734
8735
8736
8737
8738
8739
8740
8741
8742
8743
8744
8746
8747
8759
8760
8761
8762
8763
8764
8765
8766
8767
8768
8769
8770
8772
8773
8785
8786
8787
8788
8789
8790
8791
8792
8793
8794
8795
8796
8798
8799
8811
8812
8813
8814
8815
8816
8817
8818
8819
8820
8821
8822
8824
8825
8837
8839
8840
8842
8843
8845
8846
8848
8851
8958
8959
8960
8961
8962
8963
8964
8965
8966
8967
8968
8969
8971
8972
8984
8985
8986
8987
8988
8989
8990
8991
8992
8993
8994
8995
8997
8998
9010
9011
9012
9013
9014
9015
9016
9017
9018
9019
9020
9021
9023
9024
9036
9037
9038
9039
9040
9041
9042
9043
9044
9045
9046
9047
9049
9050
9062
9064
9065
9067
9068
9070
9071
9073
9076
9183
9184
9185
9186
9187
9188
9189
9190
9191
9192
9193
9194
9196
9197
9209
9210
9211
9212
9213
9214
9215
9216
9217
9218
9219
9220
9222
9223
9235
9236
9237
9238
9239
9240
9241
9242
9243
9244
9245
9246
9248
9249
9261
9262
9263
9264
9265
9266
9267
9268
9269
9270
9271
9272
9274
9275
9287
9289
9290
9292
9293
9295
9296
9298
9301
9408
9409
9410
9411
9412
9413
9414
9415
9416
9417
9418
9419
9421
9422
9434
9435
9436
9437
9438
9439
9440
9441
9442
9443
9444
9445
9447
9448
9460
9461
9462
9463
9464
9465
9466
9467
9468
9469
9470
9471
9473
9474
9486
9487
9488
9489
9490
9491
9492
9493
9494
9495
9496
9497
9499
9500
9512
9514
9515
9517
9518
9520
9521
9523
9526
9633
9634
9635
9636
9637
9638
9639
9640
9641
9642
9643
9644
9646
9647
9659
9660
9661
9662
9663
9664
9665
9666
9667
9668
9669
9670
9672
9673
9685
9686
9687
9688
9689
9690
9691
9692
9693
9694
9695
9696
9698
9699
9711
9712
9713
9714
9715
9716
9717
9718
9719
9720
9721
9722
9724
9725
9737
9739
9740
9742
9743
9745
9746
9748
9751
9858
9859
9860
9861
9862
9863
9864
9865
9867
9875
9876
9877
9878
9879
9880
9881
9882
9884
9892
9893
9894
9895
9896
9897
9898
9899
9901
9909
9910
9911
9912
9913
9914
9915
9916
9918
9926
9928
9930
9932
10002
10003
10004
10005
10010
10011
10012
10013
10018
10019
10020
10021
10026
10027
10028
10029
10066
10067
10068
10069
10070
10071
10072
10073
10074
10075
10076
10077
10078
10079
10080
10081
10082
10099
10100
10101
10102
10103
10104
10105
10106
10107
10108
10109
10110
10111
10124
10125
10126
10127
10128
10129
10130
10131
10132
10133
10134
10135
10136
10149
10150
10151
10152
10153
10154
10155
10156
10157
10158
10159
10160
10161
10274
10275
10276
10277
10278
10279
10280
10281
10282
10283
10284
10285
10286
10287
10288
10289
10290
10307
10308
10309
10310
10311
10312
10313
10314
10315
10316
10317
10318
10319
10332
10333
10334
10335
10336
10337
10338
10339
10340
10341
10342
10343
10344
10357
10358
10359
10360
10361
10362
10363
10364
10365
10366
10367
10368
10369
10482
10483
10484
10485
10486
10487
10488
10489
10490
10491
10492
10493
10494
10495
10496
10497
10498
10515
10516
10517
10518
10519
10520
10521
10522
10523
10524
10525
10526
10527
10540
10541
10542
10543
10544
10545
10546
10547
10548
10549
10550
10551
10552
10565
10566
10567
10568
10569
10570
10571
10572
10573
10574
10575
10576
10577
10690
10691
10692
10693
10694
10695
10696
10697
10698
10699
10700
10701
10702
10703
10704
10705
10706
10723
10724
10725
10726
10727
10728
10729
10730
10731
10732
10733
10734
10735
10748
10749
10750
10751
10752
10753
10754
10755
10756
10757
10758
10759
10760
10773
10774
10775
10776
10777
10778
10779
10780
10781
10782
10783
10784
10785
10898
10899
10900
10901
10902
10903
10904
10905
10906
10907
10908
10909
10910
10911
10912
10913
10914
10931
10932
10933
10934
10935
10936
10937
10938
10939
10940
10941
10942
10943
10956
10957
10958
10959
10960
10961
10962
10963
10964
10965
10966
10967
10968
10981
10982
10983
10984
10985
10986
10987
10988
10989
10990
10991
10992
10993
11106
11107
11108
11109
11110
11111
11112
11113
11114
11115
11116
11117
11118
11119
11120
11121
11122
11139
11140
11141
11142
11143
11144
11145
11146
11147
11148
11149
11150
11151
11164
11165
11166
11167
11168
11169
11170
11171
11172
11173
11174
11175
11176
11189
11190
11191
11192
11193
11194
11195
11196
11197
11198
11199
11200
11201
11314
11315
11316
11317
11318
11319
11320
11321
11322
11323
11324
11325
11326
11327
11328
11329
11330
11347
11348
11349
11350
11351
11352
11353
11354
11355
11356
11357
11358
11359
11372
11373
11374
11375
11376
11377
11378
11379
11380
11381
11382
11383
11384
11397
11398
11399
11400
11401
11402
11403
11404
11405
11406
11407
11408
11409
11522
11523
11524
11525
11526
11527
11528
11529
11530
11531
11532
11533
11534
11535
11536
11537
11538
11555
11556
11557
11558
11559
11560
11561
11562
11563
11564
11565
11566
11567
11580
11581
11582
11583
11584
11585
11586
11587
11588
11589
11590
11591
11592
11605
11606
11607
11608
11609
11610
11611
11612
11613
11614
11615
11616
11617
11730
11731
11732
11733
11734
11735
11736
11737
11738
11739
11740
11741
11742
11743
11744
11745
11746
11763
11764
11765
11766
11767
11768
11769
11770
11771
11772
11773
11774
11775
11788
11789
11790
11791
11792
11793
11794
11795
11796
11797
11798
11799
11800
11813
11814
11815
11816
11817
11818
11819
11820
11821
11822
11823
11824
11825
11938
11939
11943
11944
11963
11964
11968
11969
11988
11989
11993
11994
12013
12014
12018
12019
12038
12039
12043
12044
12063
12064
12065
12066
12067
12073
12074
12075
12076
12077
12078
12079
12080
12081
12082
12093
12094
12095
12096
12097
12098
12099
12100
12101
12102
12163
12164
12165
12166
12167
12168
12169
12170
12171
12172
12183
12184
12185
12186
12187
12188
12189
12190
12191
12192
12193
12194
12195
12196
12197
12198
12199
12200
12218
12219
12220
12221
12222
12223
12224
12225
12226
12227
12228
12229
12230
12231
12232
12233
12234
12235
12338
12339
12340
12341
12342
12343
12344
12345
12346
12347
12358
12359
12360
12361
12362
12363
12364
12365
12366
12367
12368
12369
12370
12371
12372
12373
12374
12375
12393
12394
12395
12396
12397
12398
12399
12400
12401
12402
12403
12404
12405
12406
12407
12408
12409
12410
12513
12514
12515
12516
12517
12518
12519
12520
12521
12522
12533
12534
12535
12536
12537
12538
12539
12540
12541
12542
12543
12544
12545
12546
12547
12548
12549
12550
12568
12569
12570
12571
12572
12573
12574
12575
12576
12577
12578
12579
12580
12581
12582
12583
12584
12585
12688
12689
12690
12691
12692
12693
12694
12695
12696
12697
12708
12709
12710
12711
12712
12713
12714
12715
12716
12717
12718
12719
12720
12721
12722
12723
12724
12725
12743
12744
12745
12746
12747
12748
12749
12750
12751
12752
12753
12754
12755
12756
12757
12758
12759
12760
12863
12864
12865
12866
12867
12868
12869
12870
12871
12872
12883
12884
12885
12886
12887
12888
12889
12890
12891
12892
12893
12894
12895
12896
12897
12898
12899
12900
12918
12919
12920
12921
12922
12923
12924
12925
12926
12927
12928
12929
12930
12931
12932
12933
12934
12935
13038
13039
13040
13041
13042
13043
13044
13045
13046
13047
13048
13049
13050
13051
13052
13054
13055
13068
13069
13070
13071
13072
13073
13074
13075
13076
13077
13078
13079
13080
13081
13082
13084
13085
13098
13099
13100
13101
13103
13104
13105
13106
13107
13109
13110
13111
13112
13115
13188
13189
13190
13191
13192
13193
13194
13195
13196
13197
13198
13199
13200
13201
13202
13204
13205
13218
13219
13220
13221
13222
13223
13224
13225
13226
13227
13228
13229
13230
13231
13232
13234
13235
13248
13249
13250
13251
13253
13254
13255
13256
13257
13259
13260
13261
13262
13265
13338
13339
13340
13341
13342
13343
13344
13345
13346
13347
13348
13349
13350
13351
13352
13354
13355
13368
13369
13370
13371
13372
13373
13374
13375
13376
13377
13378
13379
13380
13381
13382
13384
13385
13398
13399
13400
13401
13403
13404
13405
13406
13407
13409
13410
13411
13412
13415
13488
13489
13490
13491
13492
13493
13494
13495
13496
13497
13498
13499
13500
13501
13502
13504
13505
13518
13519
13520
13521
13522
13523
13524
13525
13526
13527
13528
13529
13530
13531
13532
13534
13535
13548
13549
13550
13551
13553
13554
13555
13556
13557
13559
13560
13561
13562
13565
13638
13639
13640
13641
13642
13643
13644
13645
13646
13647
13648
13649
13650
13651
13652
13654
13655
13668
13669
13670
13671
13672
13673
13674
13675
13676
13677
13678
13679
13680
13681
13682
13684
13685
13698
13699
13700
13701
13703
13704
13705
13706
13707
13709
13710
13711
13712
13715
13788
13789
13790
13791
13792
13793
13794
13795
13796
13797
13798
13799
13800
13802
13813
13814
13815
13816
13817
13818
13819
13820
13821
13822
13823
13824
13825
13827
13838
13839
13840
13841
13843
13844
13845
13846
13848
13849
13850
13913
13914
13915
13916
13917
13918
13919
13920
13921
13922
13923
13935
13936
13937
13938
13939
13940
13941
13942
13943
13944
13945
13946
13947
13948
13963
13964
13965
13966
13967
13968
13969
13970
13971
13972
13973
13974
13975
13976
14069
14070
14071
14072
14073
14074
14075
14076
14077
14078
14079
14080
14081
14082
14097
14098
14099
14100
14101
14102
14103
14104
14105
14106
14107
14108
14109
14110
14111
14112
14113
14131
14132
14133
14134
14135
14136
14137
14138
14139
14140
14141
14142
14143
14144
14145
14146
14147
14261
14262
14263
14264
14265
14266
14267
14268
14269
14270
14271
14272
14273
14274
14289
14290
14291
14292
14293
14294
14295
14296
14297
14298
14299
14300
14301
14302
14303
14304
14305
14323
14324
14325
14326
14327
14328
14329
14330
14331
14332
14333
14334
14335
14336
14337
14338
14339
14453
14454
14455
14456
14457
14458
14459
14460
14461
14462
14463
14464
14465
14466
14481
14482
14483
14484
14485
14486
14487
14488
14489
14490
14491
14492
14493
14494
14495
14496
14497
14515
14516
14517
14518
14519
14520
14521
14522
14523
14524
14525
14526
14527
14528
14529
14530
14531
14645
14646
14647
14648
14649
14650
14651
14652
14653
14654
14655
14656
14657
14658
14673
14674
14675
14676
14677
14678
14679
14680
14681
14682
14683
14684
14685
14686
14687
14688
14689
14707
14708
14709
14710
14711
14712
14713
14714
14715
14716
14717
14718
14719
14720
14721
14722
14723
14837
14838
14839
14840
14841
14842
14843
14844
14845
14846
14847
14848
14849
14850
14865
14866
14867
14868
14869
14870
14871
14872
14873
14874
14875
14876
14877
14878
14879
14880
14881
14899
14900
14901
14902
14903
14904
14905
14906
14907
14908
14909
14910
14911
14912
14913
14914
14915
15029
15030
15031
15032
15033
15034
15035
15036
15037
15038
15040
15049
15050
15051
15052
15053
15054
15055
15056
15057
15058
15060
15069
15070
15071
15073
15074
15075
15077
15078
15129
15130
15131
15132
15133
15134
15135
15136
15137
15138
15140
15149
15150
15151
15152
15153
15154
15155
15156
15157
15158
15159
15160
15161
15162
15163
15164
15165
15166
15167
15168
15169
15170
15171
15172
15173
15174
15175
15176
15181
15182
15184
15185
15186
15188
15213
15214
15215
15216
15217
15218
15219
15220
15221
15222
15223
15224
15225
15226
15227
15228
15229
15230
15231
15232
15233
15234
15235
15236
15237
15238
15239
15240
15245
15246
15248
15249
15250
15252
15277
15278
15280
15281
15282
15284
15289
15290
15291
15293
15294
15296
15301
15302
15303
15313
15314
15469
15470
15471
15472
15473
15474
15475
15476
15477
15478
15480
15489
15490
15491
15492
15493
15494
15495
15496
15497
15498
15499
15500
15501
15502
15503
15504
15505
15506
15507
15508
15509
15510
15511
15512
15513
15514
15515
15516
15521
15522
15524
15525
15526
15528
15553
15554
15555
15556
15557
15558
15559
15560
15561
15562
15563
15564
15565
15566
15567
15568
15569
15570
15571
15572
15573
15574
15575
15576
15577
15578
15579
15580
15585
15586
15588
15589
15590
15592
15617
15618
15620
15621
15622
15624
15629
15630
15631
15633
15634
15636
15641
15642
15643
15653
15654
15809
15810
15811
15812
15813
15814
15815
15816
15817
15818
15820
15829
15830
15831
15832
15833
15834
15835
15836
15837
15838
15839
15840
15841
15842
15843
15844
15845
15846
15847
15848
15849
15850
15851
15852
15853
15854
15855
15856
15861
15862
15864
15865
15866
15868
15893
15894
15895
15896
15897
15898
15899
15900
15901
15902
15903
15904
15905
15906
15907
15908
15909
15910
15911
15912
15913
15914
15915
15916
15917
15918
15919
15920
15925
15926
15928
15929
15930
15932
15957
15958
15960
15961
15962
15964
15969
15970
15971
15973
15974
15976
15981
15982
15983
15993
15994
16149
16150
16151
16152
16153
16154
16155
16156
16157
16158
16160
16169
16170
16171
16172
16173
16174
16175
16176
16177
16178
16179
16180
16181
16182
16183
16184
16185
16186
16187
16188
16189
16190
16191
16192
16193
16194
16195
16196
16201
16202
16204
16205
16206
16208
16233
16234
16235
16236
16237
16238
16239
16240
16241
16242
16243
16244
16245
16246
16247
16248
16249
16250
16251
16252
16253
16254
16255
16256
16257
16258
16259
16260
16265
16266
16268
16269
16270
16272
16297
16298
16300
16301
16302
16304
16309
16310
16311
16313
16314
16316
16321
16322
16323
16333
16334
16489
16490
16491
16492
16493
16494
16495
16496
16497
16498
16500
16509
16510
16511
16512
16513
16514
16515
16516
16517
16518
16519
16520
16521
16522
16523
16524
16525
16526
16527
16528
16529
16530
16531
16532
16533
16534
16535
16536
16541
16542
16544
16545
16546
16548
16573
16574
16575
16576
16577
16578
16579
16580
16581
16582
16583
16584
16585
16586
16587
16588
16589
16590
16591
16592
16593
16594
16595
16596
16597
16598
16599
16600
16605
16606
16608
16609
16610
16612
16637
16638
16640
16641
16642
16644
16649
16650
16651
16653
16654
16656
16661
16662
16663
16673
16674
16829
16830
16831
16832
16833
16834
16835
16836
16844
16845
16846
16847
16848
16849
16850
16851
16852
16853
16854
16855
16856
16857
16858
16862
16863
16877
16878
16879
16880
16881
16882
16883
16884
16885
16886
16887
16888
16889
16890
16891
16895
16896
16910
16911
16913
16914
16919
16920
17009
17010
17014
17015
17034
17035
17039
17040
17041
17042
17043
17044
17045
17046
17047
17048
17049
17050
17051
17054
17070
17071
17072
17073
17074
17075
17076
17077
17078
17079
17080
17081
17082
17085
17103
17109
17194
17195
17199
17200
17201
17202
17203
17204
17205
17206
17207
17208
17209
17210
17211
17214
17230
17231
17232
17233
17234
17235
17236
17237
17238
17239
17240
17241
17242
17245
17263
17269
17354
17355
17359
17360
17361
17362
17363
17364
17365
17366
17367
17368
17369
17370
17371
17374
17390
17391
17392
17393
17394
17395
17396
17397
17398
17399
17400
17401
17402
17405
17423
17429
17514
17515
17519
17520
17521
17522
17523
17524
17525
17526
17527
17528
17529
17530
17531
17534
17550
17551
17552
17553
17554
17555
17556
17557
17558
17559
17560
17561
17562
17565
17583
17589
17674
17675
17679
17680
17681
17682
17683
17684
17685
17686
17687
17688
17689
17690
17691
17694
17710
17711
17712
17713
17714
17715
17716
17717
17718
17719
17720
17721
17722
17725
17743
17749
17834
17835
17839
17840
17859
17860
17861
17862
17863
17864
17865
17866
17867
17868
17869
17870
17871
17872
17873
17874
17875
17876
17877
17878
17879
17880
17881
17882
17883
17884
17910
17911
17912
17913
17914
17915
17916
17917
17918
17919
17920
17921
17922
17923
17924
17925
17926
17927
17928
17929
17930
17931
17932
17933
17934
17935
17936
17937
17938
17939
17940
17941
17942
17943
17944
17945
17946
17947
17982
17983
17984
17985
17986
17987
17988
17989
17990
17991
17992
17993
17994
17995
17996
17997
17998
17999
18000
18001
18002
18003
18004
18005
18006
18007
18008
18009
18010
18011
18012
18013
18014
18015
18016
18017
18018
18019
18229
18230
18231
18232
18233
18234
18235
18236
18237
18238
18239
18240
18241
18242
18243
18244
18245
18246
18247
18248
18249
18250
18251
18252
18253
18254
18255
18256
18257
18258
18259
18260
18261
18262
18263
18264
18265
18266
18301
18302
18303
18304
18305
18306
18307
18308
18309
18310
18311
18312
18313
18314
18315
18316
18317
18318
18319
18320
18321
18322
18323
18324
18325
18326
18327
18328
18329
18330
18331
18332
18333
18334
18335
18336
18337
18338
18339
18340
18341
18342
18343
18344
18345
18346
18347
18348
18349
18350
18394
18395
18396
18397
18398
18399
18400
18401
18402
18403
18404
18405
18406
18407
18408
18409
18410
18411
18412
18413
18414
18415
18416
18417
18418
18419
18420
18421
18422
18423
18424
18425
18426
18427
18428
18429
18430
18431
18432
18433
18434
18435
18436
18437
18438
18439
18440
18441
18442
18443
18709
18710
18711
18712
18713
18714
18715
18716
18717
18718
18719
18720
18721
18722
18723
18724
18725
18726
18727
18728
18729
18730
18731
18732
18733
18734
18735
18736
18737
18738
18739
18740
18741
18742
18743
18744
18745
18746
18781
18782
18783
18784
18785
18786
18787
18788
18789
18790
18791
18792
18793
18794
18795
18796
18797
18798
18799
18800
18801
18802
18803
18804
18805
18806
18807
18808
18809
18810
18811
18812
18813
18814
18815
18816
18817
18818
18819
18820
18821
18822
18823
18824
18825
18826
18827
18828
18829
18830
18874
18875
18876
18877
18878
18879
18880
18881
18882
18883
18884
18885
18886
18887
18888
18889
18890
18891
18892
18893
18894
18895
18896
18897
18898
18899
18900
18901
18902
18903
18904
18905
18906
18907
18908
18909
18910
18911
18912
18913
18914
18915
18916
18917
18918
18919
18920
18921
18922
18923
19189
19190
19191
19192
19193
19194
19195
19196
19197
19198
19199
19200
19201
19202
19203
19204
19205
19206
19207
19208
19209
19210
19211
19212
19213
19214
19215
19216
19217
19218
19219
19220
19221
19222
19223
19224
19225
19226
19261
19262
19263
19264
19265
19266
19267
19268
19269
19270
19271
19272
19273
19274
19275
19276
19277
19278
19279
19280
19281
19282
19283
19284
19285
19286
19287
19288
19289
19290
19291
19292
19293
19294
19295
19296
19297
19298
19299
19300
19301
19302
19303
19304
19305
19306
19307
19308
19309
19310
19354
19355
19356
19357
19358
19359
19360
19361
19362
19363
19364
19365
19366
19367
19368
19369
19370
19371
19372
19373
19374
19375
19376
19377
19378
19379
19380
19381
19382
19383
19384
19385
19386
19387
19388
19389
19390
19391
19392
19393
19394
19395
19396
19397
19398
19399
19400
19401
19402
19403
19669
19670
19671
19672
19673
19674
19675
19676
19677
19678
19679
19680
19681
19682
19683
19684
19685
19686
19687
19688
19689
19690
19691
19692
19693
19694
19695
19696
19697
19698
19699
19700
19701
19702
19703
19704
19705
19706
19741
19742
19743
19744
19745
19746
19747
19748
19749
19750
19751
19752
19753
19754
19755
19756
19757
19758
19759
19760
19761
19762
19763
19764
19765
19766
19767
19768
19769
19770
19771
19772
19773
19774
19775
19776
19777
19778
19779
19780
19781
19782
19783
19784
19785
19786
19787
19788
19789
19790
19834
19835
19836
19837
19838
19839
19840
19841
19842
19843
19844
19845
19846
19847
19848
19849
19850
19851
19852
19853
19854
19855
19856
19857
19858
19859
19860
19861
19862
19863
19864
19865
19866
19867
19868
19869
19870
19871
19872
19873
19874
19875
19876
19877
19878
19879
19880
19881
19882
19883
20149
20150
20151
20152
20153
20154
20155
20156
20157
20158
20159
20160
20161
20162
20163
20164
20165
20166
20167
20168
20169
20170
20171
20172
20173
20174
20175
20176
20177
20178
20179
20180
20181
20182
20183
20184
20185
20186
20221
20222
20223
20224
20225
20226
20227
20228
20229
20230
20231
20232
20233
20234
20235
20236
20237
20238
20239
20240
20241
20242
20243
20244
20245
20246
20247
20248
20249
20250
20251
20252
20253
20254
20255
20256
20257
20258
20259
20260
20261
20262
20263
20264
20265
20266
20267
20268
20269
20270
20314
20315
20316
20317
20318
20319
20320
20321
20322
20323
20324
20325
20326
20327
20328
20329
20330
20331
20332
20333
20334
20335
20336
20337
20338
20339
20340
20341
20342
20343
20344
20345
20346
20347
20348
20349
20350
20351
20352
20353
20354
20355
20356
20357
20358
20359
20360
20361
20362
20363
)


// ************************************************************************* //
