/*--------------------------------*- C++ -*----------------------------------*\
| =========                 |                                                 |
| \\      /  F ield         | OpenFOAM: The Open Source CFD Toolbox           |
|  \\    /   O peration     | Version:  2406                                  |
|   \\  /    A nd           | Website:  www.openfoam.com                      |
|    \\/     M anipulation  |                                                 |
\*---------------------------------------------------------------------------*/
FoamFile
{
    version     2.0;
    format      ascii;
    arch        "LSB;label=32;scalar=64";
    note        "nPoints:5772  nCells:4533  nFaces:14748  nInternalFaces:13242";
    class       labelList;
    location    "constant/polyMesh";
    object      neighbour;
}
// * * * * * * * * * * * * * * * * * * * * * * * * * * * * * * * * * * * * * //


13242
(
1
2
3
4
5
6
5
7
8
6
8
9
10
11
12
11
13
14
12
14
15
13
16
17
14
17
18
15
18
19
20
21
22
21
23
24
22
24
25
23
26
27
24
27
28
25
28
29
26
30
31
27
31
32
28
32
33
29
33
34
35
36
37
36
38
39
37
39
40
38
41
42
39
42
43
40
43
44
41
45
46
42
46
47
43
47
48
44
48
49
45
50
51
46
51
52
47
52
53
48
53
54
49
54
55
56
57
58
57
59
60
58
60
61
59
62
63
60
63
64
61
64
65
62
66
67
63
67
68
64
68
69
65
69
70
66
71
72
67
72
73
68
73
74
69
74
75
70
75
76
71
77
78
72
78
79
73
79
80
74
80
81
75
81
82
76
82
83
84
85
86
85
87
88
86
88
89
62
87
90
88
90
91
89
91
92
93
94
90
94
95
91
95
96
92
96
97
93
98
99
94
99
100
95
100
101
96
101
102
97
102
103
98
104
105
99
105
106
100
106
107
101
107
108
102
108
109
103
109
110
104
111
105
111
112
106
112
113
107
113
114
108
114
115
109
115
116
110
116
117
118
119
118
120
121
119
121
122
93
120
123
121
123
124
122
124
125
94
123
126
124
126
127
125
127
128
129
130
130
131
126
131
132
127
132
133
128
133
134
129
135
136
130
136
137
131
137
138
132
138
139
133
139
140
134
140
141
135
142
136
142
143
137
143
144
138
144
145
139
145
146
140
146
147
141
147
148
142
149
143
149
150
144
150
151
145
151
152
146
152
153
147
153
154
148
154
155
156
157
157
158
129
156
159
157
159
160
158
160
161
130
159
162
160
162
163
161
163
164
131
162
165
163
165
166
164
166
167
168
169
169
170
170
171
165
171
172
166
172
173
167
173
174
168
175
169
175
176
170
176
177
171
177
178
172
178
179
173
179
180
174
180
181
175
182
176
182
183
177
183
184
178
184
185
179
185
186
180
186
187
181
187
188
182
189
183
189
190
184
190
191
185
191
192
186
192
193
187
193
194
188
194
195
168
196
196
197
197
198
169
196
199
197
199
200
198
200
201
170
199
202
200
202
203
201
203
204
171
202
205
203
205
206
204
206
207
208
208
209
209
210
210
211
205
211
212
206
212
213
207
213
214
208
215
209
215
216
210
216
217
211
217
218
212
218
219
213
219
220
214
220
221
215
222
216
222
223
217
223
224
218
224
225
219
225
226
220
226
227
221
227
228
222
229
223
229
230
224
230
231
225
231
232
226
232
233
227
233
234
228
234
235
208
236
236
237
237
238
209
236
239
237
239
240
238
240
241
210
239
242
240
242
243
241
243
244
211
242
245
243
245
246
244
246
247
248
248
249
249
250
250
251
245
251
252
246
252
253
247
253
254
248
255
249
255
256
250
256
257
251
257
258
252
258
259
253
259
260
254
260
261
255
262
256
262
263
257
263
264
258
264
265
259
265
266
260
266
267
261
267
268
262
269
263
269
270
264
270
271
265
271
272
266
272
273
267
273
274
268
274
275
248
276
276
277
277
278
249
276
279
277
279
280
278
280
281
250
279
282
280
282
283
281
283
284
251
282
285
283
285
286
284
286
287
288
288
289
289
290
290
291
285
291
292
286
292
293
287
293
294
288
295
289
295
296
290
296
297
291
297
298
292
298
299
293
299
300
294
300
301
295
302
296
302
303
297
303
304
298
304
305
299
305
306
300
306
307
301
307
308
302
309
303
309
310
304
310
311
305
311
312
306
312
313
307
313
314
308
314
315
288
316
316
317
317
318
289
316
319
317
319
320
318
320
321
290
319
322
320
322
323
321
323
324
291
322
325
323
325
326
324
326
327
328
328
329
329
330
330
331
325
331
332
326
332
333
327
333
334
328
335
329
335
336
330
336
337
331
337
338
332
338
339
333
339
340
334
340
341
335
342
336
342
343
337
343
344
338
344
345
339
345
346
340
346
347
341
347
348
342
349
343
349
350
344
350
351
345
351
352
346
352
353
347
353
354
348
354
355
328
356
356
357
357
358
329
356
359
357
359
360
358
360
361
330
359
362
360
362
363
361
363
364
331
362
365
363
365
366
364
366
367
368
368
369
369
370
370
371
365
371
372
366
372
373
367
373
374
368
375
369
375
376
370
376
377
371
377
378
372
378
379
373
379
380
374
380
381
375
382
376
382
383
377
383
384
378
384
385
379
385
386
380
386
387
381
387
388
382
389
383
389
390
384
390
391
385
391
392
386
392
393
387
393
394
388
394
395
368
396
396
397
397
398
369
396
399
397
399
400
398
400
401
370
399
402
400
402
403
401
403
404
371
402
405
403
405
406
404
406
407
408
408
409
409
410
410
411
405
411
412
406
412
413
407
413
414
408
415
409
415
416
410
416
417
411
417
418
412
418
419
413
419
420
414
420
421
415
422
416
422
423
417
423
424
418
424
425
419
425
426
420
426
427
421
427
428
422
429
423
429
430
424
430
431
425
431
432
426
432
433
427
433
434
428
434
435
408
436
436
437
437
438
409
436
439
437
439
440
438
440
441
410
439
442
440
442
443
441
443
444
411
442
445
443
445
446
444
446
447
448
448
449
449
450
450
451
445
451
452
446
452
453
447
453
454
448
455
449
455
456
450
456
457
451
457
458
452
458
459
453
459
460
454
460
461
455
462
456
462
463
457
463
464
458
464
465
459
465
466
460
466
467
461
467
468
462
469
463
469
470
464
470
471
465
471
472
466
472
473
467
473
474
468
474
475
448
476
476
477
477
478
449
476
479
477
479
480
478
480
481
450
479
482
480
482
483
481
483
484
451
482
485
483
485
486
484
486
487
488
488
489
489
490
490
491
485
491
492
486
492
493
487
493
494
488
495
489
495
496
490
496
497
491
497
498
492
498
499
493
499
500
494
500
501
495
502
496
502
503
497
503
504
498
504
505
499
505
506
500
506
507
501
507
508
502
509
503
509
510
504
510
511
505
511
512
506
512
513
507
513
514
508
514
515
488
516
516
517
517
518
489
516
519
517
519
520
518
520
521
490
519
522
520
522
523
521
523
524
491
522
525
523
525
526
524
526
527
528
528
529
529
530
530
531
525
531
532
526
532
533
527
533
534
528
535
529
535
536
530
536
537
531
537
538
532
538
539
533
539
540
534
540
541
535
542
536
542
543
537
543
544
538
544
545
539
545
546
540
546
547
541
547
548
542
549
543
549
550
544
550
551
545
551
552
546
552
553
547
553
554
548
554
555
528
556
556
557
557
558
529
556
559
557
559
560
558
560
561
530
559
562
560
562
563
561
563
564
531
562
565
563
565
566
564
566
567
568
568
569
569
570
570
571
565
571
572
566
572
573
567
573
574
568
575
569
575
576
570
576
577
571
577
578
572
578
579
573
579
580
574
580
581
575
582
576
582
583
577
583
584
578
584
585
579
585
586
580
586
587
581
587
588
582
589
583
589
590
584
590
591
585
591
592
593
594
595
586
593
595
596
597
598
587
598
599
588
599
600
568
601
601
602
602
603
569
601
604
602
604
605
603
605
606
570
604
607
605
607
608
606
608
609
571
607
610
608
610
611
609
611
612
613
613
614
614
615
615
616
610
616
617
611
617
618
612
618
619
613
620
614
620
621
615
621
622
616
622
623
617
623
624
618
624
625
619
625
626
620
627
621
627
628
622
628
629
623
629
630
631
632
633
624
631
633
634
635
636
625
636
637
626
637
638
627
639
628
639
640
629
640
641
642
643
644
593
594
642
645
595
596
595
630
644
646
597
631
597
645
647
634
646
648
636
647
648
649
650
651
637
651
652
638
652
653
613
654
654
655
655
656
614
654
657
655
657
658
656
658
659
615
657
660
658
660
661
659
661
662
616
660
663
661
663
664
662
664
665
666
666
667
667
668
668
669
663
669
670
664
670
671
665
671
672
666
673
667
673
674
668
674
675
669
675
676
677
678
679
670
677
679
680
681
682
671
682
683
672
683
684
673
685
674
685
686
675
686
687
688
689
690
631
632
688
691
633
634
633
676
690
692
635
677
635
691
693
680
692
694
682
693
694
695
696
697
683
697
698
684
698
699
685
700
686
700
701
702
703
704
642
643
702
705
644
706
644
687
704
707
688
708
646
706
709
691
708
710
648
649
709
650
693
710
650
711
712
695
713
714
697
712
714
715
716
717
698
717
718
699
718
719
666
720
720
721
721
722
667
720
723
721
723
724
722
724
725
668
723
726
724
726
727
725
727
728
669
726
729
727
729
730
728
730
731
732
732
733
733
734
734
735
736
737
738
729
736
738
739
740
741
730
741
742
731
742
743
732
744
733
744
745
734
745
746
747
748
749
677
678
747
750
679
680
679
735
749
751
681
736
681
750
752
739
751
753
741
752
753
754
755
756
742
756
757
743
757
758
744
759
745
759
760
761
762
763
688
689
761
764
690
765
690
746
763
766
747
767
692
765
768
750
767
769
694
695
768
696
752
769
696
770
771
754
772
773
756
771
773
774
775
776
757
776
777
758
777
778
759
779
780
781
782
702
703
780
783
704
784
704
760
782
785
761
786
706
707
784
787
708
788
708
764
786
789
765
790
710
711
788
713
768
790
713
791
792
714
715
791
770
793
794
716
771
793
716
795
796
774
797
798
776
796
798
799
800
801
777
801
802
778
802
803
732
804
804
805
805
806
733
804
807
805
807
808
806
808
809
734
807
810
808
810
811
809
811
812
737
738
740
810
813
814
811
814
815
812
815
816
817
817
818
818
819
820
821
822
736
737
820
823
738
739
738
813
822
740
740
823
824
813
825
814
824
825
826
827
828
815
828
829
816
829
830
817
831
818
831
832
833
834
835
747
748
833
836
749
837
749
819
835
838
820
839
751
837
840
823
839
841
753
754
840
755
824
841
755
842
843
826
844
845
828
843
845
846
847
848
829
848
849
830
849
850
831
851
852
853
854
761
762
852
855
763
856
763
832
854
857
833
858
765
766
856
859
767
860
767
836
858
861
837
862
769
770
860
772
840
862
772
863
864
773
774
863
842
865
866
775
843
865
775
867
868
846
869
870
848
868
870
871
872
873
849
873
874
850
874
875
780
781
876
782
877
782
851
878
852
879
784
785
877
880
786
881
786
855
879
882
856
883
788
789
881
884
885
886
887
790
792
790
859
883
888
889
890
891
794
860
793
795
892
794
884
886
892
893
894
797
863
895
864
888
891
895
896
897
797
898
899
798
799
898
867
900
901
800
868
900
800
902
903
871
904
905
873
903
905
906
907
908
874
908
909
875
909
910
817
911
911
912
912
913
818
911
914
912
914
915
913
915
916
821
822
914
917
918
919
915
919
920
916
920
921
823
918
922
825
827
919
922
923
924
920
924
925
921
925
926
927
927
928
929
930
931
820
821
929
932
822
933
822
917
931
918
933
934
825
826
934
827
922
827
935
936
923
937
924
936
937
938
939
940
925
940
941
926
941
942
927
943
944
945
946
833
834
944
947
835
948
835
928
946
949
929
950
837
838
948
951
839
952
839
932
950
953
933
954
841
842
952
844
934
954
844
955
956
845
846
955
935
957
958
847
936
958
847
959
960
938
961
962
940
960
962
963
964
965
941
965
966
942
966
967
852
853
968
854
969
854
943
970
944
971
856
857
969
972
858
973
858
947
971
974
948
975
860
861
973
976
977
978
979
862
864
862
951
975
980
981
982
983
866
952
865
867
984
866
976
978
984
985
986
869
955
987
956
980
983
987
988
989
869
990
991
870
871
990
959
992
993
872
960
992
872
994
995
963
996
997
965
995
997
998
999
1000
966
1000
1001
967
1001
1002
877
878
1003
879
1004
879
968
1005
969
1006
881
882
1004
1007
1008
1009
1010
883
1011
1012
1013
1014
883
972
1006
1015
1016
1017
1018
973
1019
1020
1021
1022
886
887
888
894
886
887
1012
1023
893
890
1014
1024
890
891
897
890
891
977
1020
1025
1021
1026
896
978
895
899
1027
1028
1029
1030
894
1023
1028
897
1024
1029
901
984
1031
1032
1033
1034
897
985
1025
1032
1026
1033
900
902
1035
901
1035
1036
1037
1038
1039
904
990
1040
991
1040
1041
1042
1043
1044
904
1045
1046
905
906
1045
994
1047
1048
907
995
1047
907
1049
1050
998
1051
1052
1000
1050
1052
1053
1054
1055
1001
1055
1056
1002
1056
1057
927
1058
1058
1059
1059
1060
930
931
1058
1061
1062
1063
1059
1063
1064
1060
1064
1065
918
932
1062
1066
933
1067
1063
1066
1067
1068
1069
1070
1064
1070
1071
1065
1071
1072
923
934
1067
935
1069
1073
937
939
1070
1073
1074
1075
1071
1075
1076
1072
1076
1077
1078
1079
1080
1081
929
930
1079
1082
931
1083
931
1061
1081
1062
933
1083
1084
1085
935
1085
1086
1087
937
938
1086
939
1073
939
1088
1089
1074
1090
1075
1089
1090
1091
1092
1093
1076
1093
1094
1077
1094
1095
944
945
1096
946
1097
946
1078
1098
1079
1099
948
949
1097
1100
950
1101
950
1082
1099
1102
1083
1103
952
953
1101
1104
1105
1106
1107
954
956
954
1084
1103
1108
957
1085
958
959
1109
957
1104
1106
1109
1110
1111
1087
1108
1112
961
1086
1112
961
1113
1114
962
963
1113
1088
1115
1116
964
1089
1116
964
1117
1118
1091
1119
1120
1093
1118
1120
1121
1122
1123
1094
1123
1124
1095
1124
1125
969
970
1126
971
1127
971
1096
1128
1097
1129
973
974
1127
1130
1131
1132
1133
975
1134
1135
1136
1137
975
1100
1129
1138
1139
1140
1141
1101
1142
1143
1144
1145
978
979
980
986
978
979
1135
1146
985
982
1137
1147
982
983
989
982
983
1105
1143
1148
1144
1149
988
1106
987
991
1150
1151
1152
1153
986
1146
1151
989
1147
1152
993
1109
1154
1155
1156
1157
989
1110
1148
1155
1149
1156
992
994
1158
993
1158
1159
1160
1161
1162
996
1113
1163
1114
1163
1164
1165
1166
1167
996
1168
1169
997
998
1168
1117
1170
1171
999
1118
1170
999
1172
1173
1121
1174
1175
1123
1173
1175
1176
1177
1178
1124
1178
1179
1125
1179
1180
1004
1005
1181
1182
1183
1184
1006
1185
1186
1187
1188
1006
1126
1189
1190
1191
1192
1127
1193
1194
1195
1196
1009
1010
1011
1015
1197
1009
1010
1186
1198
1013
1199
1017
1188
1200
1013
1014
1019
1201
1013
1014
1202
1203
1021
1204
1017
1018
1019
1205
1017
1018
1131
1194
1206
1195
1207
1022
1132
1208
1021
1022
1209
1021
1022
1135
1210
1211
1136
1212
1024
1202
1213
1026
1204
1214
1026
1146
1210
1215
1211
1216
1029
1030
1031
1036
1217
1029
1030
1213
1033
1214
1038
1218
1033
1034
1041
1219
1033
1034
1151
1215
1216
1043
1153
1220
1040
1046
1221
1222
1223
1224
1038
1039
1041
1225
1038
1039
1222
1226
1227
1044
1223
1228
1048
1158
1229
1230
1231
1232
1043
1044
1233
1043
1044
1160
1230
1234
1161
1235
1231
1236
1047
1049
1237
1048
1237
1238
1239
1240
1241
1051
1168
1242
1169
1242
1243
1244
1245
1246
1051
1247
1248
1052
1053
1247
1172
1249
1250
1054
1173
1249
1054
1251
1252
1176
1253
1254
1178
1252
1254
1255
1256
1257
1179
1257
1258
1180
1258
1259
1080
1081
1260
1261
1262
1262
1263
1263
1264
1062
1082
1261
1265
1083
1266
1262
1265
1266
1267
1268
1269
1263
1269
1270
1264
1270
1271
1067
1068
1084
1266
1069
1085
1069
1268
1272
1273
1087
1274
1269
1273
1274
1275
1276
1277
1270
1277
1278
1271
1278
1279
1074
1086
1274
1088
1276
1280
1090
1092
1277
1280
1281
1282
1278
1282
1283
1279
1283
1284
1079
1080
1285
1081
1286
1081
1260
1261
1083
1286
1287
1288
1085
1272
1288
1087
1088
1289
1272
1289
1290
1291
1090
1091
1290
1092
1280
1092
1292
1293
1281
1294
1282
1293
1294
1295
1296
1297
1283
1297
1298
1284
1298
1299
1097
1098
1300
1099
1301
1099
1285
1302
1286
1303
1101
1102
1301
1304
1305
1306
1307
1103
1308
1309
1310
1311
1103
1287
1303
1312
1288
1313
1106
1107
1108
1111
1106
1107
1309
1314
1110
1108
1311
1315
1111
1272
1313
1315
1316
1112
1114
1317
1318
1319
1320
1111
1314
1318
1315
1319
1115
1289
1316
1116
1117
1321
1115
1321
1322
1323
1324
1325
1291
1326
1327
1119
1290
1326
1119
1328
1329
1120
1121
1328
1292
1330
1331
1122
1293
1331
1122
1332
1333
1295
1334
1335
1297
1333
1335
1336
1337
1338
1298
1338
1339
1299
1339
1340
1127
1128
1341
1342
1343
1344
1129
1345
1346
1347
1348
1129
1300
1349
1350
1351
1352
1301
1353
1354
1355
1356
1132
1133
1134
1138
1357
1132
1133
1346
1358
1136
1359
1140
1348
1360
1136
1137
1142
1361
1136
1137
1362
1363
1144
1364
1140
1141
1142
1365
1140
1141
1305
1354
1366
1355
1367
1145
1306
1368
1144
1145
1369
1144
1145
1309
1370
1371
1310
1372
1147
1362
1373
1149
1364
1374
1149
1314
1370
1375
1371
1376
1152
1153
1154
1159
1377
1152
1153
1373
1156
1374
1161
1378
1156
1157
1164
1379
1156
1157
1318
1375
1376
1166
1320
1380
1163
1169
1381
1382
1383
1384
1161
1162
1164
1385
1161
1162
1382
1386
1387
1167
1383
1388
1171
1321
1389
1390
1391
1392
1166
1167
1393
1166
1167
1323
1390
1394
1324
1395
1391
1396
1170
1172
1397
1171
1397
1398
1399
1400
1401
1174
1328
1402
1329
1402
1403
1404
1405
1406
1174
1407
1408
1175
1176
1407
1332
1409
1410
1177
1333
1409
1177
1411
1412
1336
1413
1414
1338
1412
1414
1415
1416
1417
1339
1417
1418
1340
1418
1419
1183
1184
1185
1189
1420
1183
1184
1421
1187
1422
1191
1423
1187
1188
1193
1424
1187
1188
1425
1426
1195
1427
1191
1192
1193
1428
1191
1192
1342
1429
1430
1196
1343
1431
1195
1196
1432
1195
1196
1346
1433
1434
1347
1435
1199
1200
1201
1205
1436
1199
1200
1425
1437
1203
1438
1207
1427
1439
1203
1204
1209
1440
1203
1204
1441
1442
1211
1443
1207
1208
1209
1444
1207
1208
1358
1433
1445
1434
1446
1212
1359
1447
1211
1212
1448
1211
1212
1362
1449
1450
1363
1451
1214
1218
1441
1216
1217
1443
1216
1220
1373
1449
1219
1450
1218
1219
1225
1452
1227
1453
1220
1233
1454
1235
1378
1455
1223
1224
1229
1238
1456
1223
1224
1457
1231
1458
1240
1459
1227
1228
1233
1460
1227
1228
1457
1461
1462
1236
1458
1463
1231
1232
1243
1464
1231
1232
1382
1465
1466
1245
1384
1467
1235
1236
1468
1235
1236
1386
1465
1469
1387
1470
1466
1471
1242
1248
1472
1473
1474
1475
1240
1241
1243
1476
1240
1241
1473
1477
1478
1246
1474
1479
1250
1397
1480
1481
1482
1483
1245
1246
1484
1245
1246
1399
1481
1485
1400
1486
1482
1487
1249
1251
1488
1250
1488
1489
1490
1491
1492
1253
1407
1493
1408
1493
1494
1495
1496
1497
1253
1498
1499
1254
1255
1498
1411
1500
1501
1256
1412
1500
1256
1502
1503
1415
1504
1505
1417
1503
1505
1506
1507
1508
1418
1508
1509
1419
1509
1510
1261
1285
1511
1286
1512
1511
1512
1513
1514
1515
1515
1516
1516
1517
1266
1267
1287
1512
1268
1288
1268
1514
1518
1519
1520
1521
1515
1519
1521
1522
1523
1524
1516
1524
1525
1517
1525
1526
1520
1527
1274
1275
1521
1527
1276
1289
1276
1523
1528
1529
1291
1530
1524
1529
1530
1531
1532
1533
1525
1533
1534
1526
1534
1535
1281
1290
1530
1292
1532
1536
1294
1296
1533
1536
1537
1538
1534
1538
1539
1535
1539
1540
1286
1541
1542
1288
1518
1542
1520
1291
1527
1292
1543
1528
1543
1544
1545
1294
1295
1544
1296
1536
1296
1546
1547
1537
1548
1538
1547
1548
1549
1550
1551
1539
1551
1552
1540
1552
1553
1301
1302
1554
1555
1556
1557
1303
1558
1559
1560
1561
1303
1541
1562
1542
1563
1306
1307
1308
1312
1564
1306
1307
1559
1565
1310
1566
1312
1561
1567
1310
1311
1313
1568
1310
1311
1569
1570
1313
1571
1313
1518
1563
1564
1567
1572
1520
1568
1571
1573
1315
1569
1574
1571
1575
1317
1319
1327
1527
1573
1575
1576
1319
1320
1322
1576
1319
1320
1574
1575
1324
1577
1326
1329
1578
1579
1580
1581
1324
1325
1327
1582
1324
1325
1579
1583
1584
1327
1580
1585
1330
1543
1586
1528
1582
1585
1586
1587
1331
1332
1588
1330
1588
1589
1590
1591
1592
1545
1593
1594
1334
1544
1593
1334
1595
1596
1335
1336
1595
1546
1597
1598
1337
1547
1598
1337
1599
1600
1549
1601
1602
1551
1600
1602
1603
1604
1605
1552
1605
1606
1553
1606
1607
1343
1344
1345
1349
1608
1343
1344
1609
1347
1610
1351
1611
1347
1348
1353
1612
1347
1348
1613
1614
1355
1615
1351
1352
1353
1616
1351
1352
1555
1617
1618
1356
1556
1619
1355
1356
1620
1355
1356
1559
1621
1622
1560
1623
1359
1360
1361
1365
1624
1359
1360
1613
1625
1363
1626
1367
1615
1627
1363
1364
1369
1628
1363
1364
1629
1630
1371
1631
1367
1368
1369
1632
1367
1368
1565
1621
1633
1622
1634
1372
1566
1635
1371
1372
1636
1371
1372
1569
1637
1638
1570
1639
1374
1378
1629
1376
1377
1631
1376
1380
1574
1637
1379
1638
1378
1379
1385
1640
1387
1641
1380
1393
1642
1395
1577
1643
1383
1384
1389
1398
1644
1383
1384
1645
1391
1646
1400
1647
1387
1388
1393
1648
1387
1388
1645
1649
1650
1396
1646
1651
1391
1392
1403
1652
1391
1392
1579
1653
1654
1405
1581
1655
1395
1396
1656
1395
1396
1583
1653
1657
1584
1658
1654
1659
1402
1408
1660
1661
1662
1663
1400
1401
1403
1664
1400
1401
1661
1665
1666
1406
1662
1667
1410
1588
1668
1669
1670
1671
1405
1406
1672
1405
1406
1590
1669
1673
1591
1674
1670
1675
1409
1411
1676
1410
1676
1677
1678
1679
1680
1413
1595
1681
1596
1681
1682
1683
1684
1685
1413
1686
1687
1414
1415
1686
1599
1688
1689
1416
1600
1688
1416
1690
1691
1603
1692
1693
1605
1691
1693
1694
1695
1696
1606
1696
1697
1607
1697
1698
1422
1423
1424
1428
1699
1422
1423
1700
1426
1701
1430
1702
1426
1427
1432
1703
1426
1427
1704
1705
1434
1706
1430
1431
1432
1707
1430
1431
1609
1708
1709
1435
1610
1710
1434
1435
1711
1434
1435
1613
1712
1713
1614
1714
1438
1439
1440
1444
1715
1438
1439
1704
1716
1442
1717
1446
1706
1718
1442
1443
1448
1719
1442
1443
1453
1720
1450
1452
1446
1447
1448
1721
1446
1447
1625
1712
1722
1713
1723
1451
1626
1724
1450
1451
1725
1450
1451
1455
1629
1454
1630
1726
1453
1454
1460
1719
1462
1720
1455
1468
1725
1470
1641
1726
1458
1459
1464
1476
1727
1458
1459
1728
1466
1729
1478
1730
1462
1463
1468
1731
1462
1463
1728
1732
1733
1471
1729
1734
1466
1467
1484
1735
1466
1467
1645
1736
1737
1486
1647
1738
1470
1471
1739
1470
1471
1649
1736
1740
1650
1741
1737
1742
1474
1475
1480
1489
1743
1474
1475
1744
1482
1745
1491
1746
1478
1479
1484
1747
1478
1479
1744
1748
1749
1487
1745
1750
1482
1483
1494
1751
1482
1483
1661
1752
1753
1496
1663
1754
1486
1487
1755
1486
1487
1665
1752
1756
1666
1757
1753
1758
1493
1499
1759
1760
1761
1762
1491
1492
1494
1763
1491
1492
1760
1764
1765
1497
1761
1766
1501
1676
1767
1768
1769
1770
1496
1497
1771
1496
1497
1678
1768
1772
1679
1773
1769
1774
1500
1502
1775
1501
1775
1776
1777
1778
1779
1504
1686
1780
1687
1780
1781
1782
1783
1784
1504
1785
1786
1505
1506
1785
1690
1787
1788
1507
1691
1787
1507
1789
1790
1694
1791
1792
1696
1790
1792
1793
1794
1795
1697
1793
1796
1698
1796
1797
1512
1513
1541
1514
1542
1514
1798
1799
1800
1801
1799
1801
1802
1803
1804
1804
1805
1805
1806
1520
1800
1807
1521
1522
1801
1807
1808
1523
1808
1523
1803
1809
1810
1811
1812
1804
1810
1812
1813
1814
1815
1805
1815
1816
1806
1816
1817
1528
1808
1811
1818
1530
1531
1812
1818
1532
1543
1532
1814
1819
1820
1545
1821
1815
1820
1821
1822
1823
1824
1816
1824
1825
1817
1825
1826
1537
1544
1821
1546
1823
1827
1548
1550
1824
1827
1828
1829
1825
1829
1830
1826
1830
1831
1542
1798
1800
1545
1818
1546
1832
1819
1832
1833
1834
1548
1549
1833
1550
1827
1550
1835
1836
1828
1837
1829
1836
1837
1838
1839
1840
1830
1840
1841
1831
1841
1842
1556
1557
1558
1562
1843
1556
1557
1844
1560
1845
1562
1846
1560
1561
1563
1847
1560
1561
1848
1849
1563
1850
1563
1798
1843
1846
1851
1800
1847
1850
1852
1566
1567
1568
1853
1566
1567
1848
1854
1570
1855
1850
1856
1570
1571
1857
1570
1571
1858
1859
1860
1573
1807
1852
1853
1856
1861
1862
1863
1587
1808
1857
1860
1864
1865
1575
1577
1858
1576
1860
1577
1582
1865
1584
1866
1580
1581
1586
1589
1867
1580
1581
1868
1586
1869
1591
1870
1584
1585
1871
1584
1585
1868
1872
1873
1869
1874
1594
1818
1867
1869
1875
1811
1863
1871
1874
1875
1876
1877
1593
1596
1878
1879
1880
1881
1591
1592
1594
1882
1591
1592
1879
1883
1884
1594
1880
1885
1597
1832
1886
1819
1882
1885
1886
1887
1598
1599
1888
1597
1888
1889
1890
1891
1892
1834
1893
1894
1601
1833
1893
1601
1895
1896
1602
1603
1895
1835
1897
1898
1604
1836
1898
1604
1899
1900
1838
1901
1902
1840
1900
1902
1903
1904
1905
1841
1905
1906
1842
1906
1907
1610
1611
1612
1616
1908
1610
1611
1909
1614
1910
1618
1911
1614
1615
1620
1912
1614
1615
1913
1914
1622
1915
1618
1619
1620
1916
1618
1619
1844
1917
1918
1623
1845
1919
1622
1623
1920
1622
1623
1848
1921
1922
1849
1923
1626
1627
1628
1632
1924
1626
1627
1913
1925
1630
1926
1634
1915
1927
1630
1631
1636
1928
1630
1631
1641
1929
1638
1640
1634
1635
1636
1930
1634
1635
1854
1921
1931
1922
1932
1639
1855
1933
1638
1639
1934
1638
1639
1643
1858
1642
1859
1935
1641
1642
1648
1928
1650
1929
1643
1656
1934
1658
1866
1935
1646
1647
1652
1664
1936
1646
1647
1937
1654
1938
1666
1939
1650
1651
1656
1940
1650
1651
1937
1941
1942
1659
1938
1943
1654
1655
1672
1944
1654
1655
1868
1945
1946
1674
1870
1947
1658
1659
1948
1658
1659
1872
1945
1949
1873
1950
1946
1951
1662
1663
1668
1677
1952
1662
1663
1953
1670
1954
1679
1955
1666
1667
1672
1956
1666
1667
1953
1957
1958
1675
1954
1959
1670
1671
1682
1960
1670
1671
1879
1961
1962
1684
1881
1963
1674
1675
1964
1674
1675
1883
1961
1965
1884
1966
1962
1967
1681
1687
1968
1969
1970
1971
1679
1680
1682
1972
1679
1680
1969
1973
1974
1685
1970
1975
1689
1888
1976
1977
1978
1979
1684
1685
1980
1684
1685
1890
1977
1981
1891
1982
1978
1983
1688
1690
1984
1689
1984
1985
1986
1987
1988
1692
1895
1989
1896
1989
1990
1991
1992
1993
1692
1994
1995
1693
1694
1994
1899
1996
1997
1695
1900
1996
1695
1998
1999
1903
2000
2001
1905
1999
2001
2002
2003
2004
1906
2002
2005
1907
2005
2006
1701
1702
1703
1707
2007
1701
1702
2008
1705
2009
1709
2010
1705
1706
1711
2011
1705
1706
2012
2013
1713
2014
1709
1710
1711
2015
1709
1710
1909
2016
2017
1714
1910
2018
1713
1714
2019
1713
1714
1913
2020
2021
1914
2022
1717
1718
1719
1721
2023
1717
1718
2012
2024
1720
2025
1723
2014
2026
1720
1725
1731
1733
1723
1724
1725
2027
1723
1724
1925
2020
2028
2021
2029
1726
1926
2030
1726
1739
1741
1929
1729
1730
1735
1747
2031
1729
1730
2032
1737
2033
1749
2034
1733
1734
1739
2023
1733
1734
2032
2035
2025
1742
2033
2036
1737
1738
1755
2037
1737
1738
1937
2038
2039
1757
1939
2040
1741
1742
2027
1741
1742
1941
2038
2041
1942
2030
2039
2042
1745
1746
1751
1763
2043
1745
1746
2044
1753
2045
1765
2046
1749
1750
1755
2047
1749
1750
2044
2048
2049
1758
2045
2050
1753
1754
1771
2051
1753
1754
1953
2052
2053
1773
1955
2054
1757
1758
2055
1757
1758
1957
2052
2056
1958
2057
2053
2058
1761
1762
1767
1776
2059
1761
1762
2060
1769
2061
1778
2062
1765
1766
1771
2063
1765
1766
2060
2064
2065
1774
2061
2066
1769
1770
1781
2067
1769
1770
1969
2068
2069
1783
1971
2070
1773
1774
2071
1773
1774
1973
2068
2072
1974
2073
2069
2074
1780
1786
2075
2076
2077
2078
1778
1779
1781
2079
1778
1779
2076
2080
2081
1784
2077
2082
1788
1984
2083
2084
2085
2086
1783
1784
2087
1783
1784
1986
2084
2088
1987
2089
2085
2090
1787
1789
2091
1788
2091
2092
2093
2094
2095
1791
1994
2096
1995
2096
2097
2098
2099
2100
1791
2101
2102
1792
1794
2101
1998
2103
2104
1795
1999
2104
2002
2105
2106
1795
2106
2107
2003
2106
2108
2005
2105
2109
2006
2109
2110
1800
2111
1801
1802
2111
2112
1803
2112
1803
2113
2114
2115
2116
2114
2116
2117
2118
2119
2119
2120
2120
2121
1808
1809
2112
1811
1811
1863
2115
2122
1812
1813
2116
2122
2123
1814
2123
1814
2118
2124
2125
2126
2127
2119
2125
2127
2128
2129
2130
2120
2130
2131
2121
2131
2132
1819
2123
2126
2133
1821
1822
2127
2133
1823
1832
1823
2129
2134
2135
1834
2136
2130
2135
2136
2137
2138
2139
2131
2139
2140
2132
2140
2141
1828
1833
2136
1835
2138
2142
1837
1839
2139
2142
2143
2144
2140
2144
2145
2141
2145
2146
1834
2133
1835
2147
2134
2147
2148
2149
1837
1838
2148
1839
2142
1839
2150
2151
2143
2152
2144
2151
2152
2153
2154
2155
2145
2155
2156
2146
2156
2157
1845
1846
1847
2158
1845
1846
2159
1849
2160
2161
1849
1850
2162
1849
1850
2163
2164
2165
1852
2111
2158
2161
2166
2167
2168
2112
2162
2165
2169
2170
2171
1855
1856
1857
1861
1855
1856
2163
2172
1859
2173
1862
2165
1859
1860
1864
1859
1860
1866
2174
1865
1862
1864
2173
2175
2170
2172
2176
2171
2175
2176
2177
2178
2179
1865
1876
2174
1866
1871
1873
2174
1869
1870
1882
2180
1869
1870
2181
2182
1884
2183
1873
1874
1876
1873
1874
2181
2184
2185
1877
2182
1887
2123
2179
2180
2182
2186
2187
1877
2175
2185
2178
2184
2187
1880
1881
1886
1889
2188
1880
1881
2189
1886
2190
1891
2191
1884
1885
2192
1884
1885
2189
2193
2194
2190
2195
1894
2133
2188
2190
2196
2126
2192
2195
2196
2197
2198
2199
1893
1896
2200
2201
2202
2203
1891
1892
1894
2204
1891
1892
2201
2205
2206
1894
2202
2207
1897
2147
2208
2134
2204
2207
2208
2209
1898
1899
2210
1897
2210
2211
2212
2213
2214
2149
2215
2216
1901
2148
2215
1901
2217
2218
1902
1903
2217
2150
2219
2220
1904
2151
2220
1904
2221
2222
2153
2223
2224
2155
2222
2224
2225
2226
2227
2156
2225
2228
2157
2228
2229
1910
1911
1912
1916
2230
1910
1911
2231
1914
2232
1918
2233
1914
1915
1920
2234
1914
1915
2235
2236
1922
2237
1918
1919
1920
2238
1918
1919
2159
2239
2240
1923
2160
2241
1922
1923
2242
1922
1923
2163
2243
2244
2164
2245
1926
1927
1928
1930
2246
1926
1927
2235
2247
1929
2248
1932
2237
2249
1929
1934
1940
1942
1932
1933
1934
2250
1932
1933
2172
2243
2251
2244
2252
1935
2173
2253
1935
1948
1950
2174
1938
1939
1944
1956
2254
1938
1939
2255
1946
2256
1958
2257
1942
1943
1948
2246
1942
1943
2255
2258
2248
1951
2256
2259
1946
1947
1964
2260
1946
1947
2181
2261
2262
1966
2183
2263
1950
1951
2250
1950
1951
2184
2261
2264
2185
2253
2262
2265
1954
1955
1960
1972
2266
1954
1955
2267
1962
2268
1974
2269
1958
1959
1964
2270
1958
1959
2267
2271
2272
1967
2268
2273
1962
1963
1980
2274
1962
1963
2189
2275
2276
1982
2191
2277
1966
1967
2278
1966
1967
2193
2275
2279
2194
2280
2276
2281
1970
1971
1976
1985
2282
1970
1971
2283
1978
2284
1987
2285
1974
1975
1980
2286
1974
1975
2283
2287
2288
1983
2284
2289
1978
1979
1990
2290
1978
1979
2201
2291
2292
1992
2203
2293
1982
1983
2294
1982
1983
2205
2291
2295
2206
2296
2292
2297
1989
1995
2298
2299
2300
2301
1987
1988
1990
2302
1987
1988
2299
2303
2304
1993
2300
2305
1997
2210
2306
2307
2308
2309
1992
1993
2310
1992
1993
2212
2307
2311
2213
2312
2308
2313
1996
1998
2314
1997
2314
2315
2316
2317
2318
2000
2217
2319
2218
2319
2320
2321
2322
2323
2000
2324
2325
2001
2003
2324
2221
2326
2327
2004
2222
2327
2225
2328
2329
2004
2329
2330
2226
2329
2331
2228
2328
2332
2229
2332
2333
2009
2010
2011
2015
2334
2009
2010
2335
2013
2336
2017
2337
2013
2014
2019
2338
2013
2014
2339
2340
2021
2341
2017
2018
2019
2342
2017
2018
2231
2343
2344
2022
2232
2345
2021
2022
2346
2021
2022
2235
2347
2348
2236
2349
2025
2026
2027
2036
2025
2026
2339
2350
2035
2029
2341
2351
2029
2030
2042
2029
2030
2247
2347
2352
2348
2353
2041
2248
2033
2034
2037
2047
2354
2033
2034
2355
2039
2356
2049
2357
2036
2350
2355
2042
2351
2356
2039
2040
2055
2358
2039
2040
2255
2359
2360
2057
2257
2361
2042
2258
2352
2359
2353
2360
2045
2046
2051
2063
2362
2045
2046
2363
2053
2364
2065
2365
2049
2050
2055
2366
2049
2050
2363
2367
2368
2058
2364
2369
2053
2054
2071
2370
2053
2054
2267
2371
2372
2073
2269
2373
2057
2058
2374
2057
2058
2271
2371
2375
2272
2376
2372
2377
2061
2062
2067
2079
2378
2061
2062
2379
2069
2380
2081
2381
2065
2066
2071
2382
2065
2066
2379
2383
2384
2074
2380
2385
2069
2070
2087
2386
2069
2070
2283
2387
2388
2089
2285
2389
2073
2074
2390
2073
2074
2287
2387
2391
2288
2392
2388
2393
2077
2078
2083
2092
2394
2077
2078
2395
2085
2396
2094
2397
2081
2082
2087
2398
2081
2082
2395
2399
2400
2090
2396
2401
2085
2086
2097
2402
2085
2086
2299
2403
2404
2099
2301
2405
2089
2090
2406
2089
2090
2303
2403
2407
2304
2408
2404
2409
2096
2102
2410
2094
2095
2097
2411
2094
2095
2410
2412
2413
2100
2410
2414
2103
2314
2415
2099
2100
2416
2099
2100
2316
2415
2417
2317
2418
2415
2419
2104
2107
2420
2103
2420
2421
2325
2422
2423
2108
2324
2423
2328
2424
2425
2107
2108
2329
2424
2426
2108
2427
2330
2428
2332
2425
2429
2333
2429
2430
2112
2113
2115
2115
2168
2431
2116
2117
2431
2171
2432
2118
2432
2118
2433
2434
2435
2436
2434
2436
2437
2438
2439
2439
2440
2440
2441
2123
2124
2179
2432
2126
2126
2199
2435
2442
2127
2128
2436
2442
2443
2129
2443
2129
2438
2444
2445
2446
2447
2439
2445
2447
2448
2449
2450
2440
2450
2451
2441
2451
2452
2134
2443
2446
2453
2136
2137
2447
2453
2138
2147
2138
2449
2454
2455
2149
2456
2450
2455
2456
2457
2458
2459
2451
2459
2460
2452
2460
2461
2143
2148
2456
2150
2458
2462
2152
2154
2459
2462
2463
2464
2460
2464
2465
2461
2465
2466
2149
2453
2150
2467
2454
2467
2468
2469
2152
2153
2468
2154
2462
2154
2470
2471
2463
2472
2464
2471
2472
2473
2474
2475
2465
2473
2476
2466
2476
2477
2160
2161
2162
2166
2160
2161
2478
2164
2479
2167
2164
2165
2169
2164
2165
2480
2481
2170
2167
2169
2479
2482
2478
2483
2171
2482
2483
2484
2485
2486
2170
2481
2487
2480
2488
2487
2488
2489
2490
2491
2173
2480
2492
2174
2493
2185
2176
2178
2493
2177
2488
2492
2178
2489
2494
2495
2496
2497
2199
2491
2495
2496
2498
2499
2182
2183
2186
2192
2182
2183
2500
2187
2194
2501
2185
2497
2500
2493
2187
2197
2498
2501
2496
2500
2190
2191
2204
2502
2190
2191
2503
2504
2206
2505
2194
2195
2197
2194
2195
2503
2506
2507
2198
2504
2209
2443
2502
2504
2508
2509
2510
2198
2507
2511
2506
2509
2512
2510
2511
2512
2513
2514
2515
2202
2203
2208
2211
2516
2202
2203
2517
2208
2518
2213
2519
2206
2207
2520
2206
2207
2517
2521
2522
2518
2523
2216
2453
2516
2518
2524
2446
2520
2523
2524
2525
2526
2527
2215
2218
2528
2529
2530
2531
2213
2214
2216
2532
2213
2214
2529
2533
2534
2216
2530
2535
2219
2467
2536
2454
2532
2535
2536
2537
2220
2221
2538
2219
2538
2539
2540
2541
2542
2469
2543
2544
2223
2468
2543
2223
2545
2546
2224
2226
2545
2470
2547
2548
2227
2471
2548
2473
2549
2550
2227
2550
2551
2474
2550
2552
2476
2549
2553
2477
2553
2554
2232
2233
2234
2238
2555
2232
2233
2556
2236
2557
2240
2558
2236
2237
2242
2559
2236
2237
2560
2561
2244
2562
2240
2241
2242
2563
2240
2241
2478
2564
2565
2245
2479
2566
2244
2245
2567
2244
2245
2480
2568
2569
2481
2570
2248
2249
2250
2259
2248
2249
2560
2571
2258
2252
2562
2572
2252
2253
2265
2252
2253
2492
2568
2573
2569
2574
2264
2493
2256
2257
2260
2270
2575
2256
2257
2576
2262
2577
2272
2578
2259
2571
2576
2265
2572
2577
2262
2263
2278
2579
2262
2263
2500
2580
2581
2280
2501
2582
2265
2497
2573
2580
2574
2581
2268
2269
2274
2286
2583
2268
2269
2584
2276
2585
2288
2586
2272
2273
2278
2587
2272
2273
2584
2588
2589
2281
2585
2590
2276
2277
2294
2591
2276
2277
2503
2592
2593
2296
2505
2594
2280
2281
2595
2280
2281
2506
2592
2596
2507
2597
2593
2598
2284
2285
2290
2302
2599
2284
2285
2600
2292
2601
2304
2602
2288
2289
2294
2603
2288
2289
2600
2604
2605
2297
2601
2606
2292
2293
2310
2607
2292
2293
2517
2608
2609
2312
2519
2610
2296
2297
2611
2296
2297
2521
2608
2612
2522
2613
2609
2614
2300
2301
2306
2315
2615
2300
2301
2616
2308
2617
2317
2618
2304
2305
2310
2619
2304
2305
2616
2620
2621
2313
2617
2622
2308
2309
2320
2623
2308
2309
2529
2624
2625
2322
2531
2626
2312
2313
2627
2312
2313
2533
2624
2628
2534
2629
2625
2630
2319
2325
2631
2317
2318
2320
2632
2317
2318
2631
2633
2634
2323
2631
2635
2326
2538
2636
2322
2323
2637
2322
2323
2540
2636
2638
2541
2639
2636
2640
2327
2330
2641
2326
2641
2642
2546
2643
2644
2331
2545
2644
2549
2645
2646
2330
2331
2550
2645
2647
2331
2648
2551
2649
2553
2646
2650
2554
2650
2651
2336
2337
2338
2342
2652
2336
2337
2653
2340
2654
2344
2655
2340
2341
2346
2656
2340
2341
2657
2658
2348
2659
2344
2345
2346
2660
2344
2345
2556
2661
2662
2349
2557
2663
2348
2349
2664
2348
2349
2560
2665
2666
2561
2667
2351
2657
2668
2353
2659
2669
2353
2571
2665
2670
2666
2671
2356
2357
2358
2366
2672
2356
2357
2668
2360
2669
2368
2673
2360
2361
2374
2674
2360
2361
2576
2670
2671
2376
2578
2675
2364
2365
2370
2382
2676
2364
2365
2677
2372
2678
2384
2679
2368
2369
2374
2680
2368
2369
2677
2681
2682
2377
2678
2683
2372
2373
2390
2684
2372
2373
2584
2685
2686
2392
2586
2687
2376
2377
2688
2376
2377
2588
2685
2689
2589
2690
2686
2691
2380
2381
2386
2398
2692
2380
2381
2693
2388
2694
2400
2695
2384
2385
2390
2696
2384
2385
2693
2697
2698
2393
2694
2699
2388
2389
2406
2700
2388
2389
2600
2701
2702
2408
2602
2703
2392
2393
2704
2392
2393
2604
2701
2705
2605
2706
2702
2707
2396
2397
2402
2411
2708
2396
2397
2709
2404
2710
2413
2711
2400
2401
2406
2712
2400
2401
2709
2713
2714
2409
2710
2715
2404
2405
2416
2716
2404
2405
2616
2717
2718
2418
2618
2719
2408
2409
2720
2408
2409
2620
2717
2721
2621
2722
2718
2723
2412
2414
2415
2421
2724
2413
2414
2416
2725
2413
2414
2726
2727
2419
2728
2417
2419
2422
2631
2729
2418
2419
2730
2418
2419
2633
2731
2634
2732
2733
2423
2427
2734
2422
2734
2735
2642
2736
2737
2428
2641
2737
2645
2738
2739
2646
2739
2740
2427
2428
2647
2738
2741
2742
2743
2428
2741
2648
2742
2650
2740
2744
2651
2744
2745
2432
2433
2486
2435
2491
2435
2746
2747
2436
2437
2746
2515
2748
2438
2748
2438
2749
2750
2751
2752
2750
2752
2753
2754
2755
2755
2756
2756
2757
2443
2444
2510
2748
2446
2446
2527
2751
2758
2447
2448
2752
2758
2759
2449
2759
2449
2754
2760
2761
2762
2763
2755
2761
2763
2764
2765
2766
2756
2766
2767
2757
2767
2768
2454
2759
2762
2769
2456
2457
2763
2769
2458
2467
2458
2765
2770
2771
2469
2772
2766
2771
2772
2773
2774
2775
2767
2775
2776
2768
2776
2777
2463
2468
2772
2470
2774
2778
2472
2475
2775
2778
2779
2780
2776
2779
2781
2777
2781
2782
2469
2769
2470
2783
2770
2783
2784
2785
2472
2474
2784
2475
2778
2779
2786
2787
2475
2787
2788
2780
2787
2781
2786
2789
2782
2789
2790
2479
2791
2481
2792
2481
2793
2794
2483
2485
2487
2792
2484
2791
2485
2795
2796
2490
2797
2798
2491
2747
2796
2797
2799
2800
2488
2490
2794
2489
2793
2490
2801
2802
2803
2804
2515
2802
2804
2805
2806
2493
2494
2793
2497
2497
2573
2801
2807
2496
2499
2802
2807
2498
2808
2808
2499
2511
2809
2514
2806
2810
2501
2808
2507
2809
2504
2505
2508
2520
2504
2505
2811
2509
2522
2812
2507
2811
2813
2814
2509
2525
2812
2815
2811
2816
2527
2815
2816
2817
2818
2819
2512
2514
2814
2513
2813
2816
2514
2817
2820
2821
2822
2823
2747
2819
2821
2822
2824
2825
2518
2519
2532
2826
2518
2519
2827
2828
2534
2829
2522
2523
2525
2522
2523
2827
2830
2831
2526
2828
2537
2759
2826
2828
2832
2833
2834
2526
2831
2835
2830
2833
2836
2834
2835
2836
2837
2838
2839
2530
2531
2536
2539
2840
2530
2531
2841
2536
2842
2541
2843
2534
2535
2844
2534
2535
2841
2845
2846
2842
2847
2544
2769
2840
2842
2848
2762
2844
2847
2848
2849
2850
2851
2543
2546
2852
2541
2542
2544
2853
2541
2542
2852
2854
2855
2544
2852
2856
2547
2783
2857
2770
2853
2856
2857
2858
2548
2551
2859
2547
2859
2860
2785
2861
2862
2552
2784
2862
2786
2863
2864
2551
2552
2787
2863
2865
2552
2866
2788
2867
2789
2864
2868
2790
2868
2869
2557
2558
2559
2563
2870
2557
2558
2871
2561
2872
2565
2873
2561
2562
2567
2874
2561
2562
2875
2876
2569
2877
2565
2566
2567
2878
2565
2566
2791
2879
2880
2570
2792
2881
2569
2570
2882
2569
2570
2793
2883
2884
2794
2885
2572
2875
2886
2574
2877
2887
2574
2883
2888
2884
2889
2577
2578
2579
2587
2890
2577
2578
2886
2581
2887
2589
2891
2581
2582
2595
2892
2581
2582
2808
2888
2889
2597
2809
2893
2585
2586
2591
2603
2894
2585
2586
2895
2593
2896
2605
2897
2589
2590
2595
2898
2589
2590
2895
2899
2900
2598
2896
2901
2593
2594
2611
2902
2593
2594
2811
2903
2904
2613
2812
2905
2597
2598
2906
2597
2598
2813
2903
2907
2814
2908
2904
2909
2601
2602
2607
2619
2910
2601
2602
2911
2609
2912
2621
2913
2605
2606
2611
2914
2605
2606
2911
2915
2916
2614
2912
2917
2609
2610
2627
2918
2609
2610
2827
2919
2920
2629
2829
2921
2613
2614
2922
2613
2614
2830
2919
2923
2831
2924
2920
2925
2617
2618
2623
2632
2926
2617
2618
2927
2625
2928
2634
2929
2621
2622
2627
2930
2621
2622
2927
2931
2932
2630
2928
2933
2625
2626
2637
2934
2625
2626
2841
2935
2936
2639
2843
2937
2629
2630
2938
2629
2630
2845
2935
2939
2846
2940
2936
2941
2633
2635
2636
2642
2942
2634
2635
2637
2943
2634
2635
2944
2945
2640
2946
2638
2640
2643
2852
2947
2639
2640
2948
2639
2640
2854
2949
2855
2950
2951
2644
2648
2952
2643
2952
2953
2860
2954
2955
2649
2859
2955
2863
2956
2957
2864
2957
2958
2648
2649
2865
2956
2959
2960
2961
2649
2959
2866
2960
2868
2958
2962
2869
2962
2963
2654
2655
2656
2660
2964
2654
2655
2965
2658
2966
2662
2967
2658
2659
2664
2968
2658
2659
2969
2970
2666
2971
2662
2663
2664
2972
2662
2663
2871
2973
2974
2667
2872
2975
2666
2667
2976
2666
2667
2875
2977
2978
2876
2979
2669
2673
2969
2671
2672
2971
2671
2675
2886
2977
2674
2978
2673
2674
2680
2980
2682
2981
2675
2688
2982
2690
2891
2983
2678
2679
2684
2696
2984
2678
2679
2985
2686
2986
2698
2987
2682
2683
2688
2988
2682
2683
2985
2989
2990
2691
2986
2991
2686
2687
2704
2992
2686
2687
2895
2993
2994
2706
2897
2995
2690
2691
2996
2690
2691
2899
2993
2997
2900
2998
2994
2999
2694
2695
2700
2712
3000
2694
2695
3001
2702
3002
2714
3003
2698
2699
2704
3004
2698
2699
3001
3005
3006
2707
3002
3007
2702
2703
2720
3008
2702
2703
2911
3009
3010
2722
2913
3011
2706
2707
3012
2706
2707
2915
3009
3013
2916
3014
3010
3015
2710
2711
2716
2725
3016
2710
2711
3017
2718
3018
2727
3019
2714
2715
2720
3020
2714
2715
3017
3021
3022
2723
3018
3023
2718
2719
2730
3024
2718
2719
2927
3025
3026
2732
2929
3027
2722
2723
3028
2722
2723
2931
3025
3029
2932
3030
3026
3031
2726
2728
2729
2735
3032
3033
3034
2727
2728
2730
3035
2727
2728
3032
3036
2733
3033
2731
2733
2736
2942
3037
3038
3039
2732
2733
3040
2732
2733
2944
3037
2945
3041
3038
2737
2741
3042
2736
3042
3043
2953
3044
3045
2742
2952
3045
2956
3046
3047
2957
3047
3048
2958
3048
3049
2742
3050
2959
3051
2961
3046
3050
3051
3052
3053
3054
2962
3049
3055
2963
3055
3056
2748
2749
3057
3057
3058
3059
3060
3061
2751
2819
2751
3062
3063
2752
2753
3062
2839
3064
2754
3064
2754
3065
3066
3067
3068
3066
3068
3069
3070
3071
3071
3072
3072
3073
2759
2760
2834
3064
2762
2762
2851
3067
3074
2763
2764
3068
3074
3075
2765
3075
2765
3070
3076
3077
3078
3079
3071
3077
3079
3080
3081
3082
3072
3082
3083
3073
3083
3084
2770
3075
3078
3085
2772
2773
3079
3085
2774
2783
2774
3081
3086
3087
2785
3088
3082
3087
3088
3089
3090
3091
3083
3089
3092
3084
3092
3093
2780
2784
3088
2787
3089
3094
2787
2788
3091
3092
3094
3095
3093
3095
3096
2785
3085
2788
3097
3086
3097
3094
3098
3099
2788
3098
3100
3101
3095
3099
3102
3096
3102
3103
2792
2795
2794
2798
2794
2801
2803
2798
2879
3104
2797
2800
3104
2799
2804
3105
2803
2881
3105
2800
2805
3058
3106
3060
3107
2803
2883
3108
2804
2806
3108
2885
3109
2805
3109
2806
2824
3110
2822
3111
2808
2810
2888
3108
2809
2810
2814
2823
2893
3111
2812
3112
2831
3113
2814
2820
3112
2823
2816
2818
2835
3113
2817
3112
2818
3114
3115
2838
3116
3117
2839
3057
3115
3117
3118
3119
2823
2907
3114
3120
2822
2825
3115
3120
2824
3121
2908
3121
2825
3058
3122
3061
3119
3123
2828
2829
2832
2844
2828
2829
3124
2833
2846
3125
2831
3124
3126
3127
2833
2849
3125
3128
3124
3129
2851
3128
3129
3130
3131
3132
2836
2838
3127
2837
3126
3129
2838
3130
3133
3134
3135
3136
3063
3132
3134
3135
3137
3138
2842
2843
2853
3139
2842
2843
3140
3141
2855
3142
2846
2847
2849
2846
2847
3140
3143
3144
2850
3141
2858
3075
3139
3141
3145
3146
3147
2850
3144
3148
3143
3146
3149
3147
3148
3149
3150
3151
3152
2854
2856
2857
2860
3153
2855
2856
3154
2855
2856
3155
3156
3157
2861
3085
3158
3078
3154
3157
3158
3159
3160
3161
2862
2866
3162
2861
3162
3163
3086
3164
3165
2867
3097
3165
3098
3166
3167
3099
3167
3168
2866
2867
3100
3166
3169
3170
3171
2867
3169
3101
3170
3102
3168
3172
3103
3172
3173
2872
2873
2874
2878
3174
2872
2873
3175
2876
3176
2880
3177
2876
2877
2882
3178
2876
2877
3179
3180
2884
3181
2880
2881
2882
3182
2880
2881
3183
3184
2885
3185
2884
2885
3186
2884
2885
3187
3188
3189
2887
2891
3179
2889
2890
3181
2889
2893
3187
2892
3188
2891
2892
2898
3190
2900
3191
2893
2906
3192
2908
3193
2896
2897
2902
2914
3194
2896
2897
3195
2904
3196
2916
3197
2900
2901
2906
3198
2900
2901
3195
3199
3200
2909
3196
3201
2904
2905
2922
3202
2904
2905
3112
3203
3204
2924
3113
3205
2908
2909
3206
2908
2909
3203
3207
3208
3204
3209
2912
2913
2918
2930
3210
2912
2913
3211
2920
3212
2932
3213
2916
2917
2922
3214
2916
2917
3211
3215
3216
2925
3212
3217
2920
2921
2938
3218
2920
2921
3124
3219
3220
2940
3125
3221
2924
2925
3222
2924
2925
3126
3219
3223
3127
3224
3220
3225
2928
2929
2934
2943
3226
2928
2929
3227
2936
3228
2945
3229
2932
2933
2938
3230
2932
2933
3227
3231
3232
2941
3228
3233
2936
2937
2948
3234
2936
2937
3140
3235
3236
2950
3142
3237
2940
2941
3238
2940
2941
3143
3235
3239
3144
3240
3236
3241
2944
2946
2947
2953
3242
3243
3244
2945
2946
2948
3245
2945
2946
3242
3246
2951
3243
2949
2951
2954
3153
3247
3248
3249
2950
2951
3250
2950
2951
3155
3247
3156
3251
3248
2955
2959
3252
2954
3252
3253
3163
3254
3255
2960
3162
3255
3166
3256
3257
3167
3257
3258
3168
3258
3259
2960
3260
3169
3261
3171
3256
3260
3261
3262
3263
3264
3172
3259
3265
3173
3265
3266
2966
2967
2968
2972
3267
2966
2967
3268
2970
3269
2974
3270
2970
2971
2976
3271
2970
2971
2981
3272
2978
2980
2974
2975
2976
3273
2974
2975
3175
3274
3275
2979
3176
3276
2978
2979
3277
2978
2979
2983
3179
2982
3180
3278
2981
2982
2988
3271
2990
3272
2983
2996
3277
2998
3191
3278
2986
2987
2992
3004
3279
2986
2987
3280
2994
3281
3006
3282
2990
2991
2996
3283
2990
2991
3280
3284
3285
2999
3281
3286
2994
2995
3012
3287
2994
2995
3195
3288
3289
3014
3197
3290
2998
2999
3291
2998
2999
3199
3288
3292
3200
3293
3289
3294
3002
3003
3008
3020
3295
3002
3003
3296
3010
3297
3022
3298
3006
3007
3012
3299
3006
3007
3296
3300
3301
3015
3297
3302
3010
3011
3028
3303
3010
3011
3211
3304
3305
3030
3213
3306
3014
3015
3307
3014
3015
3215
3304
3308
3216
3309
3305
3310
3018
3019
3024
3035
3311
3018
3019
3312
3026
3313
3036
3314
3022
3023
3028
3315
3022
3023
3312
3316
3317
3031
3313
3318
3026
3027
3040
3319
3026
3027
3227
3320
3321
3041
3229
3322
3030
3031
3323
3030
3031
3231
3320
3324
3232
3325
3321
3326
3033
3036
3327
3035
3038
3328
3039
3043
3327
3328
3329
3330
3331
3036
3040
3332
3333
3038
3041
3242
3334
3040
3335
3044
3244
3334
3335
3336
3337
3338
3041
3339
3246
3340
3045
3050
3341
3044
3341
3342
3253
3343
3344
3051
3252
3344
3256
3345
3346
3257
3346
3347
3258
3347
3348
3259
3348
3349
3051
3052
3053
3260
3053
3341
3350
3262
3344
3351
3264
3345
3350
3351
3352
3353
3265
3349
3354
3266
3354
3355
3063
3356
3357
3358
3359
3060
3061
3360
3060
3061
3357
3361
3362
3358
3363
3064
3065
3364
3364
3365
3366
3367
3368
3067
3132
3067
3369
3370
3068
3069
3369
3152
3371
3070
3371
3070
3372
3373
3374
3375
3373
3375
3376
3377
3378
3378
3379
3379
3380
3075
3076
3147
3371
3078
3078
3161
3374
3381
3079
3080
3375
3381
3382
3081
3382
3081
3377
3383
3384
3385
3386
3378
3384
3386
3387
3388
3389
3379
3387
3390
3380
3390
3391
3086
3382
3385
3392
3088
3090
3386
3392
3091
3097
3100
3387
3393
3091
3100
3389
3394
3100
3101
3390
3393
3395
3391
3395
3396
3098
3393
3397
3395
3397
3398
3396
3398
3399
3101
3392
3400
3401
3397
3401
3402
3101
3394
3400
3403
3394
3398
3402
3404
3399
3404
3405
3105
3107
3183
3106
3109
3185
3107
3110
3360
3406
3362
3407
3109
3111
3187
3110
3189
3111
3122
3408
3121
3193
3113
3114
3116
3127
3116
3203
3409
3117
3119
3409
3136
3205
3410
3118
3135
3410
3119
3137
3356
3411
3358
3412
3121
3123
3207
3409
3122
3208
3123
3360
3413
3363
3412
3414
3125
3415
3144
3416
3127
3133
3415
3136
3129
3131
3148
3416
3130
3415
3131
3417
3418
3151
3419
3420
3152
3364
3418
3420
3421
3422
3136
3223
3417
3423
3135
3138
3418
3423
3137
3424
3224
3424
3138
3365
3425
3368
3422
3426
3141
3142
3145
3154
3141
3142
3427
3146
3156
3428
3144
3427
3429
3430
3146
3159
3428
3431
3427
3432
3161
3431
3432
3433
3434
3435
3149
3151
3430
3150
3429
3432
3151
3433
3436
3437
3438
3439
3370
3435
3437
3438
3440
3441
3155
3157
3158
3160
3163
3442
3443
3156
3157
3159
3156
3157
3442
3444
3160
3164
3382
3445
3160
3444
3446
3442
3447
3445
3446
3447
3448
3449
3450
3165
3169
3451
3164
3451
3452
3385
3453
3454
3170
3392
3454
3400
3455
3456
3401
3456
3457
3402
3457
3458
3170
3459
3394
3460
3403
3455
3459
3460
3461
3462
3463
3404
3458
3464
3405
3464
3465
3176
3177
3178
3182
3466
3176
3177
3467
3180
3468
3184
3469
3180
3181
3186
3470
3180
3181
3191
3471
3188
3190
3184
3185
3186
3472
3184
3185
3407
3473
3189
3406
3188
3189
3474
3188
3189
3193
3192
3408
3191
3192
3198
3470
3200
3471
3193
3206
3474
3208
3408
3196
3197
3202
3214
3475
3196
3197
3476
3204
3477
3216
3478
3200
3201
3206
3479
3200
3201
3476
3480
3481
3209
3477
3482
3204
3205
3222
3483
3204
3205
3484
3485
3224
3486
3208
3209
3487
3208
3209
3414
3484
3413
3485
3488
3212
3213
3218
3230
3489
3212
3213
3490
3220
3491
3232
3492
3216
3217
3222
3493
3216
3217
3490
3494
3495
3225
3491
3496
3220
3221
3238
3497
3220
3221
3415
3498
3499
3240
3416
3500
3224
3225
3501
3224
3225
3498
3502
3503
3499
3504
3228
3229
3234
3245
3505
3228
3229
3506
3236
3507
3246
3508
3232
3233
3238
3509
3232
3233
3506
3510
3511
3241
3507
3512
3236
3237
3250
3513
3236
3237
3427
3514
3515
3251
3428
3516
3240
3241
3517
3240
3241
3429
3514
3518
3430
3519
3515
3520
3243
3246
3521
3245
3248
3522
3249
3253
3521
3522
3523
3524
3525
3246
3250
3526
3527
3248
3251
3442
3528
3250
3529
3254
3443
3528
3529
3530
3531
3532
3251
3533
3444
3534
3255
3260
3535
3254
3535
3536
3452
3537
3538
3261
3451
3538
3455
3539
3540
3456
3540
3541
3457
3541
3542
3458
3542
3543
3261
3262
3263
3459
3263
3535
3544
3461
3538
3545
3463
3539
3544
3545
3546
3547
3464
3543
3548
3465
3548
3549
3269
3270
3271
3273
3550
3269
3270
3551
3272
3552
3275
3553
3272
3277
3283
3285
3275
3276
3277
3554
3275
3276
3467
3555
3556
3278
3468
3557
3278
3291
3293
3471
3281
3282
3287
3299
3558
3281
3282
3559
3289
3560
3301
3561
3285
3286
3291
3550
3285
3286
3559
3562
3552
3294
3560
3563
3289
3290
3307
3564
3289
3290
3476
3565
3566
3309
3478
3567
3293
3294
3554
3293
3294
3480
3565
3568
3481
3557
3566
3569
3297
3298
3303
3315
3570
3297
3298
3571
3305
3572
3317
3573
3301
3302
3307
3574
3301
3302
3571
3575
3576
3310
3572
3577
3305
3306
3323
3578
3305
3306
3490
3579
3580
3325
3492
3581
3309
3310
3582
3309
3310
3494
3579
3583
3495
3584
3580
3585
3313
3314
3319
3332
3586
3313
3314
3587
3321
3588
3333
3589
3317
3318
3323
3590
3317
3318
3587
3591
3592
3326
3588
3593
3321
3322
3339
3594
3321
3322
3506
3595
3596
3340
3508
3597
3325
3326
3598
3325
3326
3510
3595
3599
3511
3600
3596
3601
3328
3329
3333
3330
3332
3335
3330
3602
3603
3337
3604
3605
3338
3342
3602
3604
3606
3607
3608
3333
3339
3605
3603
3335
3336
3340
3521
3337
3339
3337
3523
3609
3610
3611
3612
3343
3525
3609
3611
3613
3614
3615
3340
3612
3527
3610
3344
3616
3343
3616
3617
3536
3618
3619
3535
3619
3539
3620
3540
3620
3621
3541
3621
3622
3542
3622
3623
3543
3623
3624
3351
3352
3616
3353
3544
3619
3353
3625
3546
3626
3548
3624
3627
3549
3627
3628
3358
3359
3365
3629
3358
3359
3630
3631
3367
3632
3362
3363
3633
3362
3363
3630
3634
3635
3631
3636
3370
3637
3638
3639
3640
3367
3368
3641
3367
3368
3638
3642
3643
3639
3644
3371
3372
3645
3645
3646
3647
3648
3649
3374
3435
3374
3650
3651
3375
3376
3650
3450
3652
3377
3652
3377
3653
3654
3655
3656
3654
3656
3657
3658
3659
3657
3660
3660
3661
3382
3383
3445
3652
3385
3385
3453
3655
3662
3386
3388
3656
3662
3663
3389
3663
3403
3657
3664
3389
3403
3659
3665
3403
3666
3660
3664
3667
3661
3667
3668
3394
3663
3400
3664
3669
3666
3667
3669
3670
3668
3670
3671
3401
3669
3672
3670
3672
3673
3671
3673
3674
3675
3676
3676
3677
3672
3677
3678
3665
3666
3675
3679
3673
3678
3680
3674
3680
3681
3407
3408
3472
3633
3473
3635
3413
3474
3410
3412
3484
3411
3424
3486
3412
3425
3629
3682
3631
3683
3414
3487
3633
3488
3636
3683
3416
3417
3419
3430
3419
3498
3684
3420
3422
3684
3439
3500
3685
3421
3438
3685
3422
3440
3637
3686
3639
3687
3424
3426
3502
3684
3425
3503
3426
3641
3688
3644
3687
3689
3428
3690
3444
3691
3430
3436
3690
3439
3432
3434
3446
3691
3433
3690
3434
3692
3693
3449
3694
3695
3450
3645
3693
3695
3696
3697
3439
3518
3692
3698
3438
3441
3693
3698
3440
3699
3519
3699
3441
3646
3700
3649
3697
3701
3444
3702
3445
3447
3448
3452
3702
3703
3704
3705
3453
3706
3447
3449
3705
3448
3702
3449
3703
3707
3708
3709
3651
3706
3707
3708
3710
3711
3454
3459
3712
3453
3712
3713
3714
3715
3460
3663
3715
3675
3716
3717
3676
3717
3718
3677
3718
3719
3678
3719
3720
3460
3461
3462
3666
3462
3712
3721
3665
3715
3722
3679
3716
3721
3722
3723
3724
3680
3720
3725
3681
3725
3726
3468
3469
3470
3472
3727
3468
3469
3728
3471
3729
3473
3730
3471
3474
3479
3481
3473
3474
3731
3732
3487
3477
3478
3483
3493
3733
3477
3478
3734
3485
3735
3495
3736
3481
3482
3487
3727
3481
3482
3734
3737
3729
3488
3735
3738
3485
3486
3501
3739
3485
3486
3683
3740
3503
3682
3488
3731
3740
3741
3491
3492
3497
3509
3742
3491
3492
3743
3499
3744
3511
3745
3495
3496
3501
3746
3495
3496
3743
3747
3748
3504
3744
3749
3499
3500
3517
3750
3499
3500
3751
3752
3519
3753
3503
3504
3754
3503
3504
3689
3751
3688
3752
3755
3507
3508
3513
3526
3756
3507
3508
3757
3515
3758
3527
3759
3511
3512
3517
3760
3511
3512
3757
3761
3762
3520
3758
3763
3515
3516
3533
3764
3515
3516
3690
3765
3766
3534
3691
3767
3519
3520
3768
3519
3520
3765
3769
3770
3766
3771
3522
3523
3527
3524
3526
3529
3524
3772
3773
3531
3774
3775
3532
3536
3772
3774
3776
3777
3778
3527
3533
3775
3773
3529
3530
3534
3702
3531
3533
3531
3703
3779
3780
3781
3782
3537
3704
3779
3781
3783
3784
3785
3534
3782
3705
3780
3538
3786
3537
3786
3787
3713
3788
3789
3712
3789
3716
3790
3717
3790
3791
3718
3791
3792
3719
3792
3793
3720
3793
3794
3545
3546
3786
3547
3721
3789
3547
3795
3723
3796
3725
3794
3797
3726
3797
3798
3552
3553
3554
3563
3552
3553
3799
3562
3556
3800
3556
3557
3569
3556
3557
3728
3801
3802
3568
3729
3560
3561
3564
3574
3803
3560
3561
3804
3566
3805
3576
3806
3563
3799
3804
3569
3800
3805
3566
3567
3582
3807
3566
3567
3734
3808
3809
3584
3736
3810
3569
3737
3801
3808
3802
3809
3572
3573
3578
3590
3811
3572
3573
3812
3580
3813
3592
3814
3576
3577
3582
3815
3576
3577
3812
3816
3817
3585
3813
3818
3580
3581
3598
3819
3580
3581
3743
3820
3821
3600
3745
3822
3584
3585
3823
3584
3585
3747
3820
3824
3748
3825
3821
3826
3588
3589
3594
3605
3827
3588
3589
3828
3596
3829
3603
3830
3592
3593
3598
3831
3592
3593
3828
3832
3833
3601
3829
3834
3596
3597
3612
3835
3596
3597
3757
3836
3837
3610
3759
3838
3600
3601
3839
3600
3601
3761
3836
3840
3762
3841
3837
3842
3604
3606
3843
3605
3843
3607
3611
3844
3612
3844
3607
3845
3846
3614
3847
3848
3615
3617
3845
3847
3849
3850
3611
3613
3772
3851
3612
3773
3851
3614
3852
3852
3614
3776
3853
3854
3855
3856
3618
3778
3853
3855
3857
3858
3619
3625
3618
3625
3626
3787
3626
3786
3790
3859
3791
3859
3860
3792
3860
3861
3793
3861
3862
3794
3862
3863
3626
3795
3797
3863
3864
3798
3864
3865
3631
3632
3641
3866
3631
3632
3867
3868
3643
3869
3635
3636
3731
3635
3636
3867
3870
3732
3741
3868
3639
3640
3646
3871
3639
3640
3872
3873
3648
3874
3643
3644
3875
3643
3644
3872
3876
3877
3873
3878
3651
3879
3880
3881
3882
3648
3649
3883
3648
3649
3880
3884
3885
3881
3886
3652
3653
3887
3887
3888
3889
3890
3891
3655
3706
3655
3892
3893
3656
3658
3892
3714
3894
3659
3894
3679
3895
3659
3679
3896
3679
3897
3895
3898
3898
3899
3663
3665
3715
3894
3666
3675
3895
3900
3666
3897
3898
3900
3901
3899
3901
3902
3676
3900
3903
3901
3903
3904
3902
3904
3905
3677
3903
3906
3904
3906
3907
3905
3907
3908
3909
3910
3910
3911
3911
3912
3906
3912
3913
3896
3897
3909
3907
3913
3914
3908
3914
3915
3683
3688
3739
3866
3740
3868
3685
3687
3751
3686
3699
3753
3687
3700
3871
3916
3873
3917
3689
3754
3875
3755
3878
3917
3691
3692
3694
3705
3694
3765
3918
3695
3697
3918
3709
3767
3919
3696
3708
3919
3697
3710
3879
3920
3881
3921
3699
3701
3769
3918
3700
3770
3701
3883
3922
3886
3921
3923
3703
3705
3709
3924
3706
3707
3711
3713
3924
3925
3926
3709
3714
3887
3708
3711
3924
3710
3927
3780
3927
3711
3888
3928
3891
3925
3715
3929
3714
3929
3930
3893
3931
3931
3909
3932
3910
3932
3933
3911
3933
3934
3912
3934
3935
3913
3935
3936
3722
3723
3929
3724
3897
3931
3724
3937
3896
3938
3914
3936
3939
3915
3939
3940
3729
3730
3731
3738
3729
3730
3941
3737
3732
3942
3732
3741
3870
3735
3736
3739
3746
3943
3735
3736
3944
3740
3945
3748
3946
3738
3941
3944
3741
3942
3945
3740
3754
3947
3948
3870
3948
3744
3745
3750
3760
3949
3744
3745
3950
3752
3951
3762
3952
3748
3749
3754
3953
3748
3749
3950
3954
3955
3755
3951
3956
3752
3753
3768
3957
3752
3753
3917
3958
3770
3916
3755
3959
3958
3960
3758
3759
3764
3775
3961
3758
3759
3962
3766
3963
3773
3964
3762
3763
3768
3965
3762
3763
3962
3966
3967
3771
3963
3968
3766
3767
3782
3969
3766
3767
3970
3971
3780
3972
3770
3771
3973
3770
3771
3923
3970
3922
3971
3974
3774
3776
3975
3775
3975
3777
3781
3976
3782
3976
3777
3977
3978
3784
3979
3980
3785
3787
3977
3979
3981
3982
3781
3783
3924
3983
3782
3983
3784
3984
3984
3784
3925
3985
3986
3987
3988
3788
3926
3985
3987
3989
3990
3789
3795
3788
3795
3796
3930
3796
3929
3932
3991
3933
3991
3992
3934
3992
3993
3935
3993
3994
3936
3994
3995
3796
3937
3939
3995
3996
3940
3996
3997
3800
3998
3802
3999
3802
3941
4000
4001
3805
3806
3807
3815
4002
3805
3806
3998
3809
3999
3817
4003
3809
3810
3823
4004
3809
3810
3944
4000
4001
3825
3946
4005
3813
3814
3819
3831
4006
3813
3814
4007
3821
4008
3833
4009
3817
3818
3823
4010
3817
3818
4007
4011
4012
3826
4008
4013
3821
3822
3839
4014
3821
3822
3950
4015
4016
3841
3952
4017
3825
3826
4018
3825
3826
3954
4015
4019
3955
4020
4016
4021
3829
3830
3835
3844
4022
3829
3830
4023
3837
4024
3843
4025
3833
3834
3839
4026
3833
3834
4023
4027
4028
3842
4024
4029
3837
3838
3852
4030
3837
3838
3962
4031
4032
3851
3964
4033
3841
3842
4034
3841
3842
3966
4031
4035
3967
4036
4032
4037
3844
3846
3848
3852
3847
3849
4038
3848
4025
4038
3850
3855
4039
3856
4022
4039
3850
4040
3858
4041
3852
3854
3975
3856
3855
3857
3977
4042
3856
3978
4033
4042
3858
4043
4030
4043
3858
3981
4044
4045
3991
4046
3992
4046
4047
3993
4047
4048
3994
4048
4049
3995
4049
4050
3996
4050
4051
3997
4051
4052
3868
3869
3875
3947
3868
3869
4053
3948
3877
4054
3942
4053
3873
3874
3883
4055
3873
3874
4056
4057
3885
4058
3877
3878
3959
3877
3878
4056
4059
4060
3960
4057
3881
3882
3888
4061
3881
3882
4062
4063
3890
4064
3885
3886
4065
3885
3886
4062
4066
4067
4063
4068
3893
3926
3890
3891
4069
3890
3891
3926
4070
4071
3926
4072
3894
3896
3938
3930
3938
3897
3931
3909
4073
3897
4073
4074
4074
4075
3910
4073
4076
4074
4076
4077
4075
4077
4078
3911
4076
4079
4077
4079
4080
4078
4080
4081
3912
4079
4082
4080
4082
4083
4081
4083
4084
4085
4085
4086
4086
4087
4087
4088
4082
4088
4089
4083
4089
4090
4084
4090
4091
3917
3922
3957
4055
3958
4057
3919
3921
3970
3920
3927
3972
3921
3928
4061
4092
4063
4093
3923
3973
4065
3974
4068
4093
3925
3927
3928
4072
3930
4070
4072
3928
3983
3986
4069
3931
3937
3937
3938
4085
4094
4086
4094
4095
4087
4095
4096
4088
4096
4097
4089
4097
4098
3938
4090
4098
4099
4091
4099
4100
3942
4101
4102
3945
3946
3947
3953
4103
3945
3946
4101
3948
4102
3955
4104
3948
3959
4054
4053
3951
3952
3957
3965
4105
3951
3952
4106
3958
4107
3967
4108
3955
3956
3959
4109
3955
3956
4106
4110
4111
3960
4107
4112
3958
3973
4113
4114
3960
4060
4059
4114
3963
3964
3969
3976
4115
3963
3964
4116
3971
4117
3975
4118
3967
3968
3973
4119
3967
3968
4116
4120
4121
3974
4117
4122
3971
3972
3984
4123
3971
3972
4093
4124
3983
4092
3974
4125
4124
4126
3976
3978
3980
3984
3979
3981
4127
3980
4118
4127
3982
3987
4128
3988
4115
4128
3982
4129
3990
4130
3984
3986
3988
3987
3989
4072
4131
3988
4092
4131
3990
4132
4123
4132
3990
4070
4133
4134
4094
4135
4095
4135
4136
4096
4136
4137
4097
4137
4138
4098
4138
4139
4099
4139
4140
4100
4140
4141
3999
4003
4001
4002
4001
4005
4101
4004
4003
4004
4010
4012
4005
4018
4020
4104
4008
4009
4014
4026
4142
4008
4009
4143
4016
4144
4028
4145
4012
4013
4018
4012
4013
4143
4021
4144
4016
4017
4034
4146
4016
4017
4106
4147
4148
4036
4108
4149
4020
4021
4020
4021
4110
4147
4111
4148
4024
4025
4030
4150
4024
4025
4151
4032
4152
4153
4028
4029
4034
4154
4028
4029
4151
4155
4156
4037
4152
4157
4032
4033
4158
4032
4033
4116
4159
4160
4118
4161
4036
4037
4162
4036
4037
4120
4159
4163
4121
4164
4160
4165
4039
4040
4153
4041
4043
4150
4041
4166
4045
4167
4043
4044
4127
4161
4045
4158
4045
4129
4168
4169
4135
4170
4136
4170
4171
4137
4171
4172
4138
4172
4173
4139
4173
4174
4140
4174
4175
4141
4175
4176
4054
4102
4060
4103
4057
4058
4065
4113
4057
4058
4177
4114
4067
4178
4060
4112
4177
4109
4063
4064
4069
4179
4063
4064
4180
4181
4071
4182
4067
4068
4125
4067
4068
4180
4183
4184
4126
4181
4071
4072
4131
4071
4072
4133
4085
4185
4185
4186
4186
4187
4086
4185
4188
4186
4188
4189
4187
4189
4190
4087
4188
4191
4189
4191
4192
4190
4192
4193
4088
4191
4194
4192
4194
4195
4193
4195
4196
4197
4197
4198
4198
4199
4199
4200
4194
4200
4201
4195
4201
4202
4196
4202
4203
4093
4123
4179
4124
4181
4197
4204
4198
4204
4205
4199
4205
4206
4200
4206
4207
4201
4207
4208
4202
4208
4209
4203
4209
4210
4102
4104
4103
4104
4109
4111
4107
4108
4113
4119
4211
4107
4108
4212
4114
4213
4121
4214
4111
4112
4111
4112
4212
4213
4114
4125
4178
4177
4117
4118
4123
4215
4117
4118
4216
4124
4217
4218
4121
4122
4125
4219
4121
4122
4216
4220
4221
4126
4217
4222
4124
4223
4224
4126
4184
4183
4224
4128
4129
4218
4130
4132
4215
4130
4225
4134
4226
4132
4133
4179
4134
4223
4134
4182
4227
4204
4228
4205
4228
4229
4206
4229
4230
4207
4230
4231
4208
4231
4232
4209
4232
4233
4210
4233
4234
4144
4145
4146
4154
4144
4145
4148
4156
4148
4149
4162
4148
4149
4212
4164
4214
4152
4153
4158
4167
4152
4153
4235
4160
4236
4166
4156
4157
4162
4156
4157
4235
4165
4236
4160
4161
4169
4160
4161
4216
4237
4238
4168
4218
4164
4165
4164
4165
4220
4237
4221
4238
4167
4235
4169
4236
4169
4225
4237
4238
4228
4239
4229
4239
4240
4230
4240
4241
4231
4241
4242
4232
4242
4243
4233
4243
4244
4234
4244
4245
4178
4213
4184
4211
4181
4182
4223
4181
4182
4246
4224
4227
4184
4222
4246
4219
4197
4247
4247
4248
4248
4249
4198
4247
4250
4248
4250
4251
4249
4251
4252
4199
4250
4253
4251
4253
4254
4252
4254
4255
4200
4253
4256
4254
4256
4257
4255
4257
4258
4259
4259
4260
4260
4261
4261
4262
4256
4262
4263
4257
4263
4264
4258
4264
4265
4259
4266
4260
4266
4267
4261
4267
4268
4262
4268
4269
4263
4269
4270
4264
4270
4271
4265
4271
4272
4213
4214
4219
4213
4214
4221
4217
4218
4223
4226
4217
4218
4273
4224
4274
4225
4221
4222
4221
4222
4273
4274
4224
4227
4246
4226
4273
4227
4274
4246
4266
4275
4267
4275
4276
4268
4276
4277
4269
4277
4278
4270
4278
4279
4271
4279
4280
4272
4280
4281
4236
4238
4238
4273
4275
4282
4276
4282
4283
4277
4283
4284
4278
4284
4285
4279
4285
4286
4280
4286
4287
4281
4287
4288
4274
4259
4289
4289
4290
4290
4291
4260
4289
4292
4290
4292
4293
4291
4293
4294
4261
4292
4295
4293
4295
4296
4294
4296
4297
4262
4295
4298
4296
4298
4299
4297
4299
4300
4301
4301
4302
4302
4303
4303
4304
4298
4304
4305
4299
4305
4306
4300
4306
4307
4301
4308
4302
4308
4309
4303
4309
4310
4304
4310
4311
4305
4311
4312
4306
4312
4313
4307
4313
4314
4274
4308
4315
4309
4315
4316
4310
4316
4317
4311
4317
4318
4312
4318
4319
4313
4319
4320
4314
4320
4321
4315
4322
4316
4322
4323
4317
4323
4324
4318
4324
4325
4319
4325
4326
4320
4326
4327
4321
4327
4328
4301
4329
4329
4330
4330
4331
4302
4329
4332
4330
4332
4333
4331
4333
4334
4303
4332
4335
4333
4335
4336
4334
4336
4337
4304
4335
4338
4336
4338
4339
4337
4339
4340
4341
4341
4342
4342
4343
4343
4344
4338
4344
4345
4339
4345
4346
4340
4346
4347
4341
4348
4342
4348
4349
4343
4349
4350
4344
4350
4351
4345
4351
4352
4346
4352
4353
4347
4353
4354
4348
4355
4349
4355
4356
4350
4356
4357
4351
4357
4358
4352
4358
4359
4353
4359
4360
4354
4360
4361
4355
4362
4356
4362
4363
4357
4363
4364
4358
4364
4365
4359
4365
4366
4360
4366
4367
4361
4367
4341
4368
4368
4369
4369
4370
4342
4368
4371
4369
4371
4372
4370
4372
4373
4343
4371
4374
4372
4374
4375
4373
4375
4376
4344
4374
4377
4375
4377
4378
4376
4378
4379
4380
4380
4381
4381
4382
4382
4383
4377
4383
4384
4378
4384
4385
4379
4385
4386
4380
4387
4381
4387
4388
4382
4388
4389
4383
4389
4390
4384
4390
4391
4385
4391
4392
4386
4392
4393
4387
4394
4388
4394
4395
4389
4395
4396
4390
4396
4397
4391
4397
4398
4392
4398
4399
4393
4399
4394
4400
4395
4400
4401
4396
4401
4402
4397
4402
4403
4398
4403
4404
4399
4404
4380
4405
4405
4406
4406
4407
4381
4405
4408
4406
4408
4409
4407
4409
4410
4382
4408
4411
4409
4411
4412
4410
4412
4413
4383
4411
4414
4412
4414
4415
4413
4415
4416
4417
4417
4418
4418
4419
4419
4420
4414
4420
4421
4415
4421
4422
4416
4422
4423
4417
4424
4418
4424
4425
4419
4425
4426
4420
4426
4427
4421
4427
4428
4422
4428
4429
4423
4429
4424
4430
4425
4430
4431
4426
4431
4432
4427
4432
4433
4428
4433
4434
4429
4434
4430
4435
4431
4435
4436
4432
4436
4437
4433
4437
4438
4434
4438
4417
4439
4439
4440
4440
4441
4418
4439
4442
4440
4442
4443
4441
4443
4444
4419
4442
4445
4443
4445
4446
4444
4446
4447
4420
4445
4448
4446
4448
4449
4447
4449
4450
4451
4451
4452
4452
4453
4453
4454
4448
4454
4455
4449
4455
4456
4450
4456
4451
4457
4452
4457
4458
4453
4458
4459
4454
4459
4460
4455
4460
4461
4456
4461
4457
4462
4458
4462
4463
4459
4463
4464
4460
4464
4465
4461
4465
4462
4466
4463
4466
4467
4464
4467
4468
4465
4468
4451
4469
4469
4470
4470
4471
4452
4469
4472
4470
4472
4473
4471
4473
4474
4453
4472
4475
4473
4475
4476
4474
4476
4477
4454
4475
4478
4476
4478
4479
4477
4479
4480
4480
4481
4481
4482
4482
4483
4478
4483
4484
4479
4484
4480
4485
4481
4485
4486
4482
4486
4487
4483
4487
4488
4484
4488
4485
4489
4486
4489
4490
4487
4490
4491
4488
4491
4489
4492
4490
4492
4493
4491
4493
4480
4494
4494
4495
4495
4496
4481
4494
4497
4495
4497
4498
4496
4498
4499
4482
4497
4500
4498
4500
4501
4499
4501
4483
4500
4502
4501
4502
4503
4503
4504
4504
4505
4505
4506
4502
4506
4503
4507
4504
4507
4508
4505
4508
4509
4506
4509
4507
4510
4508
4510
4511
4509
4511
4510
4512
4511
4512
4503
4513
4513
4514
4514
4515
4504
4513
4516
4514
4516
4517
4515
4517
4505
4516
4518
4517
4518
4506
4518
4519
4519
4520
4520
4521
4521
4519
4522
4520
4522
4523
4521
4523
4522
4524
4523
4524
4524
4519
4525
4525
4526
4526
4520
4525
4527
4526
4527
4521
4527
4528
4528
4529
4529
4528
4530
4529
4530
4530
4528
4531
4531
4529
4531
4532
4532
4532
4532
)


// ************************************************************************* //
