/*--------------------------------*- C++ -*----------------------------------*\
| =========                 |                                                 |
| \\      /  F ield         | OpenFOAM: The Open Source CFD Toolbox           |
|  \\    /   O peration     | Version:  2406                                  |
|   \\  /    A nd           | Website:  www.openfoam.com                      |
|    \\/     M anipulation  |                                                 |
\*---------------------------------------------------------------------------*/
FoamFile
{
    version     2.0;
    format      ascii;
    arch        "LSB;label=32;scalar=64";
    class       labelList;
    location    "constant/polyMesh";
    object      pointProcAddressing;
}
// * * * * * * * * * * * * * * * * * * * * * * * * * * * * * * * * * * * * * //


5772
(
40
41
42
43
44
49
50
51
52
53
58
59
60
61
62
67
68
69
70
71
76
77
78
79
80
121
122
123
124
125
130
131
132
133
134
139
140
141
142
143
148
149
150
151
152
157
158
159
160
161
202
203
204
205
206
211
212
213
214
215
220
221
222
223
224
229
230
231
232
233
238
239
240
241
242
283
284
285
286
287
292
293
294
295
296
301
302
303
304
305
310
311
312
313
314
319
320
321
322
323
364
365
366
367
368
373
374
375
376
377
382
383
384
385
386
391
392
393
394
395
400
401
402
403
404
445
446
447
448
449
454
455
456
457
458
463
464
465
466
467
472
473
474
475
476
481
482
483
484
485
526
527
528
529
530
535
536
537
538
539
544
545
546
547
548
553
554
555
556
557
562
563
564
565
566
607
608
609
610
611
616
617
618
619
620
625
626
627
628
629
634
635
636
637
638
643
644
645
646
647
688
689
690
691
692
697
698
699
700
701
706
707
708
709
710
715
716
717
718
719
724
725
726
727
728
769
770
771
772
773
778
779
780
781
782
787
788
789
790
791
796
797
798
799
800
805
806
807
808
809
850
851
852
853
854
859
860
861
862
863
868
869
870
871
872
877
878
879
880
881
886
887
888
889
890
931
932
933
934
935
940
941
942
943
944
949
950
951
952
953
958
959
960
961
962
967
968
969
970
971
1012
1013
1014
1015
1016
1021
1022
1023
1024
1025
1030
1031
1032
1033
1034
1039
1040
1041
1042
1043
1048
1049
1050
1051
1052
1093
1094
1095
1096
1097
1102
1103
1104
1105
1106
1111
1112
1113
1114
1115
1120
1121
1122
1123
1124
1129
1130
1131
1132
1133
1174
1175
1176
1177
1178
1183
1184
1185
1186
1187
1192
1193
1194
1195
1196
1201
1202
1203
1204
1205
1210
1211
1212
1213
1214
1255
1256
1257
1258
1259
1264
1265
1266
1267
1268
1273
1274
1275
1276
1277
1282
1283
1284
1285
1286
1291
1292
1293
1294
1295
1336
1337
1338
1339
1340
1345
1346
1347
1348
1349
1354
1355
1356
1357
1358
1363
1364
1365
1366
1367
1372
1373
1374
1375
1376
1417
1418
1419
1420
1421
1426
1427
1428
1429
1430
1435
1436
1437
1438
1439
1444
1445
1446
1447
1448
1453
1454
1455
1456
1457
1498
1499
1500
1501
1502
1507
1508
1509
1510
1511
1516
1517
1518
1519
1520
1525
1526
1527
1528
1529
1534
1535
1536
1537
1538
1579
1580
1581
1582
1583
1588
1589
1590
1591
1592
1597
1598
1599
1600
1601
1606
1607
1608
1609
1610
1615
1616
1617
1618
1619
1660
1661
1662
1663
1664
1669
1670
1671
1672
1673
1678
1679
1680
1681
1682
1687
1688
1689
1690
1691
1696
1697
1698
1699
1700
1741
1742
1743
1744
1745
1750
1751
1752
1753
1754
1759
1760
1761
1762
1763
1768
1769
1770
1771
1772
1777
1778
1779
1780
1781
1822
1823
1824
1825
1826
1831
1832
1833
1834
1835
1840
1841
1842
1843
1844
1849
1850
1851
1852
1853
1858
1859
1860
1861
1862
1903
1904
1905
1906
1907
1912
1913
1914
1915
1916
1921
1922
1923
1924
1925
1930
1931
1932
1933
1934
1939
1940
1941
1942
1943
1984
1985
1986
1987
1988
1993
1994
1995
1996
1997
2002
2003
2004
2005
2006
2011
2012
2013
2014
2015
2020
2021
2022
2023
2024
2065
2066
2067
2068
2069
2074
2075
2076
2077
2078
2083
2084
2085
2086
2087
2092
2093
2094
2095
2096
2101
2102
2103
2104
2105
2146
2147
2148
2149
2150
2155
2156
2157
2158
2159
2164
2165
2166
2167
2168
2173
2174
2175
2176
2177
2182
2183
2184
2185
2186
2227
2228
2229
2230
2231
2236
2237
2238
2239
2240
2245
2246
2247
2248
2249
2254
2255
2256
2257
2258
2263
2264
2265
2266
2267
2308
2309
2310
2311
2312
2317
2318
2319
2320
2321
2326
2327
2328
2329
2330
2335
2336
2337
2338
2339
2344
2345
2346
2347
2348
2389
2390
2391
2392
2393
2398
2399
2400
2401
2402
2407
2408
2409
2410
2411
2416
2417
2418
2419
2420
2425
2426
2427
2428
2429
2470
2471
2472
2473
2474
2479
2480
2481
2482
2483
2488
2489
2490
2491
2492
2497
2498
2499
2500
2501
2506
2507
2508
2509
2510
2551
2552
2553
2554
2555
2560
2561
2562
2563
2564
2569
2570
2571
2572
2573
2578
2579
2580
2581
2582
2587
2588
2589
2590
2591
2632
2633
2634
2635
2636
2641
2642
2643
2644
2645
2650
2651
2652
2653
2654
2659
2660
2661
2662
2663
2668
2669
2670
2671
2672
2713
2714
2715
2716
2717
2722
2723
2724
2725
2726
2731
2732
2733
2734
2735
2740
2741
2742
2743
2744
2749
2750
2751
2752
2753
2794
2795
2796
2797
2798
2803
2804
2805
2806
2807
2812
2813
2814
2815
2816
2821
2822
2823
2824
2825
2830
2831
2832
2833
2834
2875
2876
2877
2878
2879
2884
2885
2886
2887
2888
2893
2894
2895
2896
2897
2902
2903
2904
2905
2906
2911
2912
2913
2914
2915
2956
2957
2958
2959
2960
2965
2966
2967
2968
2969
2974
2975
2976
2977
2978
2983
2984
2985
2986
2987
2992
2993
2994
2995
2996
3037
3038
3039
3040
3041
3046
3047
3048
3049
3050
3055
3056
3057
3058
3059
3064
3065
3066
3067
3068
3073
3074
3075
3076
3077
3118
3119
3120
3121
3122
3127
3128
3129
3130
3131
3136
3137
3138
3139
3140
3145
3146
3147
3148
3149
3154
3155
3156
3157
3158
3199
3200
3201
3202
3203
3208
3209
3210
3211
3212
3217
3218
3219
3220
3221
3226
3227
3228
3229
3230
3235
3236
3237
3238
3239
3280
3281
3282
3283
3284
3289
3290
3291
3292
3293
3298
3299
3300
3301
3302
3307
3308
3309
3310
3311
3316
3317
3318
3319
3320
3333
3334
3335
3336
3337
3338
3339
3340
3341
3342
3343
3344
3345
3346
3347
3360
3361
3362
3363
3364
3365
3366
3367
3368
3369
3370
3371
3372
3373
3374
3387
3388
3389
3390
3391
3392
3393
3394
3395
3396
3397
3398
3399
3400
3401
3414
3415
3416
3417
3418
3419
3420
3421
3422
3423
3424
3425
3426
3427
3428
3441
3442
3443
3444
3445
3446
3447
3448
3449
3450
3451
3452
3453
3454
3455
3468
3469
3470
3471
3472
3473
3474
3475
3476
3477
3478
3479
3480
3481
3482
3495
3496
3497
3498
3499
3500
3501
3502
3503
3504
3505
3506
3507
3508
3509
3522
3523
3524
3525
3526
3527
3528
3529
3530
3531
3532
3533
3534
3535
3536
3549
3550
3551
3552
3553
3554
3555
3556
3557
3558
3559
3560
3561
3562
3563
3576
3577
3578
3579
3580
3581
3582
3583
3584
3585
3586
3587
3588
3589
3590
3603
3604
3605
3606
3607
3608
3609
3610
3611
3612
3613
3614
3615
3616
3617
3630
3631
3632
3633
3634
3635
3636
3637
3638
3639
3640
3641
3642
3643
3644
3657
3658
3659
3660
3661
3662
3663
3664
3665
3666
3667
3668
3669
3670
3671
3684
3685
3686
3687
3688
3689
3690
3691
3692
3693
3694
3695
3696
3697
3698
3711
3712
3713
3714
3715
3716
3717
3718
3719
3720
3721
3722
3723
3724
3725
3738
3739
3740
3741
3742
3743
3744
3745
3746
3747
3748
3749
3750
3751
3752
3765
3766
3767
3768
3769
3770
3771
3772
3773
3774
3775
3776
3777
3778
3779
3792
3793
3794
3795
3796
3797
3798
3799
3800
3801
3802
3803
3804
3805
3806
3819
3820
3821
3822
3823
3824
3825
3826
3827
3828
3829
3830
3831
3832
3833
3846
3847
3848
3849
3850
3851
3852
3853
3854
3855
3856
3857
3858
3859
3860
3873
3874
3875
3876
3877
3878
3879
3880
3881
3882
3883
3884
3885
3886
3887
3900
3901
3902
3903
3904
3905
3906
3907
3908
3909
3910
3911
3912
3913
3914
3927
3928
3929
3930
3931
3932
3933
3934
3935
3936
3937
3938
3939
3940
3941
3954
3955
3956
3957
3958
3959
3960
3961
3962
3963
3964
3965
3966
3967
3968
3981
3982
3983
3984
3985
3986
3987
3988
3989
3990
3991
3992
3993
3994
3995
4008
4009
4010
4011
4012
4013
4014
4015
4016
4017
4018
4019
4020
4021
4022
4035
4036
4037
4038
4039
4040
4041
4042
4043
4044
4045
4046
4047
4048
4049
4062
4063
4064
4065
4066
4067
4068
4069
4070
4071
4072
4073
4074
4075
4076
4089
4090
4091
4092
4093
4094
4095
4096
4097
4098
4099
4100
4101
4102
4103
4116
4117
4118
4119
4120
4121
4122
4123
4124
4125
4126
4127
4128
4129
4130
4143
4144
4145
4146
4147
4148
4149
4150
4151
4152
4153
4154
4155
4156
4157
4170
4171
4172
4173
4174
4175
4176
4177
4178
4179
4180
4181
4182
4183
4184
4197
4198
4199
4200
4201
4202
4203
4204
4205
4206
4207
4208
4209
4210
4211
4224
4225
4226
4227
4228
4229
4230
4231
4232
4233
4234
4235
4236
4237
4238
4251
4252
4253
4254
4255
4256
4257
4258
4259
4260
4261
4262
4263
4264
4265
4278
4279
4280
4281
4282
4283
4284
4285
4286
4287
4288
4289
4290
4291
4292
4305
4306
4307
4308
4309
4310
4311
4312
4313
4314
4315
4316
4317
4318
4319
4332
4333
4334
4335
4336
4337
4338
4339
4340
4341
4342
4343
4344
4345
4346
4359
4360
4361
4362
4363
4364
4365
4366
4367
4368
4369
4370
4371
4372
4373
4386
4387
4388
4389
4390
4391
4392
4393
4394
4395
4396
4397
4398
4399
4400
4413
4414
4415
4416
4417
4418
4419
4420
4421
4422
4423
4424
4425
4426
4427
4428
4429
4430
4431
4432
4433
4434
4435
4436
4437
4438
4439
4452
4453
4454
4455
4456
4457
4458
4459
4460
4461
4462
4463
4476
4477
4478
4479
4480
4481
4482
4483
4484
4485
4486
4487
4500
4501
4502
4503
4504
4505
4506
4507
4508
4509
4510
4511
4524
4525
4526
4527
4528
4529
4530
4531
4532
4533
4534
4535
4548
4549
4550
4551
4552
4553
4554
4555
4556
4557
4558
4559
4572
4573
4574
4575
4576
4577
4578
4579
4580
4581
4582
4583
4596
4597
4598
4599
4600
4601
4602
4603
4604
4605
4606
4607
4620
4621
4622
4623
4624
4625
4626
4627
4628
4629
4630
4631
4644
4645
4646
4647
4648
4649
4650
4651
4652
4653
4654
4655
4668
4669
4670
4671
4672
4673
4674
4675
4676
4677
4678
4679
4692
4693
4694
4695
4696
4697
4698
4699
4700
4701
4702
4703
4716
4717
4718
4719
4720
4721
4722
4723
4724
4725
4726
4727
4740
4741
4742
4743
4744
4745
4746
4747
4748
4749
4750
4751
4764
4765
4766
4767
4768
4769
4770
4771
4772
4773
4774
4775
4788
4789
4790
4791
4792
4793
4794
4795
4796
4797
4798
4799
4812
4813
4814
4815
4816
4817
4818
4819
4820
4821
4822
4823
4836
4837
4838
4839
4840
4841
4842
4843
4844
4845
4846
4847
4860
4861
4862
4863
4864
4865
4866
4867
4868
4869
4870
4871
4884
4885
4886
4887
4888
4889
4890
4891
4892
4893
4894
4895
4908
4909
4910
4911
4912
4913
4914
4915
4916
4917
4918
4919
4932
4933
4934
4935
4936
4937
4938
4939
4940
4941
4942
4943
4956
4957
4958
4959
4960
4961
4962
4963
4964
4965
4966
4967
4980
4981
4982
4983
4984
4985
4986
4987
4988
4989
4990
4991
5004
5005
5006
5007
5008
5009
5010
5011
5012
5013
5014
5015
5028
5029
5030
5031
5032
5033
5034
5035
5036
5037
5038
5039
5052
5053
5054
5055
5056
5057
5058
5059
5060
5061
5062
5063
5076
5077
5078
5079
5080
5081
5082
5083
5084
5085
5086
5087
5100
5101
5102
5103
5104
5105
5106
5107
5108
5109
5110
5111
5124
5125
5126
5127
5128
5129
5130
5131
5132
5133
5134
5135
5148
5149
5150
5151
5152
5153
5154
5155
5156
5157
5158
5159
5172
5173
5174
5175
5176
5177
5178
5179
5180
5181
5182
5183
5196
5197
5198
5199
5200
5201
5202
5203
5204
5205
5206
5207
5220
5221
5222
5223
5224
5225
5226
5227
5228
5229
5230
5231
5244
5245
5246
5247
5248
5249
5250
5251
5252
5253
5254
5255
5268
5269
5270
5271
5272
5273
5274
5275
5276
5277
5278
5279
5292
5293
5294
5295
5296
5297
5298
5299
5300
5301
5302
5303
5316
5317
5318
5319
5320
5321
5322
5323
5324
5325
5326
5327
5340
5341
5342
5343
5344
5345
5346
5347
5348
5349
5350
5351
5364
5365
5366
5367
5368
5369
5370
5371
5372
5373
5374
5375
5388
5389
5390
5391
5392
5393
5394
5395
5396
5397
5398
5399
7293
7294
7295
7296
7301
7302
7303
7304
7309
7310
7311
7312
7317
7318
7319
7320
7357
7358
7359
7360
7365
7366
7367
7368
7373
7374
7375
7376
7381
7382
7383
7384
7421
7422
7423
7424
7429
7430
7431
7432
7437
7438
7439
7440
7445
7446
7447
7448
7485
7486
7487
7488
7493
7494
7495
7496
7501
7502
7503
7504
7509
7510
7511
7512
7549
7550
7551
7552
7557
7558
7559
7560
7565
7566
7567
7568
7573
7574
7575
7576
7613
7614
7615
7616
7621
7622
7623
7624
7629
7630
7631
7632
7637
7638
7639
7640
7677
7678
7679
7680
7685
7686
7687
7688
7693
7694
7695
7696
7701
7702
7703
7704
7741
7742
7743
7744
7749
7750
7751
7752
7757
7758
7759
7760
7765
7766
7767
7768
7805
7806
7807
7808
7813
7814
7815
7816
7821
7822
7823
7824
7829
7830
7831
7832
7949
7950
7951
7952
7953
7954
7955
7956
7957
7958
7959
7960
7961
7962
7975
7976
7977
7978
7979
7980
7981
7982
7983
7984
7985
7986
7987
7988
8001
8002
8003
8004
8005
8006
8007
8008
8009
8010
8011
8012
8013
8014
8027
8028
8029
8030
8031
8032
8033
8034
8035
8036
8037
8038
8039
8040
8049
8050
8051
8052
8053
8054
8055
8056
8057
8174
8175
8176
8177
8178
8179
8180
8181
8182
8183
8184
8185
8186
8187
8200
8201
8202
8203
8204
8205
8206
8207
8208
8209
8210
8211
8212
8213
8226
8227
8228
8229
8230
8231
8232
8233
8234
8235
8236
8237
8238
8239
8252
8253
8254
8255
8256
8257
8258
8259
8260
8261
8262
8263
8264
8265
8274
8275
8276
8277
8278
8279
8280
8281
8282
8399
8400
8401
8402
8403
8404
8405
8406
8407
8408
8409
8410
8411
8412
8425
8426
8427
8428
8429
8430
8431
8432
8433
8434
8435
8436
8437
8438
8451
8452
8453
8454
8455
8456
8457
8458
8459
8460
8461
8462
8463
8464
8477
8478
8479
8480
8481
8482
8483
8484
8485
8486
8487
8488
8489
8490
8499
8500
8501
8502
8503
8504
8505
8506
8507
8624
8625
8626
8627
8628
8629
8630
8631
8632
8633
8634
8635
8636
8637
8650
8651
8652
8653
8654
8655
8656
8657
8658
8659
8660
8661
8662
8663
8676
8677
8678
8679
8680
8681
8682
8683
8684
8685
8686
8687
8688
8689
8702
8703
8704
8705
8706
8707
8708
8709
8710
8711
8712
8713
8714
8715
8724
8725
8726
8727
8728
8729
8730
8731
8732
8849
8850
8851
8852
8853
8854
8855
8856
8857
8858
8859
8860
8861
8862
8875
8876
8877
8878
8879
8880
8881
8882
8883
8884
8885
8886
8887
8888
8901
8902
8903
8904
8905
8906
8907
8908
8909
8910
8911
8912
8913
8914
8927
8928
8929
8930
8931
8932
8933
8934
8935
8936
8937
8938
8939
8940
8949
8950
8951
8952
8953
8954
8955
8956
8957
9074
9075
9076
9077
9078
9079
9080
9081
9082
9083
9084
9085
9086
9087
9100
9101
9102
9103
9104
9105
9106
9107
9108
9109
9110
9111
9112
9113
9126
9127
9128
9129
9130
9131
9132
9133
9134
9135
9136
9137
9138
9139
9152
9153
9154
9155
9156
9157
9158
9159
9160
9161
9162
9163
9164
9165
9174
9175
9176
9177
9178
9179
9180
9181
9182
9299
9300
9301
9302
9303
9304
9305
9306
9307
9308
9309
9310
9311
9312
9325
9326
9327
9328
9329
9330
9331
9332
9333
9334
9335
9336
9337
9338
9351
9352
9353
9354
9355
9356
9357
9358
9359
9360
9361
9362
9363
9364
9377
9378
9379
9380
9381
9382
9383
9384
9385
9386
9387
9388
9389
9390
9399
9400
9401
9402
9403
9404
9405
9406
9407
9524
9525
9526
9527
9528
9529
9530
9531
9532
9533
9534
9535
9536
9537
9550
9551
9552
9553
9554
9555
9556
9557
9558
9559
9560
9561
9562
9563
9576
9577
9578
9579
9580
9581
9582
9583
9584
9585
9586
9587
9588
9589
9602
9603
9604
9605
9606
9607
9608
9609
9610
9611
9612
9613
9614
9615
9624
9625
9626
9627
9628
9629
9630
9631
9632
9749
9750
9751
9752
9753
9754
9755
9756
9757
9758
9759
9760
9761
9762
9775
9776
9777
9778
9779
9780
9781
9782
9783
9784
9785
9786
9787
9788
9801
9802
9803
9804
9805
9806
9807
9808
9809
9810
9811
9812
9813
9814
9827
9828
9829
9830
9831
9832
9833
9834
9835
9836
9837
9838
9839
9840
9849
9850
9851
9852
9853
9854
9855
9856
9857
9934
9935
9936
9937
9938
9939
9940
9941
9942
9951
9952
9953
9954
9955
9956
9957
9958
9959
9968
9969
9970
9971
9972
9973
9974
9975
9976
9985
9986
9987
9988
9989
9990
9991
9992
9993
9998
9999
10000
10001
10038
10039
10040
10041
10046
10047
10048
10049
10054
10055
10056
10057
10062
10063
10064
10065
10163
10166
10169
10171
10184
10187
10188
10189
10190
10191
10192
10193
10194
10195
10196
10197
10198
10209
10212
10213
10214
10215
10216
10217
10218
10219
10220
10221
10222
10223
10234
10237
10238
10239
10240
10241
10242
10243
10244
10245
10246
10247
10248
10259
10262
10263
10264
10265
10266
10267
10268
10269
10270
10271
10272
10273
10371
10374
10377
10379
10392
10395
10396
10397
10398
10399
10400
10401
10402
10403
10404
10405
10406
10417
10420
10421
10422
10423
10424
10425
10426
10427
10428
10429
10430
10431
10442
10445
10446
10447
10448
10449
10450
10451
10452
10453
10454
10455
10456
10467
10470
10471
10472
10473
10474
10475
10476
10477
10478
10479
10480
10481
10579
10582
10585
10587
10600
10603
10604
10605
10606
10607
10608
10609
10610
10611
10612
10613
10614
10625
10628
10629
10630
10631
10632
10633
10634
10635
10636
10637
10638
10639
10650
10653
10654
10655
10656
10657
10658
10659
10660
10661
10662
10663
10664
10675
10678
10679
10680
10681
10682
10683
10684
10685
10686
10687
10688
10689
10787
10790
10793
10795
10808
10811
10812
10813
10814
10815
10816
10817
10818
10819
10820
10821
10822
10833
10836
10837
10838
10839
10840
10841
10842
10843
10844
10845
10846
10847
10858
10861
10862
10863
10864
10865
10866
10867
10868
10869
10870
10871
10872
10883
10886
10887
10888
10889
10890
10891
10892
10893
10894
10895
10896
10897
10995
10998
11001
11003
11016
11019
11020
11021
11022
11023
11024
11025
11026
11027
11028
11029
11030
11041
11044
11045
11046
11047
11048
11049
11050
11051
11052
11053
11054
11055
11066
11069
11070
11071
11072
11073
11074
11075
11076
11077
11078
11079
11080
11091
11094
11095
11096
11097
11098
11099
11100
11101
11102
11103
11104
11105
11203
11206
11209
11211
11224
11227
11228
11229
11230
11231
11232
11233
11234
11235
11236
11237
11238
11249
11252
11253
11254
11255
11256
11257
11258
11259
11260
11261
11262
11263
11274
11277
11278
11279
11280
11281
11282
11283
11284
11285
11286
11287
11288
11299
11302
11303
11304
11305
11306
11307
11308
11309
11310
11311
11312
11313
11411
11414
11417
11419
11432
11435
11436
11437
11438
11439
11440
11441
11442
11443
11444
11445
11446
11457
11460
11461
11462
11463
11464
11465
11466
11467
11468
11469
11470
11471
11482
11485
11486
11487
11488
11489
11490
11491
11492
11493
11494
11495
11496
11507
11510
11511
11512
11513
11514
11515
11516
11517
11518
11519
11520
11521
11619
11622
11625
11627
11640
11643
11644
11645
11646
11647
11648
11649
11650
11651
11652
11653
11654
11665
11668
11669
11670
11671
11672
11673
11674
11675
11676
11677
11678
11679
11690
11693
11694
11695
11696
11697
11698
11699
11700
11701
11702
11703
11704
11715
11718
11719
11720
11721
11722
11723
11724
11725
11726
11727
11728
11729
11827
11830
11833
11835
11848
11851
11852
11853
11854
11855
11856
11857
11858
11859
11860
11861
11862
11873
11876
11877
11878
11879
11880
11881
11882
11883
11884
11885
11886
11887
11898
11901
11902
11903
11904
11905
11906
11907
11908
11909
11910
11911
11912
11923
11926
11927
11928
11929
11930
11931
11932
11933
11934
11935
11936
11937
11950
11951
11952
11955
11956
11957
11960
11961
11962
11975
11976
11977
11980
11981
11982
11985
11986
11987
12000
12001
12002
12005
12006
12007
12010
12011
12012
12025
12026
12027
12030
12031
12032
12035
12036
12037
12050
12051
12052
12055
12056
12057
12060
12061
12062
12123
12124
12125
12126
12127
12128
12129
12130
12131
12132
12143
12144
12145
12146
12147
12148
12149
12150
12151
12152
12158
12159
12160
12161
12162
12271
12272
12273
12274
12275
12276
12277
12278
12279
12280
12281
12282
12283
12284
12285
12286
12287
12306
12307
12308
12309
12310
12311
12312
12313
12314
12315
12316
12317
12318
12319
12320
12321
12322
12331
12332
12333
12334
12335
12336
12337
12446
12447
12448
12449
12450
12451
12452
12453
12454
12455
12456
12457
12458
12459
12460
12461
12462
12481
12482
12483
12484
12485
12486
12487
12488
12489
12490
12491
12492
12493
12494
12495
12496
12497
12506
12507
12508
12509
12510
12511
12512
12621
12622
12623
12624
12625
12626
12627
12628
12629
12630
12631
12632
12633
12634
12635
12636
12637
12656
12657
12658
12659
12660
12661
12662
12663
12664
12665
12666
12667
12668
12669
12670
12671
12672
12681
12682
12683
12684
12685
12686
12687
12796
12797
12798
12799
12800
12801
12802
12803
12804
12805
12806
12807
12808
12809
12810
12811
12812
12831
12832
12833
12834
12835
12836
12837
12838
12839
12840
12841
12842
12843
12844
12845
12846
12847
12856
12857
12858
12859
12860
12861
12862
12971
12972
12973
12974
12975
12976
12977
12978
12979
12980
12981
12982
12983
12984
12985
12986
12987
13006
13007
13008
13009
13010
13011
13012
13013
13014
13015
13016
13017
13018
13019
13020
13021
13022
13031
13032
13033
13034
13035
13036
13037
13110
13113
13114
13115
13116
13118
13119
13120
13121
13122
13124
13125
13126
13127
13140
13141
13143
13144
13145
13146
13147
13148
13149
13150
13151
13152
13153
13154
13155
13156
13157
13170
13171
13173
13174
13175
13176
13177
13178
13179
13180
13181
13182
13183
13184
13185
13186
13187
13260
13263
13264
13265
13266
13268
13269
13270
13271
13272
13274
13275
13276
13277
13290
13291
13293
13294
13295
13296
13297
13298
13299
13300
13301
13302
13303
13304
13305
13306
13307
13320
13321
13323
13324
13325
13326
13327
13328
13329
13330
13331
13332
13333
13334
13335
13336
13337
13410
13413
13414
13415
13416
13418
13419
13420
13421
13422
13424
13425
13426
13427
13440
13441
13443
13444
13445
13446
13447
13448
13449
13450
13451
13452
13453
13454
13455
13456
13457
13470
13471
13473
13474
13475
13476
13477
13478
13479
13480
13481
13482
13483
13484
13485
13486
13487
13560
13563
13564
13565
13566
13568
13569
13570
13571
13572
13574
13575
13576
13577
13590
13591
13593
13594
13595
13596
13597
13598
13599
13600
13601
13602
13603
13604
13605
13606
13607
13620
13621
13623
13624
13625
13626
13627
13628
13629
13630
13631
13632
13633
13634
13635
13636
13637
13710
13713
13714
13715
13716
13718
13719
13720
13721
13722
13724
13725
13726
13727
13740
13741
13743
13744
13745
13746
13747
13748
13749
13750
13751
13752
13753
13754
13755
13756
13757
13770
13771
13773
13774
13775
13776
13777
13778
13779
13780
13781
13782
13783
13784
13785
13786
13787
13848
13851
13852
13853
13855
13856
13857
13858
13860
13861
13862
13873
13874
13876
13877
13878
13879
13880
13881
13882
13883
13884
13885
13886
13887
13898
13899
13901
13902
13903
13904
13905
13906
13907
13908
13909
13910
13911
13912
14005
14006
14007
14008
14009
14010
14011
14012
14013
14014
14015
14016
14017
14018
14033
14034
14035
14036
14037
14038
14039
14040
14041
14042
14043
14044
14045
14046
14058
14059
14060
14061
14062
14063
14064
14065
14066
14067
14068
14182
14183
14184
14185
14186
14187
14188
14189
14190
14191
14192
14193
14194
14195
14196
14197
14198
14216
14217
14218
14219
14220
14221
14222
14223
14224
14225
14226
14227
14228
14229
14230
14231
14232
14247
14248
14249
14250
14251
14252
14253
14254
14255
14256
14257
14258
14259
14260
14374
14375
14376
14377
14378
14379
14380
14381
14382
14383
14384
14385
14386
14387
14388
14389
14390
14408
14409
14410
14411
14412
14413
14414
14415
14416
14417
14418
14419
14420
14421
14422
14423
14424
14439
14440
14441
14442
14443
14444
14445
14446
14447
14448
14449
14450
14451
14452
14566
14567
14568
14569
14570
14571
14572
14573
14574
14575
14576
14577
14578
14579
14580
14581
14582
14600
14601
14602
14603
14604
14605
14606
14607
14608
14609
14610
14611
14612
14613
14614
14615
14616
14631
14632
14633
14634
14635
14636
14637
14638
14639
14640
14641
14642
14643
14644
14758
14759
14760
14761
14762
14763
14764
14765
14766
14767
14768
14769
14770
14771
14772
14773
14774
14792
14793
14794
14795
14796
14797
14798
14799
14800
14801
14802
14803
14804
14805
14806
14807
14808
14823
14824
14825
14826
14827
14828
14829
14830
14831
14832
14833
14834
14835
14836
14950
14951
14952
14953
14954
14955
14956
14957
14958
14959
14960
14961
14962
14963
14964
14965
14966
14984
14985
14986
14987
14988
14989
14990
14991
14992
14993
14994
14995
14996
14997
14998
14999
15000
15015
15016
15017
15018
15019
15020
15021
15022
15023
15024
15025
15026
15027
15028
15079
15080
15082
15083
15084
15086
15087
15088
15097
15099
15100
15101
15102
15103
15104
15105
15106
15107
15108
15117
15119
15120
15121
15122
15123
15124
15125
15126
15127
15128
15305
15307
15308
15309
15311
15312
15315
15316
15317
15319
15320
15321
15322
15323
15324
15326
15327
15328
15329
15331
15332
15333
15334
15335
15336
15338
15339
15340
15369
15370
15371
15372
15373
15375
15376
15377
15379
15380
15381
15382
15383
15384
15385
15386
15387
15388
15389
15390
15391
15392
15393
15394
15395
15396
15397
15398
15399
15400
15401
15402
15403
15404
15433
15434
15435
15436
15437
15439
15440
15441
15443
15444
15445
15446
15447
15448
15449
15450
15451
15452
15453
15454
15455
15456
15457
15458
15459
15460
15461
15462
15463
15464
15465
15466
15467
15468
15645
15647
15648
15649
15651
15652
15655
15656
15657
15659
15660
15661
15662
15663
15664
15666
15667
15668
15669
15671
15672
15673
15674
15675
15676
15678
15679
15680
15709
15710
15711
15712
15713
15715
15716
15717
15719
15720
15721
15722
15723
15724
15725
15726
15727
15728
15729
15730
15731
15732
15733
15734
15735
15736
15737
15738
15739
15740
15741
15742
15743
15744
15773
15774
15775
15776
15777
15779
15780
15781
15783
15784
15785
15786
15787
15788
15789
15790
15791
15792
15793
15794
15795
15796
15797
15798
15799
15800
15801
15802
15803
15804
15805
15806
15807
15808
15985
15987
15988
15989
15991
15992
15995
15996
15997
15999
16000
16001
16002
16003
16004
16006
16007
16008
16009
16011
16012
16013
16014
16015
16016
16018
16019
16020
16049
16050
16051
16052
16053
16055
16056
16057
16059
16060
16061
16062
16063
16064
16065
16066
16067
16068
16069
16070
16071
16072
16073
16074
16075
16076
16077
16078
16079
16080
16081
16082
16083
16084
16113
16114
16115
16116
16117
16119
16120
16121
16123
16124
16125
16126
16127
16128
16129
16130
16131
16132
16133
16134
16135
16136
16137
16138
16139
16140
16141
16142
16143
16144
16145
16146
16147
16148
16325
16327
16328
16329
16331
16332
16335
16336
16337
16339
16340
16341
16342
16343
16344
16346
16347
16348
16349
16351
16352
16353
16354
16355
16356
16358
16359
16360
16389
16390
16391
16392
16393
16395
16396
16397
16399
16400
16401
16402
16403
16404
16405
16406
16407
16408
16409
16410
16411
16412
16413
16414
16415
16416
16417
16418
16419
16420
16421
16422
16423
16424
16453
16454
16455
16456
16457
16459
16460
16461
16463
16464
16465
16466
16467
16468
16469
16470
16471
16472
16473
16474
16475
16476
16477
16478
16479
16480
16481
16482
16483
16484
16485
16486
16487
16488
16665
16667
16668
16669
16671
16672
16675
16676
16677
16679
16680
16681
16682
16683
16684
16686
16687
16688
16689
16691
16692
16693
16694
16695
16696
16698
16699
16700
16729
16730
16731
16732
16733
16735
16736
16737
16739
16740
16741
16742
16743
16744
16745
16746
16747
16748
16749
16750
16751
16752
16753
16754
16755
16756
16757
16758
16759
16760
16761
16762
16763
16764
16793
16794
16795
16796
16797
16799
16800
16801
16803
16804
16805
16806
16807
16808
16809
16810
16811
16812
16813
16814
16815
16816
16817
16818
16819
16820
16821
16822
16823
16824
16825
16826
16827
16828
16925
16927
16928
16930
16931
16933
16934
16935
16936
16937
16939
16940
16941
16942
16958
16959
16960
16961
16963
16964
16965
16966
16967
16968
16969
16970
16971
16972
16973
16974
16975
16991
16992
16993
16994
16996
16997
16998
16999
17000
17001
17002
17003
17004
17005
17006
17007
17008
17021
17022
17023
17026
17027
17028
17031
17032
17033
17114
17115
17116
17117
17118
17119
17120
17121
17122
17123
17124
17125
17126
17127
17128
17129
17130
17131
17145
17146
17147
17148
17149
17150
17151
17152
17153
17154
17155
17156
17157
17158
17159
17160
17161
17162
17176
17177
17178
17179
17180
17181
17182
17183
17184
17185
17186
17187
17188
17189
17190
17191
17192
17193
17274
17275
17276
17277
17278
17279
17280
17281
17282
17283
17284
17285
17286
17287
17288
17289
17290
17291
17305
17306
17307
17308
17309
17310
17311
17312
17313
17314
17315
17316
17317
17318
17319
17320
17321
17322
17336
17337
17338
17339
17340
17341
17342
17343
17344
17345
17346
17347
17348
17349
17350
17351
17352
17353
17434
17435
17436
17437
17438
17439
17440
17441
17442
17443
17444
17445
17446
17447
17448
17449
17450
17451
17465
17466
17467
17468
17469
17470
17471
17472
17473
17474
17475
17476
17477
17478
17479
17480
17481
17482
17496
17497
17498
17499
17500
17501
17502
17503
17504
17505
17506
17507
17508
17509
17510
17511
17512
17513
17594
17595
17596
17597
17598
17599
17600
17601
17602
17603
17604
17605
17606
17607
17608
17609
17610
17611
17625
17626
17627
17628
17629
17630
17631
17632
17633
17634
17635
17636
17637
17638
17639
17640
17641
17642
17656
17657
17658
17659
17660
17661
17662
17663
17664
17665
17666
17667
17668
17669
17670
17671
17672
17673
17754
17755
17756
17757
17758
17759
17760
17761
17762
17763
17764
17765
17766
17767
17768
17769
17770
17771
17785
17786
17787
17788
17789
17790
17791
17792
17793
17794
17795
17796
17797
17798
17799
17800
17801
17802
17816
17817
17818
17819
17820
17821
17822
17823
17824
17825
17826
17827
17828
17829
17830
17831
17832
17833
17846
17847
17848
17851
17852
17853
17856
17857
17858
18029
18032
18043
18046
18052
18084
18089
18092
18093
18094
18095
18096
18097
18098
18099
18100
18101
18102
18103
18104
18105
18106
18107
18108
18109
18110
18111
18112
18113
18114
18115
18116
18117
18118
18119
18120
18121
18122
18123
18124
18125
18156
18161
18164
18165
18166
18167
18168
18169
18170
18171
18172
18173
18174
18175
18176
18177
18178
18179
18180
18181
18182
18183
18184
18185
18186
18187
18188
18189
18190
18191
18192
18193
18194
18195
18196
18197
18213
18215
18216
18217
18218
18219
18220
18221
18222
18223
18224
18225
18226
18227
18228
18450
18457
18460
18468
18475
18478
18485
18524
18529
18534
18537
18538
18539
18540
18541
18542
18543
18544
18545
18546
18547
18548
18549
18550
18551
18552
18553
18554
18555
18556
18557
18558
18559
18560
18561
18562
18563
18564
18565
18566
18567
18568
18569
18570
18571
18572
18573
18574
18575
18576
18577
18578
18579
18617
18622
18627
18630
18631
18632
18633
18634
18635
18636
18637
18638
18639
18640
18641
18642
18643
18644
18645
18646
18647
18648
18649
18650
18651
18652
18653
18654
18655
18656
18657
18658
18659
18660
18661
18662
18663
18664
18665
18666
18667
18668
18669
18670
18671
18672
18691
18693
18694
18695
18696
18697
18698
18699
18700
18701
18702
18703
18704
18705
18706
18707
18708
18930
18937
18940
18948
18955
18958
18965
19004
19009
19014
19017
19018
19019
19020
19021
19022
19023
19024
19025
19026
19027
19028
19029
19030
19031
19032
19033
19034
19035
19036
19037
19038
19039
19040
19041
19042
19043
19044
19045
19046
19047
19048
19049
19050
19051
19052
19053
19054
19055
19056
19057
19058
19059
19097
19102
19107
19110
19111
19112
19113
19114
19115
19116
19117
19118
19119
19120
19121
19122
19123
19124
19125
19126
19127
19128
19129
19130
19131
19132
19133
19134
19135
19136
19137
19138
19139
19140
19141
19142
19143
19144
19145
19146
19147
19148
19149
19150
19151
19152
19171
19173
19174
19175
19176
19177
19178
19179
19180
19181
19182
19183
19184
19185
19186
19187
19188
19410
19417
19420
19428
19435
19438
19445
19484
19489
19494
19497
19498
19499
19500
19501
19502
19503
19504
19505
19506
19507
19508
19509
19510
19511
19512
19513
19514
19515
19516
19517
19518
19519
19520
19521
19522
19523
19524
19525
19526
19527
19528
19529
19530
19531
19532
19533
19534
19535
19536
19537
19538
19539
19577
19582
19587
19590
19591
19592
19593
19594
19595
19596
19597
19598
19599
19600
19601
19602
19603
19604
19605
19606
19607
19608
19609
19610
19611
19612
19613
19614
19615
19616
19617
19618
19619
19620
19621
19622
19623
19624
19625
19626
19627
19628
19629
19630
19631
19632
19651
19653
19654
19655
19656
19657
19658
19659
19660
19661
19662
19663
19664
19665
19666
19667
19668
19890
19897
19900
19908
19915
19918
19925
19964
19969
19974
19977
19978
19979
19980
19981
19982
19983
19984
19985
19986
19987
19988
19989
19990
19991
19992
19993
19994
19995
19996
19997
19998
19999
20000
20001
20002
20003
20004
20005
20006
20007
20008
20009
20010
20011
20012
20013
20014
20015
20016
20017
20018
20019
20057
20062
20067
20070
20071
20072
20073
20074
20075
20076
20077
20078
20079
20080
20081
20082
20083
20084
20085
20086
20087
20088
20089
20090
20091
20092
20093
20094
20095
20096
20097
20098
20099
20100
20101
20102
20103
20104
20105
20106
20107
20108
20109
20110
20111
20112
20131
20133
20134
20135
20136
20137
20138
20139
20140
20141
20142
20143
20144
20145
20146
20147
20148
20370
20377
20380
20388
20395
20398
20405
20444
20449
20454
20457
20458
20459
20460
20461
20462
20463
20464
20465
20466
20467
20468
20469
20470
20471
20472
20473
20474
20475
20476
20477
20478
20479
20480
20481
20482
20483
20484
20485
20486
20487
20488
20489
20490
20491
20492
20493
20494
20495
20496
20497
20498
20499
20537
20542
20547
20550
20551
20552
20553
20554
20555
20556
20557
20558
20559
20560
20561
20562
20563
20564
20565
20566
20567
20568
20569
20570
20571
20572
20573
20574
20575
20576
20577
20578
20579
20580
20581
20582
20583
20584
20585
20586
20587
20588
20589
20590
20591
20592
20611
20613
20614
20615
20616
20617
20618
20619
20620
20621
20622
20623
20624
20625
20626
20627
20628
)


// ************************************************************************* //
