/*--------------------------------*- C++ -*----------------------------------*\
| =========                 |                                                 |
| \\      /  F ield         | OpenFOAM: The Open Source CFD Toolbox           |
|  \\    /   O peration     | Version:  2406                                  |
|   \\  /    A nd           | Website:  www.openfoam.com                      |
|    \\/     M anipulation  |                                                 |
\*---------------------------------------------------------------------------*/
FoamFile
{
    version     2.0;
    format      ascii;
    arch        "LSB;label=32;scalar=64";
    class       refinementHistory;
    location    "constant/polyMesh";
    object      refinementHistory;
}
// * * * * * * * * * * * * * * * * * * * * * * * * * * * * * * * * * * * * * //

// splitCells

3496
(
1 0()
-1 8(0 2 3 4 5 6 7 8)
1 0()
1 0()
1 0()
1 0()
1 0()
1 0()
1 0()
10 0()
-1 8(9 11 12 13 14 15 16 17)
10 0()
10 0()
10 0()
10 0()
10 0()
10 0()
10 0()
19 0()
-1 8(18 20 21 22 23 24 25 26)
19 0()
19 0()
19 0()
19 0()
19 0()
19 0()
19 0()
28 0()
-1 8(29 27 30 31 32 33 34 35)
28 0()
28 0()
28 0()
28 0()
28 0()
28 0()
28 0()
37 0()
-1 8(36 38 39 40 41 42 43 44)
37 0()
37 0()
37 0()
37 0()
37 0()
37 0()
37 0()
46 0()
-1 8(45 47 48 49 50 51 52 53)
46 0()
46 0()
46 0()
46 0()
46 0()
46 0()
46 0()
55 0()
-1 8(56 54 57 58 59 60 61 62)
55 0()
55 0()
55 0()
55 0()
55 0()
55 0()
55 0()
64 0()
-1 8(63 65 66 67 68 69 70 71)
64 0()
64 0()
64 0()
64 0()
64 0()
64 0()
64 0()
73 0()
-1 8(74 72 75 76 77 78 79 80)
73 0()
73 0()
73 0()
73 0()
73 0()
73 0()
73 0()
82 0()
-1 8(81 83 84 85 86 87 88 89)
82 0()
82 0()
82 0()
82 0()
82 0()
82 0()
82 0()
91 0()
-1 8(90 92 93 94 95 96 97 98)
91 0()
91 0()
91 0()
91 0()
91 0()
91 0()
91 0()
100 0()
-1 8(101 99 102 103 104 105 106 107)
100 0()
100 0()
100 0()
100 0()
100 0()
100 0()
100 0()
109 0()
-1 8(108 110 111 112 113 114 115 116)
109 0()
109 0()
109 0()
109 0()
109 0()
109 0()
109 0()
118 0()
-1 8(119 117 120 121 122 123 124 125)
118 0()
118 0()
118 0()
118 0()
118 0()
118 0()
118 0()
127 0()
-1 8(126 128 129 130 131 132 133 134)
127 0()
127 0()
127 0()
127 0()
127 0()
127 0()
127 0()
136 0()
-1 8(135 137 138 139 140 149 150 159)
136 0()
136 0()
136 0()
136 8(141 142 143 144 145 146 147 148)
140 0()
140 0()
140 0()
140 0()
140 0()
140 0()
140 0()
140 0()
136 0()
136 8(151 152 153 154 155 156 157 158)
150 0()
150 0()
150 0()
150 0()
150 0()
150 0()
150 0()
150 0()
136 0()
161 0()
-1 8(162 160 163 164 165 166 167 168)
161 0()
161 0()
161 0()
161 0()
161 0()
161 0()
161 0()
170 0()
-1 8(169 171 172 173 174 175 176 177)
170 0()
170 0()
170 0()
170 0()
170 0()
170 0()
170 0()
179 0()
-1 8(180 178 181 182 183 184 185 186)
179 0()
179 0()
179 0()
179 0()
179 0()
179 0()
179 0()
188 0()
-1 8(187 189 190 191 192 193 194 195)
188 0()
188 0()
188 0()
188 0()
188 0()
188 0()
188 0()
197 0()
-1 8(198 196 199 200 201 202 203 204)
197 0()
197 0()
197 0()
197 0()
197 0()
197 0()
197 0()
206 0()
-1 8(205 207 208 209 210 211 212 213)
206 0()
206 0()
206 0()
206 0()
206 0()
206 0()
206 0()
215 0()
-1 8(214 216 217 218 219 228 229 238)
215 0()
215 0()
215 0()
215 8(220 221 222 223 224 225 226 227)
219 0()
219 0()
219 0()
219 0()
219 0()
219 0()
219 0()
219 0()
215 0()
215 8(230 231 232 233 234 235 236 237)
229 0()
229 0()
229 0()
229 0()
229 0()
229 0()
229 0()
229 0()
215 0()
240 0()
-1 8(241 239 242 243 244 245 246 247)
240 0()
240 0()
240 0()
240 0()
240 0()
240 0()
240 0()
249 0()
-1 8(248 250 251 252 253 262 271 280)
249 0()
249 0()
249 0()
249 8(254 255 256 257 258 259 260 261)
253 0()
253 0()
253 0()
253 0()
253 0()
253 0()
253 0()
253 0()
249 8(263 264 265 266 267 268 269 270)
262 0()
262 0()
262 0()
262 0()
262 0()
262 0()
262 0()
262 0()
249 8(272 273 274 275 276 277 278 279)
271 0()
271 0()
271 0()
271 0()
271 0()
271 0()
271 0()
271 0()
249 8(281 282 283 284 285 286 287 288)
280 0()
280 0()
280 0()
280 0()
280 0()
280 0()
280 0()
280 0()
290 0()
-1 8(291 289 300 309 310 319 320 329)
290 8(292 293 294 295 296 297 298 299)
291 0()
291 0()
291 0()
291 0()
291 0()
291 0()
291 0()
291 0()
290 8(301 302 303 304 305 306 307 308)
300 0()
300 0()
300 0()
300 0()
300 0()
300 0()
300 0()
300 0()
290 0()
290 8(311 312 313 314 315 316 317 318)
310 0()
310 0()
310 0()
310 0()
310 0()
310 0()
310 0()
310 0()
290 0()
290 8(321 322 323 324 325 326 327 328)
320 0()
320 0()
320 0()
320 0()
320 0()
320 0()
320 0()
320 0()
290 0()
331 0()
-1 8(332 330 333 334 335 336 337 338)
331 0()
331 0()
331 0()
331 0()
331 0()
331 0()
331 0()
340 0()
-1 8(339 341 342 343 344 345 346 347)
340 0()
340 0()
340 0()
340 0()
340 0()
340 0()
340 0()
349 0()
-1 8(350 348 351 352 353 354 355 356)
349 0()
349 0()
349 0()
349 0()
349 0()
349 0()
349 0()
358 0()
-1 8(357 359 360 361 362 363 364 365)
358 0()
358 0()
358 0()
358 0()
358 0()
358 0()
358 0()
367 0()
-1 8(366 368 369 370 371 380 381 382)
367 0()
367 0()
367 0()
367 8(372 373 374 375 376 377 378 379)
371 0()
371 0()
371 0()
371 0()
371 0()
371 0()
371 0()
371 0()
367 0()
367 0()
367 0()
384 0()
-1 8(385 383 386 387 388 389 390 391)
384 0()
384 0()
384 0()
384 0()
384 0()
384 0()
384 0()
393 0()
-1 8(392 394 395 396 397 406 415 424)
393 0()
393 0()
393 0()
393 8(398 399 400 401 402 403 404 405)
397 0()
397 0()
397 0()
397 0()
397 0()
397 0()
397 0()
397 0()
393 8(407 408 409 410 411 412 413 414)
406 0()
406 0()
406 0()
406 0()
406 0()
406 0()
406 0()
406 0()
393 8(416 417 418 419 420 421 422 423)
415 0()
415 0()
415 0()
415 0()
415 0()
415 0()
415 0()
415 0()
393 8(425 426 427 428 429 430 431 432)
424 0()
424 0()
424 0()
424 0()
424 0()
424 0()
424 0()
424 0()
434 0()
-1 8(435 433 444 453 454 463 464 473)
434 8(436 437 438 439 440 441 442 443)
435 0()
435 0()
435 0()
435 0()
435 0()
435 0()
435 0()
435 0()
434 8(445 446 447 448 449 450 451 452)
444 0()
444 0()
444 0()
444 0()
444 0()
444 0()
444 0()
444 0()
434 0()
434 8(455 456 457 458 459 460 461 462)
454 0()
454 0()
454 0()
454 0()
454 0()
454 0()
454 0()
454 0()
434 0()
434 8(465 466 467 468 469 470 471 472)
464 0()
464 0()
464 0()
464 0()
464 0()
464 0()
464 0()
464 0()
434 0()
475 0()
-1 8(476 474 477 478 479 480 481 482)
475 0()
475 0()
475 0()
475 0()
475 0()
475 0()
475 0()
484 0()
-1 8(483 485 486 487 488 497 506 515)
484 0()
484 0()
484 0()
484 8(489 490 491 492 493 494 495 496)
488 0()
488 0()
488 0()
488 0()
488 0()
488 0()
488 0()
488 0()
484 8(498 499 500 501 502 503 504 505)
497 0()
497 0()
497 0()
497 0()
497 0()
497 0()
497 0()
497 0()
484 8(507 508 509 510 511 512 513 514)
506 0()
506 0()
506 0()
506 0()
506 0()
506 0()
506 0()
506 0()
484 8(516 517 518 519 520 521 522 523)
515 0()
515 0()
515 0()
515 0()
515 0()
515 0()
515 0()
515 0()
525 0()
-1 8(526 524 535 544 545 554 555 564)
525 8(527 528 529 530 531 532 533 534)
526 0()
526 0()
526 0()
526 0()
526 0()
526 0()
526 0()
526 0()
525 8(536 537 538 539 540 541 542 543)
535 0()
535 0()
535 0()
535 0()
535 0()
535 0()
535 0()
535 0()
525 0()
525 8(546 547 548 549 550 551 552 553)
545 0()
545 0()
545 0()
545 0()
545 0()
545 0()
545 0()
545 0()
525 0()
525 8(556 557 558 559 560 561 562 563)
555 0()
555 0()
555 0()
555 0()
555 0()
555 0()
555 0()
555 0()
525 0()
566 0()
-1 8(567 565 568 569 570 571 572 573)
566 0()
566 0()
566 0()
566 0()
566 0()
566 0()
566 0()
575 0()
-1 8(576 577 574 578 579 580 581 582)
575 0()
575 0()
575 0()
575 0()
575 0()
575 0()
575 0()
584 0()
-1 8(583 585 586 587 588 589 590 591)
584 0()
584 0()
584 0()
584 0()
584 0()
584 0()
584 0()
593 0()
-1 8(594 592 595 596 597 598 599 600)
593 0()
593 0()
593 0()
593 0()
593 0()
593 0()
593 0()
602 0()
-1 8(601 603 604 605 606 615 624 625)
602 0()
602 0()
602 0()
602 8(607 608 609 610 611 612 613 614)
606 0()
606 0()
606 0()
606 0()
606 0()
606 0()
606 0()
606 0()
602 8(616 617 618 619 620 621 622 623)
615 0()
615 0()
615 0()
615 0()
615 0()
615 0()
615 0()
615 0()
602 0()
602 0()
627 0()
-1 8(628 626 637 638 639 648 649 650)
627 8(629 630 631 632 633 634 635 636)
628 0()
628 0()
628 0()
628 0()
628 0()
628 0()
628 0()
628 0()
627 0()
627 0()
627 8(640 641 642 643 644 645 646 647)
639 0()
639 0()
639 0()
639 0()
639 0()
639 0()
639 0()
639 0()
627 0()
627 0()
627 0()
652 0()
-1 8(653 651 654 655 656 657 658 659)
652 0()
652 0()
652 0()
652 0()
652 0()
652 0()
652 0()
661 0()
-1 8(660 662 663 664 665 674 683 692)
661 0()
661 0()
661 0()
661 8(666 667 668 669 670 671 672 673)
665 0()
665 0()
665 0()
665 0()
665 0()
665 0()
665 0()
665 0()
661 8(675 676 677 678 679 680 681 682)
674 0()
674 0()
674 0()
674 0()
674 0()
674 0()
674 0()
674 0()
661 8(684 685 686 687 688 689 690 691)
683 0()
683 0()
683 0()
683 0()
683 0()
683 0()
683 0()
683 0()
661 8(693 694 695 696 697 698 699 700)
692 0()
692 0()
692 0()
692 0()
692 0()
692 0()
692 0()
692 0()
702 0()
-1 8(703 701 712 721 722 731 732 741)
702 8(704 705 706 707 708 709 710 711)
703 0()
703 0()
703 0()
703 0()
703 0()
703 0()
703 0()
703 0()
702 8(713 714 715 716 717 718 719 720)
712 0()
712 0()
712 0()
712 0()
712 0()
712 0()
712 0()
712 0()
702 0()
702 8(723 724 725 726 727 728 729 730)
722 0()
722 0()
722 0()
722 0()
722 0()
722 0()
722 0()
722 0()
702 0()
702 8(733 734 735 736 737 738 739 740)
732 0()
732 0()
732 0()
732 0()
732 0()
732 0()
732 0()
732 0()
702 0()
743 0()
-1 8(744 742 745 746 747 748 749 750)
743 0()
743 0()
743 0()
743 0()
743 0()
743 0()
743 0()
752 0()
-1 8(753 751 762 771 772 781 782 791)
752 8(754 755 756 757 758 759 760 761)
753 0()
753 0()
753 0()
753 0()
753 0()
753 0()
753 0()
753 0()
752 8(763 764 765 766 767 768 769 770)
762 0()
762 0()
762 0()
762 0()
762 0()
762 0()
762 0()
762 0()
752 0()
752 8(773 774 775 776 777 778 779 780)
772 0()
772 0()
772 0()
772 0()
772 0()
772 0()
772 0()
772 0()
752 0()
752 8(783 784 785 786 787 788 789 790)
782 0()
782 0()
782 0()
782 0()
782 0()
782 0()
782 0()
782 0()
752 0()
793 0()
-1 8(794 792 795 796 797 798 799 800)
793 0()
793 0()
793 0()
793 0()
793 0()
793 0()
793 0()
802 0()
-1 8(803 804 801 805 806 807 808 809)
802 0()
802 0()
802 0()
802 0()
802 0()
802 0()
802 0()
811 0()
-1 8(812 813 810 814 815 816 817 818)
811 0()
811 0()
811 0()
811 0()
811 0()
811 0()
811 0()
820 0()
-1 8(821 819 822 823 824 825 826 827)
820 0()
820 0()
820 0()
820 0()
820 0()
820 0()
820 0()
829 0()
-1 8(828 830 831 832 833 842 851 852)
829 0()
829 0()
829 0()
829 8(834 835 836 837 838 839 840 841)
833 0()
833 0()
833 0()
833 0()
833 0()
833 0()
833 0()
833 0()
829 8(843 844 845 846 847 848 849 850)
842 0()
842 0()
842 0()
842 0()
842 0()
842 0()
842 0()
842 0()
829 0()
829 0()
854 0()
-1 8(855 853 864 865 866 875 876 877)
854 8(856 857 858 859 860 861 862 863)
855 0()
855 0()
855 0()
855 0()
855 0()
855 0()
855 0()
855 0()
854 0()
854 0()
854 8(867 868 869 870 871 872 873 874)
866 0()
866 0()
866 0()
866 0()
866 0()
866 0()
866 0()
866 0()
854 0()
854 0()
854 0()
879 0()
-1 8(880 878 881 882 883 884 885 886)
879 0()
879 0()
879 0()
879 0()
879 0()
879 0()
879 0()
888 0()
-1 8(889 887 898 907 908 917 918 927)
888 8(890 891 892 893 894 895 896 897)
889 0()
889 0()
889 0()
889 0()
889 0()
889 0()
889 0()
889 0()
888 8(899 900 901 902 903 904 905 906)
898 0()
898 0()
898 0()
898 0()
898 0()
898 0()
898 0()
898 0()
888 0()
888 8(909 910 911 912 913 914 915 916)
908 0()
908 0()
908 0()
908 0()
908 0()
908 0()
908 0()
908 0()
888 0()
888 8(919 920 921 922 923 924 925 926)
918 0()
918 0()
918 0()
918 0()
918 0()
918 0()
918 0()
918 0()
888 0()
929 0()
-1 8(930 928 931 932 933 934 935 936)
929 0()
929 0()
929 0()
929 0()
929 0()
929 0()
929 0()
938 0()
939 8(1003 1004 1005 1006 1007 937 1008 1009)
-1 8(938 940 949 958 967 976 985 994)
939 8(941 942 943 944 945 946 947 948)
940 0()
940 0()
940 0()
940 0()
940 0()
940 0()
940 0()
940 0()
939 8(950 951 952 953 954 955 956 957)
949 0()
949 0()
949 0()
949 0()
949 0()
949 0()
949 0()
949 0()
939 8(959 960 961 962 963 964 965 966)
958 0()
958 0()
958 0()
958 0()
958 0()
958 0()
958 0()
958 0()
939 8(968 969 970 971 972 973 974 975)
967 0()
967 0()
967 0()
967 0()
967 0()
967 0()
967 0()
967 0()
939 8(977 978 979 980 981 982 983 984)
976 0()
976 0()
976 0()
976 0()
976 0()
976 0()
976 0()
976 0()
939 8(986 987 988 989 990 991 992 993)
985 0()
985 0()
985 0()
985 0()
985 0()
985 0()
985 0()
985 0()
939 8(995 996 997 998 999 1000 1001 1002)
994 0()
994 0()
994 0()
994 0()
994 0()
994 0()
994 0()
994 0()
938 0()
938 0()
938 0()
938 0()
938 0()
938 0()
938 0()
1011 0()
-1 8(1012 1010 1021 1030 1031 1040 1041 1050)
1011 8(1013 1014 1015 1016 1017 1018 1019 1020)
1012 0()
1012 0()
1012 0()
1012 0()
1012 0()
1012 0()
1012 0()
1012 0()
1011 8(1022 1023 1024 1025 1026 1027 1028 1029)
1021 0()
1021 0()
1021 0()
1021 0()
1021 0()
1021 0()
1021 0()
1021 0()
1011 0()
1011 8(1032 1033 1034 1035 1036 1037 1038 1039)
1031 0()
1031 0()
1031 0()
1031 0()
1031 0()
1031 0()
1031 0()
1031 0()
1011 0()
1011 8(1042 1043 1044 1045 1046 1047 1048 1049)
1041 0()
1041 0()
1041 0()
1041 0()
1041 0()
1041 0()
1041 0()
1041 0()
1011 0()
1052 0()
-1 8(1053 1051 1054 1055 1056 1057 1058 1059)
1052 0()
1052 0()
1052 0()
1052 0()
1052 0()
1052 0()
1052 0()
1061 0()
-1 8(1062 1063 1060 1064 1065 1066 1067 1068)
1061 0()
1061 0()
1061 0()
1061 0()
1061 0()
1061 0()
1061 0()
1070 0()
-1 8(1071 1072 1069 1073 1074 1075 1076 1077)
1070 0()
1070 0()
1070 0()
1070 0()
1070 0()
1070 0()
1070 0()
1079 0()
-1 8(1080 1081 1078 1082 1083 1084 1085 1086)
1079 0()
1079 0()
1079 0()
1079 0()
1079 0()
1079 0()
1079 0()
1088 0()
-1 8(1089 1087 1090 1091 1092 1093 1094 1095)
1088 0()
1088 0()
1088 0()
1088 0()
1088 0()
1088 0()
1088 0()
1097 0()
-1 8(1098 1107 1096 1116 1117 1126 1135 1136)
1097 8(1099 1100 1101 1102 1103 1104 1105 1106)
1098 0()
1098 0()
1098 0()
1098 0()
1098 0()
1098 0()
1098 0()
1098 0()
1097 8(1108 1109 1110 1111 1112 1113 1114 1115)
1107 0()
1107 0()
1107 0()
1107 0()
1107 0()
1107 0()
1107 0()
1107 0()
1097 0()
1097 8(1118 1119 1120 1121 1122 1123 1124 1125)
1117 0()
1117 0()
1117 0()
1117 0()
1117 0()
1117 0()
1117 0()
1117 0()
1097 8(1127 1128 1129 1130 1131 1132 1133 1134)
1126 0()
1126 0()
1126 0()
1126 0()
1126 0()
1126 0()
1126 0()
1126 0()
1097 0()
1097 0()
1138 0()
-1 8(1139 1137 1148 1149 1150 1159 1160 1161)
1138 8(1140 1141 1142 1143 1144 1145 1146 1147)
1139 0()
1139 0()
1139 0()
1139 0()
1139 0()
1139 0()
1139 0()
1139 0()
1138 0()
1138 0()
1138 8(1151 1152 1153 1154 1155 1156 1157 1158)
1150 0()
1150 0()
1150 0()
1150 0()
1150 0()
1150 0()
1150 0()
1150 0()
1138 0()
1138 0()
1138 0()
1163 0()
-1 8(1164 1162 1165 1166 1167 1168 1169 1170)
1163 0()
1163 0()
1163 0()
1163 0()
1163 0()
1163 0()
1163 0()
1172 0()
1173 8(1237 1238 1239 1240 1241 1171 1242 1243)
-1 8(1172 1174 1183 1192 1201 1210 1219 1228)
1173 8(1175 1176 1177 1178 1179 1180 1181 1182)
1174 0()
1174 0()
1174 0()
1174 0()
1174 0()
1174 0()
1174 0()
1174 0()
1173 8(1184 1185 1186 1187 1188 1189 1190 1191)
1183 0()
1183 0()
1183 0()
1183 0()
1183 0()
1183 0()
1183 0()
1183 0()
1173 8(1193 1194 1195 1196 1197 1198 1199 1200)
1192 0()
1192 0()
1192 0()
1192 0()
1192 0()
1192 0()
1192 0()
1192 0()
1173 8(1202 1203 1204 1205 1206 1207 1208 1209)
1201 0()
1201 0()
1201 0()
1201 0()
1201 0()
1201 0()
1201 0()
1201 0()
1173 8(1211 1212 1213 1214 1215 1216 1217 1218)
1210 0()
1210 0()
1210 0()
1210 0()
1210 0()
1210 0()
1210 0()
1210 0()
1173 8(1220 1221 1222 1223 1224 1225 1226 1227)
1219 0()
1219 0()
1219 0()
1219 0()
1219 0()
1219 0()
1219 0()
1219 0()
1173 8(1229 1230 1231 1232 1233 1234 1235 1236)
1228 0()
1228 0()
1228 0()
1228 0()
1228 0()
1228 0()
1228 0()
1228 0()
1172 0()
1172 0()
1172 0()
1172 0()
1172 0()
1172 0()
1172 0()
1245 0()
-1 8(1246 1244 1255 1264 1265 1274 1275 1284)
1245 8(1247 1248 1249 1250 1251 1252 1253 1254)
1246 0()
1246 0()
1246 0()
1246 0()
1246 0()
1246 0()
1246 0()
1246 0()
1245 8(1256 1257 1258 1259 1260 1261 1262 1263)
1255 0()
1255 0()
1255 0()
1255 0()
1255 0()
1255 0()
1255 0()
1255 0()
1245 0()
1245 8(1266 1267 1268 1269 1270 1271 1272 1273)
1265 0()
1265 0()
1265 0()
1265 0()
1265 0()
1265 0()
1265 0()
1265 0()
1245 0()
1245 8(1276 1277 1278 1279 1280 1281 1282 1283)
1275 0()
1275 0()
1275 0()
1275 0()
1275 0()
1275 0()
1275 0()
1275 0()
1245 0()
1286 0()
-1 8(1287 1285 1288 1289 1290 1291 1292 1293)
1286 0()
1286 0()
1286 0()
1286 0()
1286 0()
1286 0()
1286 0()
1295 0()
1296 8(1360 1361 1362 1363 1364 1294 1365 1366)
-1 8(1295 1297 1306 1315 1324 1333 1342 1351)
1296 8(1298 1299 1300 1301 1302 1303 1304 1305)
1297 0()
1297 0()
1297 0()
1297 0()
1297 0()
1297 0()
1297 0()
1297 0()
1296 8(1307 1308 1309 1310 1311 1312 1313 1314)
1306 0()
1306 0()
1306 0()
1306 0()
1306 0()
1306 0()
1306 0()
1306 0()
1296 8(1316 1317 1318 1319 1320 1321 1322 1323)
1315 0()
1315 0()
1315 0()
1315 0()
1315 0()
1315 0()
1315 0()
1315 0()
1296 8(1325 1326 1327 1328 1329 1330 1331 1332)
1324 0()
1324 0()
1324 0()
1324 0()
1324 0()
1324 0()
1324 0()
1324 0()
1296 8(1334 1335 1336 1337 1338 1339 1340 1341)
1333 0()
1333 0()
1333 0()
1333 0()
1333 0()
1333 0()
1333 0()
1333 0()
1296 8(1343 1344 1345 1346 1347 1348 1349 1350)
1342 0()
1342 0()
1342 0()
1342 0()
1342 0()
1342 0()
1342 0()
1342 0()
1296 8(1352 1353 1354 1355 1356 1357 1358 1359)
1351 0()
1351 0()
1351 0()
1351 0()
1351 0()
1351 0()
1351 0()
1351 0()
1295 0()
1295 0()
1295 0()
1295 0()
1295 0()
1295 0()
1295 0()
1368 0()
1369 8(1433 1434 1435 1436 1437 1438 1439 1367)
-1 8(1370 1368 1379 1388 1397 1406 1415 1424)
1369 8(1371 1372 1373 1374 1375 1376 1377 1378)
1370 0()
1370 0()
1370 0()
1370 0()
1370 0()
1370 0()
1370 0()
1370 0()
1369 8(1380 1381 1382 1383 1384 1385 1386 1387)
1379 0()
1379 0()
1379 0()
1379 0()
1379 0()
1379 0()
1379 0()
1379 0()
1369 8(1389 1390 1391 1392 1393 1394 1395 1396)
1388 0()
1388 0()
1388 0()
1388 0()
1388 0()
1388 0()
1388 0()
1388 0()
1369 8(1398 1399 1400 1401 1402 1403 1404 1405)
1397 0()
1397 0()
1397 0()
1397 0()
1397 0()
1397 0()
1397 0()
1397 0()
1369 8(1407 1408 1409 1410 1411 1412 1413 1414)
1406 0()
1406 0()
1406 0()
1406 0()
1406 0()
1406 0()
1406 0()
1406 0()
1369 8(1416 1417 1418 1419 1420 1421 1422 1423)
1415 0()
1415 0()
1415 0()
1415 0()
1415 0()
1415 0()
1415 0()
1415 0()
1369 8(1425 1426 1427 1428 1429 1430 1431 1432)
1424 0()
1424 0()
1424 0()
1424 0()
1424 0()
1424 0()
1424 0()
1424 0()
1368 0()
1368 0()
1368 0()
1368 0()
1368 0()
1368 0()
1368 0()
1441 0()
-1 8(1442 1440 1451 1460 1461 1470 1471 1480)
1441 8(1443 1444 1445 1446 1447 1448 1449 1450)
1442 0()
1442 0()
1442 0()
1442 0()
1442 0()
1442 0()
1442 0()
1442 0()
1441 8(1452 1453 1454 1455 1456 1457 1458 1459)
1451 0()
1451 0()
1451 0()
1451 0()
1451 0()
1451 0()
1451 0()
1451 0()
1441 0()
1441 8(1462 1463 1464 1465 1466 1467 1468 1469)
1461 0()
1461 0()
1461 0()
1461 0()
1461 0()
1461 0()
1461 0()
1461 0()
1441 0()
1441 8(1472 1473 1474 1475 1476 1477 1478 1479)
1471 0()
1471 0()
1471 0()
1471 0()
1471 0()
1471 0()
1471 0()
1471 0()
1441 0()
1482 0()
-1 8(1483 1481 1484 1485 1486 1487 1488 1489)
1482 0()
1482 0()
1482 0()
1482 0()
1482 0()
1482 0()
1482 0()
1491 0()
-1 8(1492 1493 1490 1494 1495 1496 1497 1498)
1491 0()
1491 0()
1491 0()
1491 0()
1491 0()
1491 0()
1491 0()
1500 0()
-1 8(1501 1502 1499 1503 1504 1505 1506 1507)
1500 0()
1500 0()
1500 0()
1500 0()
1500 0()
1500 0()
1500 0()
1509 0()
-1 8(1510 1511 1508 1512 1513 1514 1515 1516)
1509 0()
1509 0()
1509 0()
1509 0()
1509 0()
1509 0()
1509 0()
1518 0()
-1 8(1519 1517 1520 1521 1522 1523 1524 1525)
1518 0()
1518 0()
1518 0()
1518 0()
1518 0()
1518 0()
1518 0()
1527 0()
-1 8(1528 1537 1526 1546 1547 1556 1565 1566)
1527 8(1529 1530 1531 1532 1533 1534 1535 1536)
1528 0()
1528 0()
1528 0()
1528 0()
1528 0()
1528 0()
1528 0()
1528 0()
1527 8(1538 1539 1540 1541 1542 1543 1544 1545)
1537 0()
1537 0()
1537 0()
1537 0()
1537 0()
1537 0()
1537 0()
1537 0()
1527 0()
1527 8(1548 1549 1550 1551 1552 1553 1554 1555)
1547 0()
1547 0()
1547 0()
1547 0()
1547 0()
1547 0()
1547 0()
1547 0()
1527 8(1557 1558 1559 1560 1561 1562 1563 1564)
1556 0()
1556 0()
1556 0()
1556 0()
1556 0()
1556 0()
1556 0()
1556 0()
1527 0()
1527 0()
1568 0()
-1 8(1569 1578 1587 1567 1588 1597 1606 1607)
1568 8(1570 1571 1572 1573 1574 1575 1576 1577)
1569 0()
1569 0()
1569 0()
1569 0()
1569 0()
1569 0()
1569 0()
1569 0()
1568 8(1579 1580 1581 1582 1583 1584 1585 1586)
1578 0()
1578 0()
1578 0()
1578 0()
1578 0()
1578 0()
1578 0()
1578 0()
1568 0()
1568 8(1589 1590 1591 1592 1593 1594 1595 1596)
1588 0()
1588 0()
1588 0()
1588 0()
1588 0()
1588 0()
1588 0()
1588 0()
1568 8(1598 1599 1600 1601 1602 1603 1604 1605)
1597 0()
1597 0()
1597 0()
1597 0()
1597 0()
1597 0()
1597 0()
1597 0()
1568 0()
1568 0()
1609 0()
-1 8(1610 1608 1619 1620 1621 1630 1631 1632)
1609 8(1611 1612 1613 1614 1615 1616 1617 1618)
1610 0()
1610 0()
1610 0()
1610 0()
1610 0()
1610 0()
1610 0()
1610 0()
1609 0()
1609 0()
1609 8(1622 1623 1624 1625 1626 1627 1628 1629)
1621 0()
1621 0()
1621 0()
1621 0()
1621 0()
1621 0()
1621 0()
1621 0()
1609 0()
1609 0()
1609 0()
1634 0()
-1 8(1635 1633 1636 1637 1638 1639 1640 1641)
1634 0()
1634 0()
1634 0()
1634 0()
1634 0()
1634 0()
1634 0()
1643 0()
1644 8(1708 1709 1710 1711 1712 1642 1713 1714)
-1 8(1643 1645 1654 1663 1672 1681 1690 1699)
1644 8(1646 1647 1648 1649 1650 1651 1652 1653)
1645 0()
1645 0()
1645 0()
1645 0()
1645 0()
1645 0()
1645 0()
1645 0()
1644 8(1655 1656 1657 1658 1659 1660 1661 1662)
1654 0()
1654 0()
1654 0()
1654 0()
1654 0()
1654 0()
1654 0()
1654 0()
1644 8(1664 1665 1666 1667 1668 1669 1670 1671)
1663 0()
1663 0()
1663 0()
1663 0()
1663 0()
1663 0()
1663 0()
1663 0()
1644 8(1673 1674 1675 1676 1677 1678 1679 1680)
1672 0()
1672 0()
1672 0()
1672 0()
1672 0()
1672 0()
1672 0()
1672 0()
1644 8(1682 1683 1684 1685 1686 1687 1688 1689)
1681 0()
1681 0()
1681 0()
1681 0()
1681 0()
1681 0()
1681 0()
1681 0()
1644 8(1691 1692 1693 1694 1695 1696 1697 1698)
1690 0()
1690 0()
1690 0()
1690 0()
1690 0()
1690 0()
1690 0()
1690 0()
1644 8(1700 1701 1702 1703 1704 1705 1706 1707)
1699 0()
1699 0()
1699 0()
1699 0()
1699 0()
1699 0()
1699 0()
1699 0()
1643 0()
1643 0()
1643 0()
1643 0()
1643 0()
1643 0()
1643 0()
1716 0()
1717 8(1781 1782 1783 1784 1785 1786 1787 1715)
-1 8(1718 1716 1727 1736 1745 1754 1763 1772)
1717 8(1719 1720 1721 1722 1723 1724 1725 1726)
1718 0()
1718 0()
1718 0()
1718 0()
1718 0()
1718 0()
1718 0()
1718 0()
1717 8(1728 1729 1730 1731 1732 1733 1734 1735)
1727 0()
1727 0()
1727 0()
1727 0()
1727 0()
1727 0()
1727 0()
1727 0()
1717 8(1737 1738 1739 1740 1741 1742 1743 1744)
1736 0()
1736 0()
1736 0()
1736 0()
1736 0()
1736 0()
1736 0()
1736 0()
1717 8(1746 1747 1748 1749 1750 1751 1752 1753)
1745 0()
1745 0()
1745 0()
1745 0()
1745 0()
1745 0()
1745 0()
1745 0()
1717 8(1755 1756 1757 1758 1759 1760 1761 1762)
1754 0()
1754 0()
1754 0()
1754 0()
1754 0()
1754 0()
1754 0()
1754 0()
1717 8(1764 1765 1766 1767 1768 1769 1770 1771)
1763 0()
1763 0()
1763 0()
1763 0()
1763 0()
1763 0()
1763 0()
1763 0()
1717 8(1773 1774 1775 1776 1777 1778 1779 1780)
1772 0()
1772 0()
1772 0()
1772 0()
1772 0()
1772 0()
1772 0()
1772 0()
1716 0()
1716 0()
1716 0()
1716 0()
1716 0()
1716 0()
1716 0()
1789 0()
-1 8(1790 1788 1799 1808 1809 1818 1819 1828)
1789 8(1791 1792 1793 1794 1795 1796 1797 1798)
1790 0()
1790 0()
1790 0()
1790 0()
1790 0()
1790 0()
1790 0()
1790 0()
1789 8(1800 1801 1802 1803 1804 1805 1806 1807)
1799 0()
1799 0()
1799 0()
1799 0()
1799 0()
1799 0()
1799 0()
1799 0()
1789 0()
1789 8(1810 1811 1812 1813 1814 1815 1816 1817)
1809 0()
1809 0()
1809 0()
1809 0()
1809 0()
1809 0()
1809 0()
1809 0()
1789 0()
1789 8(1820 1821 1822 1823 1824 1825 1826 1827)
1819 0()
1819 0()
1819 0()
1819 0()
1819 0()
1819 0()
1819 0()
1819 0()
1789 0()
1830 0()
-1 8(1831 1829 1832 1833 1834 1835 1836 1837)
1830 0()
1830 0()
1830 0()
1830 0()
1830 0()
1830 0()
1830 0()
1839 0()
1840 8(1904 1905 1906 1907 1908 1909 1910 1838)
-1 8(1841 1839 1850 1859 1868 1877 1886 1895)
1840 8(1842 1843 1844 1845 1846 1847 1848 1849)
1841 0()
1841 0()
1841 0()
1841 0()
1841 0()
1841 0()
1841 0()
1841 0()
1840 8(1851 1852 1853 1854 1855 1856 1857 1858)
1850 0()
1850 0()
1850 0()
1850 0()
1850 0()
1850 0()
1850 0()
1850 0()
1840 8(1860 1861 1862 1863 1864 1865 1866 1867)
1859 0()
1859 0()
1859 0()
1859 0()
1859 0()
1859 0()
1859 0()
1859 0()
1840 8(1869 1870 1871 1872 1873 1874 1875 1876)
1868 0()
1868 0()
1868 0()
1868 0()
1868 0()
1868 0()
1868 0()
1868 0()
1840 8(1878 1879 1880 1881 1882 1883 1884 1885)
1877 0()
1877 0()
1877 0()
1877 0()
1877 0()
1877 0()
1877 0()
1877 0()
1840 8(1887 1888 1889 1890 1891 1892 1893 1894)
1886 0()
1886 0()
1886 0()
1886 0()
1886 0()
1886 0()
1886 0()
1886 0()
1840 8(1896 1897 1898 1899 1900 1901 1902 1903)
1895 0()
1895 0()
1895 0()
1895 0()
1895 0()
1895 0()
1895 0()
1895 0()
1839 0()
1839 0()
1839 0()
1839 0()
1839 0()
1839 0()
1839 0()
1912 0()
-1 8(1913 1911 1914 1915 1916 1917 1918 1919)
1912 0()
1912 0()
1912 0()
1912 0()
1912 0()
1912 0()
1912 0()
1921 0()
-1 8(1922 1923 1920 1924 1925 1926 1927 1928)
1921 0()
1921 0()
1921 0()
1921 0()
1921 0()
1921 0()
1921 0()
1930 0()
-1 8(1931 1932 1929 1933 1934 1935 1936 1937)
1930 0()
1930 0()
1930 0()
1930 0()
1930 0()
1930 0()
1930 0()
1939 0()
-1 8(1940 1941 1938 1942 1943 1944 1945 1946)
1939 0()
1939 0()
1939 0()
1939 0()
1939 0()
1939 0()
1939 0()
1948 0()
-1 8(1949 1947 1950 1951 1952 1953 1954 1955)
1948 0()
1948 0()
1948 0()
1948 0()
1948 0()
1948 0()
1948 0()
1957 0()
-1 8(1958 1967 1976 1956 1977 1986 1995 1996)
1957 8(1959 1960 1961 1962 1963 1964 1965 1966)
1958 0()
1958 0()
1958 0()
1958 0()
1958 0()
1958 0()
1958 0()
1958 0()
1957 8(1968 1969 1970 1971 1972 1973 1974 1975)
1967 0()
1967 0()
1967 0()
1967 0()
1967 0()
1967 0()
1967 0()
1967 0()
1957 0()
1957 8(1978 1979 1980 1981 1982 1983 1984 1985)
1977 0()
1977 0()
1977 0()
1977 0()
1977 0()
1977 0()
1977 0()
1977 0()
1957 8(1987 1988 1989 1990 1991 1992 1993 1994)
1986 0()
1986 0()
1986 0()
1986 0()
1986 0()
1986 0()
1986 0()
1986 0()
1957 0()
1957 0()
1998 0()
-1 8(1999 1997 2008 2009 2010 2019 2020 2021)
1998 8(2000 2001 2002 2003 2004 2005 2006 2007)
1999 0()
1999 0()
1999 0()
1999 0()
1999 0()
1999 0()
1999 0()
1999 0()
1998 0()
1998 0()
1998 8(2011 2012 2013 2014 2015 2016 2017 2018)
2010 0()
2010 0()
2010 0()
2010 0()
2010 0()
2010 0()
2010 0()
2010 0()
1998 0()
1998 0()
1998 0()
2023 0()
-1 8(2024 2022 2025 2026 2027 2028 2029 2030)
2023 0()
2023 0()
2023 0()
2023 0()
2023 0()
2023 0()
2023 0()
2032 0()
2033 8(2097 2098 2099 2100 2101 2102 2103 2031)
-1 8(2034 2032 2043 2052 2061 2070 2079 2088)
2033 8(2035 2036 2037 2038 2039 2040 2041 2042)
2034 0()
2034 0()
2034 0()
2034 0()
2034 0()
2034 0()
2034 0()
2034 0()
2033 8(2044 2045 2046 2047 2048 2049 2050 2051)
2043 0()
2043 0()
2043 0()
2043 0()
2043 0()
2043 0()
2043 0()
2043 0()
2033 8(2053 2054 2055 2056 2057 2058 2059 2060)
2052 0()
2052 0()
2052 0()
2052 0()
2052 0()
2052 0()
2052 0()
2052 0()
2033 8(2062 2063 2064 2065 2066 2067 2068 2069)
2061 0()
2061 0()
2061 0()
2061 0()
2061 0()
2061 0()
2061 0()
2061 0()
2033 8(2071 2072 2073 2074 2075 2076 2077 2078)
2070 0()
2070 0()
2070 0()
2070 0()
2070 0()
2070 0()
2070 0()
2070 0()
2033 8(2080 2081 2082 2083 2084 2085 2086 2087)
2079 0()
2079 0()
2079 0()
2079 0()
2079 0()
2079 0()
2079 0()
2079 0()
2033 8(2089 2090 2091 2092 2093 2094 2095 2096)
2088 0()
2088 0()
2088 0()
2088 0()
2088 0()
2088 0()
2088 0()
2088 0()
2032 0()
2032 0()
2032 0()
2032 0()
2032 0()
2032 0()
2032 0()
2105 0()
-1 8(2106 2104 2107 2108 2109 2110 2111 2112)
2105 0()
2105 0()
2105 0()
2105 0()
2105 0()
2105 0()
2105 0()
2114 0()
2115 8(2179 2180 2181 2182 2183 2184 2185 2113)
-1 8(2116 2114 2125 2134 2143 2152 2161 2170)
2115 8(2117 2118 2119 2120 2121 2122 2123 2124)
2116 0()
2116 0()
2116 0()
2116 0()
2116 0()
2116 0()
2116 0()
2116 0()
2115 8(2126 2127 2128 2129 2130 2131 2132 2133)
2125 0()
2125 0()
2125 0()
2125 0()
2125 0()
2125 0()
2125 0()
2125 0()
2115 8(2135 2136 2137 2138 2139 2140 2141 2142)
2134 0()
2134 0()
2134 0()
2134 0()
2134 0()
2134 0()
2134 0()
2134 0()
2115 8(2144 2145 2146 2147 2148 2149 2150 2151)
2143 0()
2143 0()
2143 0()
2143 0()
2143 0()
2143 0()
2143 0()
2143 0()
2115 8(2153 2154 2155 2156 2157 2158 2159 2160)
2152 0()
2152 0()
2152 0()
2152 0()
2152 0()
2152 0()
2152 0()
2152 0()
2115 8(2162 2163 2164 2165 2166 2167 2168 2169)
2161 0()
2161 0()
2161 0()
2161 0()
2161 0()
2161 0()
2161 0()
2161 0()
2115 8(2171 2172 2173 2174 2175 2176 2177 2178)
2170 0()
2170 0()
2170 0()
2170 0()
2170 0()
2170 0()
2170 0()
2170 0()
2114 0()
2114 0()
2114 0()
2114 0()
2114 0()
2114 0()
2114 0()
2187 0()
-1 8(2188 2186 2189 2190 2191 2192 2193 2194)
2187 0()
2187 0()
2187 0()
2187 0()
2187 0()
2187 0()
2187 0()
2196 0()
-1 8(2197 2198 2195 2199 2200 2201 2202 2203)
2196 0()
2196 0()
2196 0()
2196 0()
2196 0()
2196 0()
2196 0()
2205 0()
-1 8(2206 2207 2204 2208 2209 2210 2211 2212)
2205 0()
2205 0()
2205 0()
2205 0()
2205 0()
2205 0()
2205 0()
2214 0()
-1 8(2215 2216 2213 2217 2218 2219 2220 2221)
2214 0()
2214 0()
2214 0()
2214 0()
2214 0()
2214 0()
2214 0()
2223 0()
-1 8(2224 2222 2225 2226 2227 2228 2229 2230)
2223 0()
2223 0()
2223 0()
2223 0()
2223 0()
2223 0()
2223 0()
2232 0()
-1 8(2233 2242 2231 2251 2252 2261 2270 2271)
2232 8(2234 2235 2236 2237 2238 2239 2240 2241)
2233 0()
2233 0()
2233 0()
2233 0()
2233 0()
2233 0()
2233 0()
2233 0()
2232 8(2243 2244 2245 2246 2247 2248 2249 2250)
2242 0()
2242 0()
2242 0()
2242 0()
2242 0()
2242 0()
2242 0()
2242 0()
2232 0()
2232 8(2253 2254 2255 2256 2257 2258 2259 2260)
2252 0()
2252 0()
2252 0()
2252 0()
2252 0()
2252 0()
2252 0()
2252 0()
2232 8(2262 2263 2264 2265 2266 2267 2268 2269)
2261 0()
2261 0()
2261 0()
2261 0()
2261 0()
2261 0()
2261 0()
2261 0()
2232 0()
2232 0()
2273 0()
-1 8(2274 2283 2292 2272 2293 2302 2311 2312)
2273 8(2275 2276 2277 2278 2279 2280 2281 2282)
2274 0()
2274 0()
2274 0()
2274 0()
2274 0()
2274 0()
2274 0()
2274 0()
2273 8(2284 2285 2286 2287 2288 2289 2290 2291)
2283 0()
2283 0()
2283 0()
2283 0()
2283 0()
2283 0()
2283 0()
2283 0()
2273 0()
2273 8(2294 2295 2296 2297 2298 2299 2300 2301)
2293 0()
2293 0()
2293 0()
2293 0()
2293 0()
2293 0()
2293 0()
2293 0()
2273 8(2303 2304 2305 2306 2307 2308 2309 2310)
2302 0()
2302 0()
2302 0()
2302 0()
2302 0()
2302 0()
2302 0()
2302 0()
2273 0()
2273 0()
2314 0()
-1 8(2315 2313 2316 2317 2318 2319 2320 2321)
2314 0()
2314 0()
2314 0()
2314 0()
2314 0()
2314 0()
2314 0()
2323 0()
2324 8(2388 2389 2390 2391 2392 2393 2394 2322)
-1 8(2325 2323 2334 2343 2352 2361 2370 2379)
2324 8(2326 2327 2328 2329 2330 2331 2332 2333)
2325 0()
2325 0()
2325 0()
2325 0()
2325 0()
2325 0()
2325 0()
2325 0()
2324 8(2335 2336 2337 2338 2339 2340 2341 2342)
2334 0()
2334 0()
2334 0()
2334 0()
2334 0()
2334 0()
2334 0()
2334 0()
2324 8(2344 2345 2346 2347 2348 2349 2350 2351)
2343 0()
2343 0()
2343 0()
2343 0()
2343 0()
2343 0()
2343 0()
2343 0()
2324 8(2353 2354 2355 2356 2357 2358 2359 2360)
2352 0()
2352 0()
2352 0()
2352 0()
2352 0()
2352 0()
2352 0()
2352 0()
2324 8(2362 2363 2364 2365 2366 2367 2368 2369)
2361 0()
2361 0()
2361 0()
2361 0()
2361 0()
2361 0()
2361 0()
2361 0()
2324 8(2371 2372 2373 2374 2375 2376 2377 2378)
2370 0()
2370 0()
2370 0()
2370 0()
2370 0()
2370 0()
2370 0()
2370 0()
2324 8(2380 2381 2382 2383 2384 2385 2386 2387)
2379 0()
2379 0()
2379 0()
2379 0()
2379 0()
2379 0()
2379 0()
2379 0()
2323 0()
2323 0()
2323 0()
2323 0()
2323 0()
2323 0()
2323 0()
2396 0()
-1 8(2397 2395 2398 2399 2400 2401 2402 2403)
2396 0()
2396 0()
2396 0()
2396 0()
2396 0()
2396 0()
2396 0()
2405 0()
2406 8(2470 2471 2472 2473 2474 2475 2476 2404)
-1 8(2407 2405 2416 2425 2434 2443 2452 2461)
2406 8(2408 2409 2410 2411 2412 2413 2414 2415)
2407 0()
2407 0()
2407 0()
2407 0()
2407 0()
2407 0()
2407 0()
2407 0()
2406 8(2417 2418 2419 2420 2421 2422 2423 2424)
2416 0()
2416 0()
2416 0()
2416 0()
2416 0()
2416 0()
2416 0()
2416 0()
2406 8(2426 2427 2428 2429 2430 2431 2432 2433)
2425 0()
2425 0()
2425 0()
2425 0()
2425 0()
2425 0()
2425 0()
2425 0()
2406 8(2435 2436 2437 2438 2439 2440 2441 2442)
2434 0()
2434 0()
2434 0()
2434 0()
2434 0()
2434 0()
2434 0()
2434 0()
2406 8(2444 2445 2446 2447 2448 2449 2450 2451)
2443 0()
2443 0()
2443 0()
2443 0()
2443 0()
2443 0()
2443 0()
2443 0()
2406 8(2453 2454 2455 2456 2457 2458 2459 2460)
2452 0()
2452 0()
2452 0()
2452 0()
2452 0()
2452 0()
2452 0()
2452 0()
2406 8(2462 2463 2464 2465 2466 2467 2468 2469)
2461 0()
2461 0()
2461 0()
2461 0()
2461 0()
2461 0()
2461 0()
2461 0()
2405 0()
2405 0()
2405 0()
2405 0()
2405 0()
2405 0()
2405 0()
2478 0()
-1 8(2479 2477 2480 2481 2482 2483 2484 2485)
2478 0()
2478 0()
2478 0()
2478 0()
2478 0()
2478 0()
2478 0()
2487 0()
-1 8(2488 2489 2486 2490 2491 2492 2493 2494)
2487 0()
2487 0()
2487 0()
2487 0()
2487 0()
2487 0()
2487 0()
2496 0()
-1 8(2497 2498 2495 2499 2500 2501 2502 2503)
2496 0()
2496 0()
2496 0()
2496 0()
2496 0()
2496 0()
2496 0()
2505 0()
-1 8(2506 2507 2504 2508 2509 2510 2511 2512)
2505 0()
2505 0()
2505 0()
2505 0()
2505 0()
2505 0()
2505 0()
2514 0()
-1 8(2515 2524 2533 2513 2534 2543 2552 2553)
2514 8(2516 2517 2518 2519 2520 2521 2522 2523)
2515 0()
2515 0()
2515 0()
2515 0()
2515 0()
2515 0()
2515 0()
2515 0()
2514 8(2525 2526 2527 2528 2529 2530 2531 2532)
2524 0()
2524 0()
2524 0()
2524 0()
2524 0()
2524 0()
2524 0()
2524 0()
2514 0()
2514 8(2535 2536 2537 2538 2539 2540 2541 2542)
2534 0()
2534 0()
2534 0()
2534 0()
2534 0()
2534 0()
2534 0()
2534 0()
2514 8(2544 2545 2546 2547 2548 2549 2550 2551)
2543 0()
2543 0()
2543 0()
2543 0()
2543 0()
2543 0()
2543 0()
2543 0()
2514 0()
2514 0()
2555 0()
-1 8(2556 2565 2574 2554 2575 2584 2593 2594)
2555 8(2557 2558 2559 2560 2561 2562 2563 2564)
2556 0()
2556 0()
2556 0()
2556 0()
2556 0()
2556 0()
2556 0()
2556 0()
2555 8(2566 2567 2568 2569 2570 2571 2572 2573)
2565 0()
2565 0()
2565 0()
2565 0()
2565 0()
2565 0()
2565 0()
2565 0()
2555 0()
2555 8(2576 2577 2578 2579 2580 2581 2582 2583)
2575 0()
2575 0()
2575 0()
2575 0()
2575 0()
2575 0()
2575 0()
2575 0()
2555 8(2585 2586 2587 2588 2589 2590 2591 2592)
2584 0()
2584 0()
2584 0()
2584 0()
2584 0()
2584 0()
2584 0()
2584 0()
2555 0()
2555 0()
2596 0()
-1 8(2597 2595 2598 2599 2600 2601 2602 2603)
2596 0()
2596 0()
2596 0()
2596 0()
2596 0()
2596 0()
2596 0()
2605 0()
2606 8(2670 2671 2672 2673 2674 2675 2676 2604)
-1 8(2607 2605 2616 2625 2634 2643 2652 2661)
2606 8(2608 2609 2610 2611 2612 2613 2614 2615)
2607 0()
2607 0()
2607 0()
2607 0()
2607 0()
2607 0()
2607 0()
2607 0()
2606 8(2617 2618 2619 2620 2621 2622 2623 2624)
2616 0()
2616 0()
2616 0()
2616 0()
2616 0()
2616 0()
2616 0()
2616 0()
2606 8(2626 2627 2628 2629 2630 2631 2632 2633)
2625 0()
2625 0()
2625 0()
2625 0()
2625 0()
2625 0()
2625 0()
2625 0()
2606 8(2635 2636 2637 2638 2639 2640 2641 2642)
2634 0()
2634 0()
2634 0()
2634 0()
2634 0()
2634 0()
2634 0()
2634 0()
2606 8(2644 2645 2646 2647 2648 2649 2650 2651)
2643 0()
2643 0()
2643 0()
2643 0()
2643 0()
2643 0()
2643 0()
2643 0()
2606 8(2653 2654 2655 2656 2657 2658 2659 2660)
2652 0()
2652 0()
2652 0()
2652 0()
2652 0()
2652 0()
2652 0()
2652 0()
2606 8(2662 2663 2664 2665 2666 2667 2668 2669)
2661 0()
2661 0()
2661 0()
2661 0()
2661 0()
2661 0()
2661 0()
2661 0()
2605 0()
2605 0()
2605 0()
2605 0()
2605 0()
2605 0()
2605 0()
2678 0()
-1 8(2679 2677 2680 2681 2682 2683 2684 2685)
2678 0()
2678 0()
2678 0()
2678 0()
2678 0()
2678 0()
2678 0()
2687 0()
2688 8(2752 2753 2754 2755 2756 2686 2757 2758)
-1 8(2687 2689 2698 2707 2716 2725 2734 2743)
2688 8(2690 2691 2692 2693 2694 2695 2696 2697)
2689 0()
2689 0()
2689 0()
2689 0()
2689 0()
2689 0()
2689 0()
2689 0()
2688 8(2699 2700 2701 2702 2703 2704 2705 2706)
2698 0()
2698 0()
2698 0()
2698 0()
2698 0()
2698 0()
2698 0()
2698 0()
2688 8(2708 2709 2710 2711 2712 2713 2714 2715)
2707 0()
2707 0()
2707 0()
2707 0()
2707 0()
2707 0()
2707 0()
2707 0()
2688 8(2717 2718 2719 2720 2721 2722 2723 2724)
2716 0()
2716 0()
2716 0()
2716 0()
2716 0()
2716 0()
2716 0()
2716 0()
2688 8(2726 2727 2728 2729 2730 2731 2732 2733)
2725 0()
2725 0()
2725 0()
2725 0()
2725 0()
2725 0()
2725 0()
2725 0()
2688 8(2735 2736 2737 2738 2739 2740 2741 2742)
2734 0()
2734 0()
2734 0()
2734 0()
2734 0()
2734 0()
2734 0()
2734 0()
2688 8(2744 2745 2746 2747 2748 2749 2750 2751)
2743 0()
2743 0()
2743 0()
2743 0()
2743 0()
2743 0()
2743 0()
2743 0()
2687 0()
2687 0()
2687 0()
2687 0()
2687 0()
2687 0()
2687 0()
2760 0()
-1 8(2761 2759 2762 2763 2764 2765 2766 2767)
2760 0()
2760 0()
2760 0()
2760 0()
2760 0()
2760 0()
2760 0()
2769 0()
-1 8(2770 2771 2768 2772 2773 2774 2775 2776)
2769 0()
2769 0()
2769 0()
2769 0()
2769 0()
2769 0()
2769 0()
2778 0()
-1 8(2779 2780 2777 2781 2782 2783 2784 2785)
2778 0()
2778 0()
2778 0()
2778 0()
2778 0()
2778 0()
2778 0()
2787 0()
-1 8(2788 2789 2786 2790 2791 2792 2793 2794)
2787 0()
2787 0()
2787 0()
2787 0()
2787 0()
2787 0()
2787 0()
2796 0()
-1 8(2797 2806 2815 2795 2816 2825 2834 2835)
2796 8(2798 2799 2800 2801 2802 2803 2804 2805)
2797 0()
2797 0()
2797 0()
2797 0()
2797 0()
2797 0()
2797 0()
2797 0()
2796 8(2807 2808 2809 2810 2811 2812 2813 2814)
2806 0()
2806 0()
2806 0()
2806 0()
2806 0()
2806 0()
2806 0()
2806 0()
2796 0()
2796 8(2817 2818 2819 2820 2821 2822 2823 2824)
2816 0()
2816 0()
2816 0()
2816 0()
2816 0()
2816 0()
2816 0()
2816 0()
2796 8(2826 2827 2828 2829 2830 2831 2832 2833)
2825 0()
2825 0()
2825 0()
2825 0()
2825 0()
2825 0()
2825 0()
2825 0()
2796 0()
2796 0()
2837 0()
-1 8(2838 2836 2839 2840 2841 2842 2843 2844)
2837 0()
2837 0()
2837 0()
2837 0()
2837 0()
2837 0()
2837 0()
2846 0()
2847 8(2911 2912 2913 2914 2915 2845 2916 2917)
-1 8(2846 2848 2857 2866 2875 2884 2893 2902)
2847 8(2849 2850 2851 2852 2853 2854 2855 2856)
2848 0()
2848 0()
2848 0()
2848 0()
2848 0()
2848 0()
2848 0()
2848 0()
2847 8(2858 2859 2860 2861 2862 2863 2864 2865)
2857 0()
2857 0()
2857 0()
2857 0()
2857 0()
2857 0()
2857 0()
2857 0()
2847 8(2867 2868 2869 2870 2871 2872 2873 2874)
2866 0()
2866 0()
2866 0()
2866 0()
2866 0()
2866 0()
2866 0()
2866 0()
2847 8(2876 2877 2878 2879 2880 2881 2882 2883)
2875 0()
2875 0()
2875 0()
2875 0()
2875 0()
2875 0()
2875 0()
2875 0()
2847 8(2885 2886 2887 2888 2889 2890 2891 2892)
2884 0()
2884 0()
2884 0()
2884 0()
2884 0()
2884 0()
2884 0()
2884 0()
2847 8(2894 2895 2896 2897 2898 2899 2900 2901)
2893 0()
2893 0()
2893 0()
2893 0()
2893 0()
2893 0()
2893 0()
2893 0()
2847 8(2903 2904 2905 2906 2907 2908 2909 2910)
2902 0()
2902 0()
2902 0()
2902 0()
2902 0()
2902 0()
2902 0()
2902 0()
2846 0()
2846 0()
2846 0()
2846 0()
2846 0()
2846 0()
2846 0()
2919 0()
-1 8(2920 2918 2921 2922 2923 2924 2925 2926)
2919 0()
2919 0()
2919 0()
2919 0()
2919 0()
2919 0()
2919 0()
2928 0()
2929 8(2993 2994 2995 2996 2997 2998 2999 2927)
-1 8(2930 2928 2939 2948 2957 2966 2975 2984)
2929 8(2931 2932 2933 2934 2935 2936 2937 2938)
2930 0()
2930 0()
2930 0()
2930 0()
2930 0()
2930 0()
2930 0()
2930 0()
2929 8(2940 2941 2942 2943 2944 2945 2946 2947)
2939 0()
2939 0()
2939 0()
2939 0()
2939 0()
2939 0()
2939 0()
2939 0()
2929 8(2949 2950 2951 2952 2953 2954 2955 2956)
2948 0()
2948 0()
2948 0()
2948 0()
2948 0()
2948 0()
2948 0()
2948 0()
2929 8(2958 2959 2960 2961 2962 2963 2964 2965)
2957 0()
2957 0()
2957 0()
2957 0()
2957 0()
2957 0()
2957 0()
2957 0()
2929 8(2967 2968 2969 2970 2971 2972 2973 2974)
2966 0()
2966 0()
2966 0()
2966 0()
2966 0()
2966 0()
2966 0()
2966 0()
2929 8(2976 2977 2978 2979 2980 2981 2982 2983)
2975 0()
2975 0()
2975 0()
2975 0()
2975 0()
2975 0()
2975 0()
2975 0()
2929 8(2985 2986 2987 2988 2989 2990 2991 2992)
2984 0()
2984 0()
2984 0()
2984 0()
2984 0()
2984 0()
2984 0()
2984 0()
2928 0()
2928 0()
2928 0()
2928 0()
2928 0()
2928 0()
2928 0()
3001 0()
-1 8(3002 3000 3003 3004 3005 3006 3007 3008)
3001 0()
3001 0()
3001 0()
3001 0()
3001 0()
3001 0()
3001 0()
3010 0()
-1 8(3011 3012 3013 3014 3015 3009 3016 3017)
3010 0()
3010 0()
3010 0()
3010 0()
3010 0()
3010 0()
3010 0()
3019 0()
-1 8(3020 3021 3018 3022 3023 3024 3025 3026)
3019 0()
3019 0()
3019 0()
3019 0()
3019 0()
3019 0()
3019 0()
3028 0()
-1 8(3029 3030 3027 3031 3032 3033 3034 3035)
3028 0()
3028 0()
3028 0()
3028 0()
3028 0()
3028 0()
3028 0()
3037 0()
-1 8(3038 3047 3056 3036 3057 3066 3075 3076)
3037 8(3039 3040 3041 3042 3043 3044 3045 3046)
3038 0()
3038 0()
3038 0()
3038 0()
3038 0()
3038 0()
3038 0()
3038 0()
3037 8(3048 3049 3050 3051 3052 3053 3054 3055)
3047 0()
3047 0()
3047 0()
3047 0()
3047 0()
3047 0()
3047 0()
3047 0()
3037 0()
3037 8(3058 3059 3060 3061 3062 3063 3064 3065)
3057 0()
3057 0()
3057 0()
3057 0()
3057 0()
3057 0()
3057 0()
3057 0()
3037 8(3067 3068 3069 3070 3071 3072 3073 3074)
3066 0()
3066 0()
3066 0()
3066 0()
3066 0()
3066 0()
3066 0()
3066 0()
3037 0()
3037 0()
3078 0()
-1 8(3079 3077 3080 3081 3082 3083 3084 3085)
3078 0()
3078 0()
3078 0()
3078 0()
3078 0()
3078 0()
3078 0()
3087 0()
3088 8(3152 3153 3154 3155 3156 3157 3158 3086)
-1 8(3089 3087 3098 3107 3116 3125 3134 3143)
3088 8(3090 3091 3092 3093 3094 3095 3096 3097)
3089 0()
3089 0()
3089 0()
3089 0()
3089 0()
3089 0()
3089 0()
3089 0()
3088 8(3099 3100 3101 3102 3103 3104 3105 3106)
3098 0()
3098 0()
3098 0()
3098 0()
3098 0()
3098 0()
3098 0()
3098 0()
3088 8(3108 3109 3110 3111 3112 3113 3114 3115)
3107 0()
3107 0()
3107 0()
3107 0()
3107 0()
3107 0()
3107 0()
3107 0()
3088 8(3117 3118 3119 3120 3121 3122 3123 3124)
3116 0()
3116 0()
3116 0()
3116 0()
3116 0()
3116 0()
3116 0()
3116 0()
3088 8(3126 3127 3128 3129 3130 3131 3132 3133)
3125 0()
3125 0()
3125 0()
3125 0()
3125 0()
3125 0()
3125 0()
3125 0()
3088 8(3135 3136 3137 3138 3139 3140 3141 3142)
3134 0()
3134 0()
3134 0()
3134 0()
3134 0()
3134 0()
3134 0()
3134 0()
3088 8(3144 3145 3146 3147 3148 3149 3150 3151)
3143 0()
3143 0()
3143 0()
3143 0()
3143 0()
3143 0()
3143 0()
3143 0()
3087 0()
3087 0()
3087 0()
3087 0()
3087 0()
3087 0()
3087 0()
3160 0()
-1 8(3161 3159 3162 3163 3164 3165 3166 3167)
3160 0()
3160 0()
3160 0()
3160 0()
3160 0()
3160 0()
3160 0()
3169 0()
-1 8(3170 3171 3172 3173 3174 3168 3175 3176)
3169 0()
3169 0()
3169 0()
3169 0()
3169 0()
3169 0()
3169 0()
3178 0()
3179 8(3243 3244 3245 3246 3247 3248 3249 3177)
-1 8(3180 3178 3189 3198 3207 3216 3225 3234)
3179 8(3181 3182 3183 3184 3185 3186 3187 3188)
3180 0()
3180 0()
3180 0()
3180 0()
3180 0()
3180 0()
3180 0()
3180 0()
3179 8(3190 3191 3192 3193 3194 3195 3196 3197)
3189 0()
3189 0()
3189 0()
3189 0()
3189 0()
3189 0()
3189 0()
3189 0()
3179 8(3199 3200 3201 3202 3203 3204 3205 3206)
3198 0()
3198 0()
3198 0()
3198 0()
3198 0()
3198 0()
3198 0()
3198 0()
3179 8(3208 3209 3210 3211 3212 3213 3214 3215)
3207 0()
3207 0()
3207 0()
3207 0()
3207 0()
3207 0()
3207 0()
3207 0()
3179 8(3217 3218 3219 3220 3221 3222 3223 3224)
3216 0()
3216 0()
3216 0()
3216 0()
3216 0()
3216 0()
3216 0()
3216 0()
3179 8(3226 3227 3228 3229 3230 3231 3232 3233)
3225 0()
3225 0()
3225 0()
3225 0()
3225 0()
3225 0()
3225 0()
3225 0()
3179 8(3235 3236 3237 3238 3239 3240 3241 3242)
3234 0()
3234 0()
3234 0()
3234 0()
3234 0()
3234 0()
3234 0()
3234 0()
3178 0()
3178 0()
3178 0()
3178 0()
3178 0()
3178 0()
3178 0()
3251 0()
3252 8(3250 3316 3317 3318 3319 3320 3321 3322)
-1 8(3253 3262 3271 3280 3289 3251 3298 3307)
3252 8(3254 3255 3256 3257 3258 3259 3260 3261)
3253 0()
3253 0()
3253 0()
3253 0()
3253 0()
3253 0()
3253 0()
3253 0()
3252 8(3263 3264 3265 3266 3267 3268 3269 3270)
3262 0()
3262 0()
3262 0()
3262 0()
3262 0()
3262 0()
3262 0()
3262 0()
3252 8(3272 3273 3274 3275 3276 3277 3278 3279)
3271 0()
3271 0()
3271 0()
3271 0()
3271 0()
3271 0()
3271 0()
3271 0()
3252 8(3281 3282 3283 3284 3285 3286 3287 3288)
3280 0()
3280 0()
3280 0()
3280 0()
3280 0()
3280 0()
3280 0()
3280 0()
3252 8(3290 3291 3292 3293 3294 3295 3296 3297)
3289 0()
3289 0()
3289 0()
3289 0()
3289 0()
3289 0()
3289 0()
3289 0()
3252 8(3299 3300 3301 3302 3303 3304 3305 3306)
3298 0()
3298 0()
3298 0()
3298 0()
3298 0()
3298 0()
3298 0()
3298 0()
3252 8(3308 3309 3310 3311 3312 3313 3314 3315)
3307 0()
3307 0()
3307 0()
3307 0()
3307 0()
3307 0()
3307 0()
3307 0()
3251 0()
3251 0()
3251 0()
3251 0()
3251 0()
3251 0()
3251 0()
3324 0()
-1 8(3325 3326 3323 3327 3328 3329 3330 3331)
3324 0()
3324 0()
3324 0()
3324 0()
3324 0()
3324 0()
3324 0()
3333 0()
-1 8(3334 3332 3335 3336 3337 3338 3339 3340)
3333 0()
3333 0()
3333 0()
3333 0()
3333 0()
3333 0()
3333 0()
3342 0()
-1 8(3343 3344 3345 3346 3347 3341 3348 3349)
3342 0()
3342 0()
3342 0()
3342 0()
3342 0()
3342 0()
3342 0()
3351 0()
3352 8(3416 3417 3418 3419 3420 3421 3422 3350)
-1 8(3353 3351 3362 3371 3380 3389 3398 3407)
3352 8(3354 3355 3356 3357 3358 3359 3360 3361)
3353 0()
3353 0()
3353 0()
3353 0()
3353 0()
3353 0()
3353 0()
3353 0()
3352 8(3363 3364 3365 3366 3367 3368 3369 3370)
3362 0()
3362 0()
3362 0()
3362 0()
3362 0()
3362 0()
3362 0()
3362 0()
3352 8(3372 3373 3374 3375 3376 3377 3378 3379)
3371 0()
3371 0()
3371 0()
3371 0()
3371 0()
3371 0()
3371 0()
3371 0()
3352 8(3381 3382 3383 3384 3385 3386 3387 3388)
3380 0()
3380 0()
3380 0()
3380 0()
3380 0()
3380 0()
3380 0()
3380 0()
3352 8(3390 3391 3392 3393 3394 3395 3396 3397)
3389 0()
3389 0()
3389 0()
3389 0()
3389 0()
3389 0()
3389 0()
3389 0()
3352 8(3399 3400 3401 3402 3403 3404 3405 3406)
3398 0()
3398 0()
3398 0()
3398 0()
3398 0()
3398 0()
3398 0()
3398 0()
3352 8(3408 3409 3410 3411 3412 3413 3414 3415)
3407 0()
3407 0()
3407 0()
3407 0()
3407 0()
3407 0()
3407 0()
3407 0()
3351 0()
3351 0()
3351 0()
3351 0()
3351 0()
3351 0()
3351 0()
3424 0()
3425 8(3423 3489 3490 3491 3492 3493 3494 3495)
-1 8(3426 3435 3444 3453 3462 3424 3471 3480)
3425 8(3427 3428 3429 3430 3431 3432 3433 3434)
3426 0()
3426 0()
3426 0()
3426 0()
3426 0()
3426 0()
3426 0()
3426 0()
3425 8(3436 3437 3438 3439 3440 3441 3442 3443)
3435 0()
3435 0()
3435 0()
3435 0()
3435 0()
3435 0()
3435 0()
3435 0()
3425 8(3445 3446 3447 3448 3449 3450 3451 3452)
3444 0()
3444 0()
3444 0()
3444 0()
3444 0()
3444 0()
3444 0()
3444 0()
3425 8(3454 3455 3456 3457 3458 3459 3460 3461)
3453 0()
3453 0()
3453 0()
3453 0()
3453 0()
3453 0()
3453 0()
3453 0()
3425 8(3463 3464 3465 3466 3467 3468 3469 3470)
3462 0()
3462 0()
3462 0()
3462 0()
3462 0()
3462 0()
3462 0()
3462 0()
3425 8(3472 3473 3474 3475 3476 3477 3478 3479)
3471 0()
3471 0()
3471 0()
3471 0()
3471 0()
3471 0()
3471 0()
3471 0()
3425 8(3481 3482 3483 3484 3485 3486 3487 3488)
3480 0()
3480 0()
3480 0()
3480 0()
3480 0()
3480 0()
3480 0()
3480 0()
3424 0()
3424 0()
3424 0()
3424 0()
3424 0()
3424 0()
3424 0()
)

// visibleCells

4533
(
-1
-1
-1
-1
-1
-1
-1
-1
-1
-1
-1
-1
-1
-1
-1
-1
-1
-1
-1
-1
-1
-1
-1
-1
-1
-1
-1
-1
-1
-1
-1
-1
-1
-1
-1
-1
-1
-1
-1
-1
-1
-1
-1
-1
-1
-1
-1
-1
-1
-1
-1
-1
-1
-1
-1
-1
-1
-1
-1
-1
-1
-1
-1
-1
-1
-1
-1
-1
-1
-1
-1
-1
-1
-1
-1
-1
-1
-1
-1
-1
-1
-1
-1
-1
-1
-1
-1
-1
-1
-1
-1
-1
-1
-1
-1
-1
-1
-1
-1
-1
-1
-1
-1
-1
-1
-1
-1
-1
-1
-1
-1
-1
-1
-1
-1
-1
-1
-1
-1
-1
-1
-1
-1
-1
-1
-1
-1
-1
-1
-1
-1
-1
-1
-1
-1
-1
-1
-1
-1
-1
-1
-1
-1
-1
-1
-1
-1
-1
-1
-1
-1
-1
-1
-1
-1
-1
-1
-1
-1
-1
-1
-1
-1
-1
-1
-1
-1
-1
-1
-1
-1
-1
-1
-1
-1
-1
-1
-1
-1
-1
-1
-1
-1
-1
-1
-1
-1
-1
-1
-1
-1
-1
-1
-1
-1
-1
-1
-1
-1
-1
-1
-1
-1
-1
-1
-1
-1
-1
-1
-1
-1
-1
-1
-1
-1
-1
-1
-1
-1
-1
-1
-1
-1
-1
-1
-1
-1
-1
-1
-1
-1
-1
-1
-1
-1
-1
-1
-1
-1
-1
-1
-1
-1
-1
-1
-1
-1
-1
-1
-1
-1
-1
-1
-1
-1
-1
-1
-1
-1
-1
-1
-1
-1
-1
-1
-1
-1
-1
-1
-1
-1
-1
-1
-1
-1
-1
-1
-1
-1
-1
-1
-1
-1
-1
-1
-1
-1
-1
-1
-1
-1
-1
-1
-1
-1
-1
-1
-1
-1
-1
-1
-1
-1
-1
-1
-1
-1
-1
-1
-1
-1
-1
-1
-1
-1
-1
-1
-1
-1
-1
-1
-1
-1
-1
-1
-1
-1
-1
-1
-1
-1
-1
-1
-1
-1
-1
-1
-1
-1
-1
-1
-1
-1
-1
-1
-1
-1
-1
-1
-1
-1
-1
-1
-1
-1
-1
-1
-1
-1
-1
-1
-1
-1
-1
-1
-1
-1
-1
-1
-1
-1
-1
-1
-1
-1
-1
-1
-1
-1
-1
-1
-1
-1
-1
-1
-1
-1
-1
-1
-1
-1
-1
-1
-1
-1
-1
-1
-1
-1
-1
-1
-1
-1
-1
-1
-1
-1
-1
-1
-1
-1
-1
-1
-1
-1
-1
-1
-1
-1
-1
-1
-1
-1
-1
-1
-1
-1
-1
-1
-1
-1
-1
-1
-1
-1
-1
-1
-1
-1
-1
-1
-1
-1
-1
-1
-1
-1
-1
-1
-1
-1
-1
-1
-1
-1
-1
-1
-1
-1
-1
-1
-1
-1
-1
-1
-1
-1
-1
-1
-1
-1
-1
-1
-1
-1
-1
-1
-1
-1
-1
-1
-1
-1
-1
-1
-1
-1
-1
-1
-1
-1
-1
-1
-1
-1
-1
-1
-1
-1
-1
-1
-1
-1
-1
-1
-1
-1
-1
-1
-1
-1
-1
-1
-1
-1
-1
-1
-1
-1
-1
-1
-1
-1
-1
-1
-1
-1
-1
-1
-1
-1
-1
-1
-1
-1
-1
-1
-1
-1
-1
-1
-1
-1
-1
-1
-1
-1
-1
-1
-1
-1
-1
-1
-1
-1
-1
-1
-1
-1
-1
-1
-1
-1
-1
-1
-1
-1
-1
-1
-1
-1
-1
-1
-1
-1
-1
-1
-1
-1
-1
-1
-1
-1
-1
-1
-1
-1
-1
-1
-1
-1
-1
0
2
3
4
6
8
-1
-1
-1
-1
-1
-1
-1
-1
-1
-1
-1
-1
-1
-1
-1
-1
-1
-1
-1
-1
-1
-1
-1
-1
-1
-1
-1
-1
-1
-1
-1
-1
9
11
12
13
15
17
-1
-1
-1
-1
-1
18
20
21
22
5
7
27
31
33
35
-1
-1
-1
-1
-1
-1
-1
-1
-1
-1
-1
-1
-1
-1
-1
-1
-1
-1
-1
-1
-1
-1
-1
-1
-1
36
38
39
40
42
44
-1
-1
-1
-1
-1
45
47
48
49
14
16
54
58
60
62
-1
-1
-1
-1
63
65
66
67
23
24
25
26
29
30
32
72
34
76
78
80
-1
-1
-1
-1
-1
-1
-1
-1
-1
-1
-1
-1
-1
-1
-1
-1
-1
-1
81
83
84
85
87
89
-1
-1
-1
-1
-1
90
92
93
94
41
43
99
103
105
107
-1
-1
-1
-1
108
110
111
112
50
51
52
53
56
57
59
117
61
121
123
125
-1
-1
-1
126
128
129
130
68
69
70
71
135
137
138
139
74
149
75
159
77
160
79
164
166
168
-1
-1
-1
-1
-1
-1
-1
-1
-1
-1
-1
-1
88
-1
-1
-1
-1
-1
169
171
172
173
86
178
182
184
186
-1
-1
-1
-1
187
189
190
191
95
96
97
98
101
102
104
196
106
200
202
204
-1
-1
-1
205
207
208
209
113
114
115
116
214
216
217
218
119
228
120
238
122
239
124
243
245
247
-1
-1
-1
131
132
133
134
248
250
251
252
142
143
146
147
152
153
156
157
289
144
148
309
155
158
162
319
163
329
165
330
167
334
336
338
-1
-1
-1
-1
-1
-1
-1
-1
-1
176
177
-1
-1
-1
181
185
-1
-1
-1
-1
339
341
342
343
174
175
180
183
348
352
354
356
-1
-1
-1
357
359
360
361
192
193
194
195
366
368
369
370
198
380
382
199
201
383
203
387
389
391
-1
-1
-1
210
211
212
213
392
394
395
396
221
222
225
226
231
232
235
236
433
223
227
453
234
237
241
463
242
473
244
474
246
478
480
482
-1
-1
-1
483
485
486
487
255
256
259
260
264
265
268
269
273
274
277
278
282
283
286
287
141
145
151
154
293
294
297
298
302
304
306
308
524
312
314
316
318
544
322
325
327
328
332
554
333
564
335
565
337
569
571
573
-1
-1
-1
-1
-1
-1
346
347
-1
-1
-1
574
578
581
582
-1
-1
-1
351
355
-1
-1
-1
583
585
586
587
344
345
576
577
350
580
353
592
596
598
600
-1
-1
-1
362
363
364
365
601
603
604
605
373
374
377
378
381
626
375
379
638
385
648
650
386
388
651
390
655
657
659
-1
-1
-1
660
662
663
664
399
400
403
404
408
409
412
413
417
418
421
422
426
427
430
431
220
224
230
233
437
438
441
442
446
448
450
452
701
456
458
460
462
721
466
469
471
472
476
731
477
741
479
742
481
746
748
750
-1
-1
-1
490
491
494
495
499
500
503
504
508
509
512
513
517
518
521
522
261
254
257
258
270
263
266
267
279
272
275
276
288
281
284
285
292
295
301
303
299
296
307
305
528
529
532
533
317
311
313
315
537
539
541
543
326
321
323
324
751
547
549
551
553
771
557
560
562
563
567
781
568
791
570
792
572
796
798
800
-1
-1
-1
590
591
-1
-1
-1
801
805
808
809
-1
-1
-1
579
810
814
817
818
-1
-1
-1
595
599
-1
-1
-1
588
589
803
804
813
594
816
597
819
823
825
827
-1
-1
-1
828
830
831
832
608
609
612
613
617
618
621
622
624
625
372
376
637
630
631
634
635
853
641
643
645
647
865
649
653
875
877
654
656
878
658
882
884
886
-1
-1
-1
667
668
671
672
676
677
680
681
685
686
689
690
694
695
698
699
405
398
401
402
414
407
410
411
423
416
419
420
432
425
428
429
436
439
445
447
443
440
451
449
705
706
709
710
461
455
457
459
714
716
718
720
470
465
467
468
887
724
726
728
730
907
734
737
739
740
744
917
745
927
747
928
749
932
934
936
-1
-1
-1
496
489
492
493
505
498
501
502
514
507
510
511
523
516
519
520
937
1003
1005
1006
946
941
943
944
955
950
952
953
964
959
961
962
948
945
965
963
534
527
530
531
983
977
979
981
542
536
538
540
1000
995
997
998
755
756
759
760
552
546
548
550
764
766
768
770
561
556
558
559
1010
774
776
778
780
1030
784
787
789
790
794
1040
795
1050
797
1051
799
1055
1057
1059
-1
-1
-1
1060
1064
1067
1068
-1
-1
-1
806
1069
807
1073
1076
1077
-1
-1
-1
812
815
1078
1082
1085
1086
-1
-1
-1
822
826
-1
-1
-1
1062
1063
1081
821
1084
824
1087
1091
1093
1095
-1
-1
-1
835
836
839
840
844
845
848
849
851
852
614
607
610
611
623
616
619
620
1096
1116
629
632
636
633
857
858
861
862
646
640
642
644
864
1136
1137
868
870
872
874
1149
876
880
1159
1161
881
883
1162
885
1166
1168
1170
-1
-1
-1
673
666
669
670
682
675
678
679
691
684
687
688
700
693
696
697
1171
1237
1239
1240
1180
1175
1177
1178
1189
1184
1186
1187
1198
1193
1195
1196
1182
1179
1199
1197
711
704
707
708
1217
1211
1213
1215
719
713
715
717
1234
1229
1231
1232
891
892
895
896
729
723
725
727
900
902
904
906
738
733
735
736
1244
910
912
914
916
1264
920
923
925
926
930
1274
931
1284
933
1285
935
1289
1291
1293
-1
-1
-1
1294
1360
1362
1363
1303
1298
1300
1301
1312
1307
1309
1310
1321
1316
1318
1319
1004
1007
1008
1009
942
947
951
954
956
957
960
966
1367
1433
1436
1437
978
980
982
984
1395
1389
1391
1393
996
999
1001
1002
761
754
757
758
1413
1407
1409
1411
769
763
765
767
1430
1425
1427
1428
1014
1015
1018
1019
779
773
775
777
1023
1025
1027
1029
788
783
785
786
1440
1033
1035
1037
1039
1460
1043
1046
1048
1049
1053
1470
1054
1480
1056
1481
1058
1485
-1
1487
1489
-1
-1
1065
1490
1066
1494
1497
1498
-1
-1
-1
1071
1072
1074
1499
1075
1503
1506
1507
-1
-1
-1
1080
1083
1508
1512
1515
1516
-1
-1
-1
1090
1094
-1
-1
-1
1511
1089
1514
1092
1517
1521
1523
1525
-1
-1
-1
841
834
837
838
850
843
846
847
1526
1546
1104
1099
1101
1102
1113
1108
1110
1111
1100
1106
1135
1109
1115
1112
863
856
859
860
1133
1127
1129
1131
1567
1128
1134
1141
1142
1145
1146
873
867
869
871
1148
1607
1608
1152
1154
1156
1158
1620
1160
1164
1630
1632
1165
1167
1633
1169
1637
1639
1641
-1
-1
-1
1642
1708
1710
1711
1651
1646
1648
1649
1660
1655
1657
1658
1669
1664
1666
1667
1238
1241
1242
1243
1176
1181
1185
1188
1190
1191
1194
1200
1715
1781
1784
1785
1212
1214
1216
1218
1743
1737
1739
1741
1230
1233
1235
1236
897
890
893
894
1761
1755
1757
1759
905
899
901
903
1778
1773
1775
1776
1248
1249
1252
1253
915
909
911
913
1257
1259
1261
1263
924
919
921
922
1788
1267
1269
1271
1273
1808
1277
1280
1282
1283
1287
1818
1288
1828
1290
1829
1292
1833
-1
1835
1837
-1
-1
1361
1364
1365
1366
1299
1302
1304
1305
1308
1311
1313
1314
1317
1320
1322
1323
969
970
973
974
987
988
991
992
1434
1435
1438
1439
971
975
1390
1392
1394
1396
990
993
1838
1904
1907
1908
1408
1410
1412
1414
1866
1860
1862
1864
1426
1429
1431
1432
1020
1013
1016
1017
1884
1878
1880
1882
1028
1022
1024
1026
1901
1896
1898
1899
1444
1445
1448
1449
1038
1032
1034
1036
1453
1455
1457
1459
1047
1042
1044
1045
1911
1463
1465
1467
1469
1915
1473
1476
1478
1479
1483
1917
1919
1484
-1
-1
1486
1488
-1
-1
1492
1493
1495
1920
1496
1924
1927
1928
-1
-1
-1
1501
1502
1504
1929
1505
1933
1936
1937
-1
-1
-1
1510
1513
1938
1942
1945
1946
-1
-1
-1
1520
1524
-1
-1
-1
1941
1519
1944
1522
1947
1951
1953
1955
-1
-1
-1
1534
1529
1531
1532
1543
1538
1540
1541
1530
1536
1565
1539
1545
1566
1103
1105
1114
1119
1124
1122
1125
1587
1586
1579
1582
1583
1130
1132
1580
1584
1147
1140
1143
1144
1604
1598
1600
1602
1956
1599
1605
1606
1612
1613
1616
1617
1157
1151
1153
1155
1619
1996
1997
1623
1625
1627
1629
2009
1631
1635
2019
2021
1636
1638
2022
1640
2026
-1
2028
2030
-1
-1
1709
1712
1713
1714
1647
1650
1652
1653
1656
1659
1661
1662
1665
1668
1670
1671
1203
1204
1207
1208
1221
1222
1225
1226
1782
1783
1786
1787
1205
1209
1738
1740
1742
1744
1224
1227
2031
2097
2100
2101
1756
1758
1760
1762
2059
2053
2055
2057
1774
1777
1779
1780
1254
1247
1250
1251
2077
2071
2073
2075
1262
1256
1258
1260
2094
2089
2091
2092
1792
1793
1796
1797
1272
1266
1268
1270
1801
1803
1805
1807
1281
1276
1278
1279
2104
1811
1813
1815
1817
2108
1821
1824
1826
1827
1831
2110
2112
1832
-1
-1
1834
1836
-1
-1
1326
1327
1330
1331
1335
1336
1339
1340
1344
1345
1348
1349
1353
1354
1357
1358
968
972
986
989
1372
1373
1376
1377
1381
1383
1385
1387
1905
1906
1909
1910
1399
1401
1403
1405
1861
1863
1865
1867
1417
1420
1422
1423
2113
2179
2182
2183
1879
1881
1883
1885
2141
2135
2137
2139
1897
1900
1902
1903
1450
1443
1446
1447
2159
2153
2155
2157
1458
1452
1454
1456
2176
2171
2173
2174
1913
1468
1462
1464
1466
1914
1477
1472
1474
1475
2186
1916
1918
2190
-1
-1
-1
2192
2194
-1
-1
1922
1923
1925
2195
1926
2199
2202
2203
-1
-1
-1
1931
1932
1934
2204
1935
2208
2211
2212
-1
-1
-1
1940
1943
2213
2217
2220
2221
-1
-1
-1
1950
1954
-1
-1
-1
2216
1949
2219
1952
2222
2226
-1
2228
2230
-1
-1
1533
1535
1542
1544
1549
1554
1552
1555
2231
1558
1563
1561
1564
2251
1120
1123
1118
1573
1575
1121
1571
1577
1581
1585
1975
1968
1971
1972
1601
1603
1969
1973
1976
1590
1596
1593
1595
2271
1618
1611
1614
1615
1993
1987
1989
1991
2272
1988
1994
1995
2001
2002
2005
2006
1628
1622
1624
1626
2008
2312
2313
2012
2014
2016
2018
2317
2020
2024
2319
2321
2025
-1
-1
2027
2029
-1
-1
1674
1675
1678
1679
1683
1684
1687
1688
1692
1693
1696
1697
1701
1702
1705
1706
1202
1206
1220
1223
1720
1721
1724
1725
1729
1731
1733
1735
2098
2099
2102
2103
1747
1749
1751
1753
2054
2056
2058
2060
1765
1768
1770
1771
2322
2388
2391
2392
2072
2074
2076
2078
2350
2344
2346
2348
2090
2093
2095
2096
1798
1791
1794
1795
2368
2362
2364
2366
1806
1800
1802
1804
2385
2380
2382
2383
2106
1816
1810
1812
1814
2107
1825
1820
1822
1823
2395
2109
2111
2399
-1
-1
-1
2401
2403
-1
-1
1332
1325
1328
1329
1341
1334
1337
1338
1350
1343
1346
1347
1359
1352
1355
1356
1371
1374
1380
1382
1378
1375
1386
1384
1843
1844
1847
1848
1404
1398
1400
1402
1852
1854
1856
1858
1421
1416
1418
1419
2180
2181
2184
2185
1870
1872
1874
1876
2136
2138
2140
2142
1888
1891
1893
1894
2404
2470
2473
2474
2154
2156
2158
2160
2432
2426
2428
2430
2172
2175
2177
2178
2477
2450
2444
2446
2448
2481
2467
2462
2464
2465
2188
2483
2485
2189
-1
-1
-1
2191
2193
-1
-1
-1
2197
2270
2198
2200
2486
2201
2490
2493
2494
-1
-1
-1
2206
2207
2209
2495
2210
2499
2502
2503
-1
-1
-1
2215
2218
2504
2508
2511
2512
-1
-1
-1
2225
-1
2229
-1
-1
2507
2224
2510
-1
-1
2227
-1
-1
1550
1553
1559
1562
1548
2237
2239
1551
2235
2241
1557
2246
1560
2248
2244
2250
1570
1572
1576
1574
1970
1974
1592
1594
1960
1964
1962
1966
2513
1589
2266
2268
1591
2263
2269
2291
2284
2287
2288
1990
1992
2285
2289
2292
1979
1985
1982
1984
2553
2007
2000
2003
2004
2309
2303
2305
2307
2554
2304
2310
2311
2315
2017
2011
2013
2015
2316
2594
2595
2318
2320
2599
-1
-1
-1
2601
2603
-1
-1
1680
1673
1676
1677
1689
1682
1685
1686
1698
1691
1694
1695
1707
1700
1703
1704
1719
1722
1728
1730
1726
1723
1734
1732
2036
2037
2040
2041
1752
1746
1748
1750
2045
2047
2049
2051
1769
1764
1766
1767
2389
2390
2393
2394
2063
2065
2067
2069
2345
2347
2349
2351
2081
2084
2086
2087
2604
2670
2673
2674
2363
2365
2367
2369
2632
2626
2628
2630
2381
2384
2386
2387
2677
2650
2644
2646
2648
2681
2667
2662
2664
2665
2397
2683
2685
2398
-1
-1
-1
2400
2402
-1
-1
-1
2686
2752
2754
2755
2695
2690
2692
2693
2704
2699
2701
2702
2713
2708
2710
2711
2697
2694
2714
2712
1849
1842
1845
1846
2732
2726
2728
2730
1857
1851
1853
1855
2749
2744
2746
2747
2118
2119
2122
2123
1875
1869
1871
1873
2127
2129
2131
2133
1892
1887
1889
1890
2471
2472
2475
2476
2145
2147
2149
2151
2427
2429
2431
2433
2163
2166
2168
2169
2447
2451
2479
2445
2449
2466
2469
2480
2463
2468
2759
2482
2484
2763
-1
-1
-1
-1
2765
2767
2764
2766
-1
-1
-1
2533
2254
2257
2259
2260
2488
2552
2489
2491
2768
2492
2772
2775
2776
-1
-1
-1
2497
2498
2500
2777
2501
2781
2784
2785
-1
-1
-1
2506
2509
2786
2790
-1
2793
2794
-1
-1
-1
-1
-1
2789
-1
-1
-1
2792
-1
-1
2234
2236
2240
2238
2243
2245
2249
2247
1961
1965
1959
2528
1963
2532
2526
2530
2262
2264
2267
2265
2286
2290
1981
1983
2276
2280
2278
2282
2795
1978
2548
2550
1980
2545
2551
2573
2566
2569
2570
2306
2308
2567
2571
2574
2295
2301
2298
2300
2835
2836
2591
2585
2587
2589
2840
2586
2592
2593
2597
2842
2844
2598
-1
-1
-1
2600
2602
-1
-1
-1
2845
2911
2913
2914
2854
2849
2851
2852
2863
2858
2860
2861
2872
2867
2869
2870
2856
2853
2873
2871
2042
2035
2038
2039
2891
2885
2887
2889
2050
2044
2046
2048
2908
2903
2905
2906
2327
2328
2331
2332
2068
2062
2064
2066
2336
2338
2340
2342
2085
2080
2082
2083
2671
2672
2675
2676
2354
2356
2358
2360
2627
2629
2631
2633
2372
2375
2377
2378
2647
2651
2679
2645
2649
2666
2669
2680
2663
2668
2918
2682
2684
2922
-1
-1
-1
-1
2924
2926
2923
2925
-1
-1
-1
2753
2756
2757
2758
2691
2696
2700
2703
2705
2706
2709
2715
2927
2993
2996
2997
2727
2729
2731
2733
2955
2949
2951
2953
2745
2748
2750
2751
2124
2117
2120
2121
2973
2967
2969
2971
2132
2126
2128
2130
2990
2985
2987
2988
2409
2410
2413
2414
2150
2144
2146
2148
2418
2420
2422
2424
2167
2162
2164
2165
2438
2442
2435
2439
3000
2436
2440
2457
2460
2453
2456
3004
2454
2459
2761
3006
3008
2762
-1
-1
-1
-1
-1
3009
3017
3015
3016
-1
-1
2517
2519
2521
2523
2258
2253
2255
2256
2815
2536
2539
2541
2542
2770
2834
2771
2773
3018
2774
3022
3025
3026
-1
-1
-1
2779
2780
2782
3027
2783
3031
-1
3034
3035
-1
-1
2788
-1
2791
-1
-1
-1
-1
-1
-1
-1
-1
-1
-1
-1
2865
2862
2874
2525
2529
2531
2527
2909
2907
2277
2281
2275
2810
2279
2814
2808
2812
2544
2546
2549
2547
2568
2572
2297
2299
2558
2562
2560
2564
3036
2294
2830
2832
2296
2827
2833
2588
2838
2590
2839
2577
2583
2580
2582
3076
3077
2841
2843
3081
-1
-1
-1
-1
3083
3085
3082
3084
-1
-1
-1
2912
2915
2916
2917
2850
2855
2859
2864
2868
3086
3152
3155
3156
2886
2888
2890
2892
3114
3108
3110
3112
2904
2910
2333
2326
2329
2330
3132
3126
3128
3130
2341
2335
2337
2339
3149
3144
3146
3147
2609
2610
2613
2614
2359
2353
2355
2357
2618
2620
2622
2624
2376
2371
2373
2374
2638
2642
2635
2639
3159
2636
2640
2657
2660
2653
2656
3163
2654
2659
2920
3165
3167
2921
-1
-1
-1
-1
-1
3168
3176
3174
3175
-1
-1
2718
2719
2722
2723
2736
2737
2740
2741
2994
2995
2998
2999
2720
2724
2950
2952
2954
2956
2739
2742
3177
3243
3246
3247
2968
2970
2972
2974
3205
3199
3201
3203
2986
2989
2991
2992
2415
2408
2411
2412
3223
3217
3219
3221
2423
2417
2419
2421
3240
3235
3237
3238
3250
2437
3319
2441
3318
3322
3002
3308
2455
3311
2458
3312
3315
3003
3012
3005
3007
3014
-1
-1
-1
-1
-1
3011
3013
-1
-1
2522
2516
2518
2520
2900
2894
2896
2898
2799
2801
2803
2805
2540
2535
2537
2538
3056
2818
2821
2823
2824
3020
3075
3021
3023
3323
3024
3327
-1
3330
3331
-1
-1
3029
3030
-1
3032
3033
-1
-1
-1
-1
-1
-1
-1
-1
-1
-1
-1
-1
-1
-1
-1
3115
3111
2807
2811
2813
2809
3150
3148
2559
2563
2557
3051
2561
3055
3049
3053
2826
2828
2831
2829
2579
2576
3332
2581
3336
3071
3073
2578
3068
3074
3079
3338
3340
3080
-1
-1
-1
-1
-1
3341
3349
3347
3348
-1
-1
2877
2878
2881
2882
2895
2899
3153
3154
3157
3158
2879
2883
3109
3113
2901
3350
3416
3419
3420
3127
3129
3131
3133
3378
3372
3374
3376
3145
3151
2615
2608
2611
2612
3396
3390
3392
3394
2623
2617
2619
2621
3413
3408
3410
3411
3423
2637
3492
2641
3491
3495
3161
3481
2655
3484
2658
3485
3488
3162
3171
3164
3166
3173
-1
-1
-1
-1
-1
3170
3172
-1
-1
2717
2721
2735
2738
2932
2933
2936
2937
2941
2943
2945
2947
3244
3245
3248
3249
2959
2961
2963
2965
3200
3202
3204
3206
2977
2980
2982
2983
3270
3263
3266
3267
3218
3220
3222
3224
3287
3281
3283
3285
3236
3239
3241
3242
3317
3321
3293
3320
3297
3316
3290
3294
3310
3313
3303
3314
3306
3309
3299
3302
-1
-1
-1
-1
-1
-1
-1
3106
3099
3102
3103
2897
2804
2798
2800
2802
3141
3135
3137
3139
3040
3042
3044
3046
2822
2817
2819
2820
3335
3059
3062
3064
3065
3325
3339
3326
-1
3328
3329
-1
-1
-1
-1
-1
-1
-1
-1
-1
-1
-1
-1
-1
-1
-1
-1
-1
-1
3379
3375
3048
3052
3054
3050
3414
3412
3067
3070
3334
3069
3072
3344
3337
3346
-1
-1
-1
-1
-1
3343
3345
-1
-1
2876
2880
3091
3092
3095
3096
3100
3104
3417
3418
3421
3422
3118
3120
3122
3124
3373
3377
3136
3142
3443
3436
3439
3440
3391
3393
3395
3397
3460
3454
3456
3458
3409
3415
3490
3494
3466
3493
3470
3489
3463
3467
3483
3486
3476
3487
3479
3482
3472
3475
-1
-1
-1
-1
-1
-1
-1
2931
2934
2940
2942
2938
2935
2946
2944
3182
3183
3186
3187
2964
2958
2960
2962
3191
3193
3195
3197
2981
2976
2978
2979
3264
3265
3268
3269
3209
3211
3213
3215
3282
3284
3286
3288
3227
3230
3232
3233
3295
3291
3292
3296
3305
3300
3301
3304
-1
-1
-1
-1
-1
-1
-1
3101
3105
3370
3363
3366
3367
3138
3140
3045
3039
3041
3043
3405
3399
3401
3403
3063
3058
3060
3061
-1
-1
-1
-1
-1
-1
-1
-1
-1
-1
-1
-1
-1
-1
-1
-1
-1
-1
-1
3461
3457
-1
-1
-1
-1
-1
-1
-1
3090
3093
3097
3094
3355
3356
3359
3360
3123
3117
3119
3121
3364
3368
3437
3438
3441
3442
3382
3384
3386
3388
3455
3459
3400
3406
3468
3464
3465
3469
3478
3473
3474
3477
-1
-1
-1
-1
-1
-1
-1
3188
3181
3184
3185
3196
3190
3192
3194
3255
3256
3259
3260
3214
3208
3210
3212
3273
3275
3277
3279
3231
3226
3228
3229
3258
3261
3276
3278
-1
-1
-1
-1
-1
-1
-1
3365
3369
3452
3445
3448
3449
3402
3404
-1
-1
-1
-1
-1
-1
-1
-1
-1
-1
-1
-1
-1
-1
-1
-1
-1
-1
-1
-1
-1
-1
-1
-1
-1
-1
3361
3354
3357
3358
3428
3429
3432
3433
3387
3381
3383
3385
3446
3450
3431
3434
3451
-1
-1
-1
-1
-1
-1
-1
3254
3257
3272
3274
-1
-1
-1
-1
-1
-1
-1
3447
-1
-1
-1
-1
-1
-1
-1
-1
-1
-1
-1
-1
-1
-1
-1
-1
-1
-1
-1
-1
-1
-1
-1
-1
-1
-1
3427
3430
-1
-1
-1
-1
-1
-1
-1
-1
-1
-1
-1
-1
-1
-1
-1
-1
-1
-1
-1
-1
-1
-1
-1
-1
-1
-1
-1
-1
-1
-1
-1
-1
-1
-1
-1
-1
-1
-1
-1
-1
-1
-1
-1
-1
-1
-1
-1
-1
-1
-1
-1
-1
-1
-1
-1
-1
-1
-1
-1
-1
-1
-1
-1
-1
-1
-1
-1
-1
-1
-1
-1
-1
-1
-1
-1
-1
-1
-1
-1
-1
-1
-1
-1
-1
-1
-1
-1
-1
-1
-1
-1
-1
-1
-1
-1
-1
-1
-1
-1
-1
-1
-1
-1
-1
-1
-1
-1
-1
-1
-1
-1
-1
-1
-1
-1
-1
-1
-1
-1
-1
-1
-1
-1
-1
-1
-1
-1
-1
-1
-1
-1
-1
-1
-1
-1
-1
-1
-1
-1
-1
-1
-1
-1
-1
-1
-1
-1
-1
-1
-1
-1
-1
-1
-1
-1
-1
-1
-1
-1
-1
-1
-1
-1
-1
-1
-1
-1
-1
-1
-1
-1
-1
-1
-1
-1
-1
-1
-1
-1
-1
-1
-1
-1
-1
-1
-1
-1
-1
-1
-1
-1
-1
-1
-1
-1
-1
-1
-1
-1
-1
-1
-1
-1
-1
-1
-1
-1
-1
-1
-1
-1
-1
-1
-1
-1
-1
-1
-1
-1
-1
-1
-1
-1
-1
-1
-1
-1
-1
-1
-1
-1
-1
-1
-1
-1
-1
-1
-1
-1
-1
-1
-1
-1
-1
-1
-1
-1
-1
-1
-1
-1
-1
-1
-1
-1
-1
-1
-1
)


// ************************************************************************* //
