/*--------------------------------*- C++ -*----------------------------------*\
| =========                 |                                                 |
| \\      /  F ield         | OpenFOAM: The Open Source CFD Toolbox           |
|  \\    /   O peration     | Version:  2406                                  |
|   \\  /    A nd           | Website:  www.openfoam.com                      |
|    \\/     M anipulation  |                                                 |
\*---------------------------------------------------------------------------*/
FoamFile
{
    version     2.0;
    format      ascii;
    arch        "LSB;label=32;scalar=64";
    class       refinementHistory;
    location    "constant/polyMesh";
    object      refinementHistory;
}
// * * * * * * * * * * * * * * * * * * * * * * * * * * * * * * * * * * * * * //

// splitCells

3496
(
1 0()
-1 8(0 2 3 4 5 6 7 8)
1 0()
1 0()
1 0()
1 0()
1 0()
1 0()
1 0()
10 0()
-1 8(9 11 12 13 14 15 16 17)
10 0()
10 0()
10 0()
10 0()
10 0()
10 0()
10 0()
19 0()
-1 8(18 20 21 22 23 24 25 26)
19 0()
19 0()
19 0()
19 0()
19 0()
19 0()
19 0()
28 0()
-1 8(27 29 30 31 32 33 34 35)
28 0()
28 0()
28 0()
28 0()
28 0()
28 0()
28 0()
37 0()
-1 8(36 38 39 40 41 42 43 44)
37 0()
37 0()
37 0()
37 0()
37 0()
37 0()
37 0()
46 0()
-1 8(45 47 48 49 50 51 52 53)
46 0()
46 0()
46 0()
46 0()
46 0()
46 0()
46 0()
55 0()
-1 8(54 56 57 58 59 68 77 86)
55 0()
55 0()
55 0()
55 8(60 61 62 63 64 65 66 67)
59 0()
59 0()
59 0()
59 0()
59 0()
59 0()
59 0()
59 0()
55 8(69 70 71 72 73 74 75 76)
68 0()
68 0()
68 0()
68 0()
68 0()
68 0()
68 0()
68 0()
55 8(78 79 80 81 82 83 84 85)
77 0()
77 0()
77 0()
77 0()
77 0()
77 0()
77 0()
77 0()
55 8(87 88 89 90 91 92 93 94)
86 0()
86 0()
86 0()
86 0()
86 0()
86 0()
86 0()
86 0()
96 0()
-1 8(95 97 98 99 100 101 102 103)
96 0()
96 0()
96 0()
96 0()
96 0()
96 0()
96 0()
105 0()
-1 8(104 106 107 108 109 110 111 112)
105 0()
105 0()
105 0()
105 0()
105 0()
105 0()
105 0()
114 0()
-1 8(113 115 116 117 118 119 120 121)
114 0()
114 0()
114 0()
114 0()
114 0()
114 0()
114 0()
123 0()
-1 8(122 124 125 126 127 136 145 154)
123 0()
123 0()
123 0()
123 8(128 129 130 131 132 133 134 135)
127 0()
127 0()
127 0()
127 0()
127 0()
127 0()
127 0()
127 0()
123 8(137 138 139 140 141 142 143 144)
136 0()
136 0()
136 0()
136 0()
136 0()
136 0()
136 0()
136 0()
123 8(146 147 148 149 150 151 152 153)
145 0()
145 0()
145 0()
145 0()
145 0()
145 0()
145 0()
145 0()
123 8(155 156 157 158 159 160 161 162)
154 0()
154 0()
154 0()
154 0()
154 0()
154 0()
154 0()
154 0()
164 0()
-1 8(163 165 166 167 168 169 170 171)
164 0()
164 0()
164 0()
164 0()
164 0()
164 0()
164 0()
173 0()
-1 8(172 174 175 176 177 186 195 204)
173 0()
173 0()
173 0()
173 8(178 179 180 181 182 183 184 185)
177 0()
177 0()
177 0()
177 0()
177 0()
177 0()
177 0()
177 0()
173 8(187 188 189 190 191 192 193 194)
186 0()
186 0()
186 0()
186 0()
186 0()
186 0()
186 0()
186 0()
173 8(196 197 198 199 200 201 202 203)
195 0()
195 0()
195 0()
195 0()
195 0()
195 0()
195 0()
195 0()
173 8(205 206 207 208 209 210 211 212)
204 0()
204 0()
204 0()
204 0()
204 0()
204 0()
204 0()
204 0()
214 0()
-1 8(213 215 216 217 218 219 220 221)
214 0()
214 0()
214 0()
214 0()
214 0()
214 0()
214 0()
223 0()
-1 8(222 224 225 226 227 228 229 230)
223 0()
223 0()
223 0()
223 0()
223 0()
223 0()
223 0()
232 0()
-1 8(231 233 234 235 236 245 254 255)
232 0()
232 0()
232 0()
232 8(237 238 239 240 241 242 243 244)
236 0()
236 0()
236 0()
236 0()
236 0()
236 0()
236 0()
236 0()
232 8(246 247 248 249 250 251 252 253)
245 0()
245 0()
245 0()
245 0()
245 0()
245 0()
245 0()
245 0()
232 0()
232 0()
257 0()
-1 8(256 258 259 260 261 262 263 264)
257 0()
257 0()
257 0()
257 0()
257 0()
257 0()
257 0()
266 0()
-1 8(265 267 268 269 270 279 288 297)
266 0()
266 0()
266 0()
266 8(271 272 273 274 275 276 277 278)
270 0()
270 0()
270 0()
270 0()
270 0()
270 0()
270 0()
270 0()
266 8(280 281 282 283 284 285 286 287)
279 0()
279 0()
279 0()
279 0()
279 0()
279 0()
279 0()
279 0()
266 8(289 290 291 292 293 294 295 296)
288 0()
288 0()
288 0()
288 0()
288 0()
288 0()
288 0()
288 0()
266 8(298 299 300 301 302 303 304 305)
297 0()
297 0()
297 0()
297 0()
297 0()
297 0()
297 0()
297 0()
307 0()
-1 8(306 308 309 310 311 312 321 322)
307 0()
307 0()
307 0()
307 0()
307 8(313 314 315 316 317 318 319 320)
312 0()
312 0()
312 0()
312 0()
312 0()
312 0()
312 0()
312 0()
307 0()
307 8(323 324 325 326 327 328 329 330)
322 0()
322 0()
322 0()
322 0()
322 0()
322 0()
322 0()
322 0()
332 0()
-1 8(333 334 331 335 336 337 338 339)
332 0()
332 0()
332 0()
332 0()
332 0()
332 0()
332 0()
341 0()
-1 8(340 342 343 344 345 346 347 348)
341 0()
341 0()
341 0()
341 0()
341 0()
341 0()
341 0()
350 0()
-1 8(349 351 352 353 354 355 356 357)
350 0()
350 0()
350 0()
350 0()
350 0()
350 0()
350 0()
359 0()
-1 8(358 360 361 362 363 372 381 382)
359 0()
359 0()
359 0()
359 8(364 365 366 367 368 369 370 371)
363 0()
363 0()
363 0()
363 0()
363 0()
363 0()
363 0()
363 0()
359 8(373 374 375 376 377 378 379 380)
372 0()
372 0()
372 0()
372 0()
372 0()
372 0()
372 0()
372 0()
359 0()
359 0()
384 0()
-1 8(383 385 386 387 388 389 398 399)
384 0()
384 0()
384 0()
384 0()
384 8(390 391 392 393 394 395 396 397)
389 0()
389 0()
389 0()
389 0()
389 0()
389 0()
389 0()
389 0()
384 0()
384 8(400 401 402 403 404 405 406 407)
399 0()
399 0()
399 0()
399 0()
399 0()
399 0()
399 0()
399 0()
409 0()
-1 8(408 410 411 412 413 414 415 416)
409 0()
409 0()
409 0()
409 0()
409 0()
409 0()
409 0()
418 0()
419 8(483 484 485 486 487 417 488 489)
-1 8(418 420 429 438 447 456 465 474)
419 8(421 422 423 424 425 426 427 428)
420 0()
420 0()
420 0()
420 0()
420 0()
420 0()
420 0()
420 0()
419 8(430 431 432 433 434 435 436 437)
429 0()
429 0()
429 0()
429 0()
429 0()
429 0()
429 0()
429 0()
419 8(439 440 441 442 443 444 445 446)
438 0()
438 0()
438 0()
438 0()
438 0()
438 0()
438 0()
438 0()
419 8(448 449 450 451 452 453 454 455)
447 0()
447 0()
447 0()
447 0()
447 0()
447 0()
447 0()
447 0()
419 8(457 458 459 460 461 462 463 464)
456 0()
456 0()
456 0()
456 0()
456 0()
456 0()
456 0()
456 0()
419 8(466 467 468 469 470 471 472 473)
465 0()
465 0()
465 0()
465 0()
465 0()
465 0()
465 0()
465 0()
419 8(475 476 477 478 479 480 481 482)
474 0()
474 0()
474 0()
474 0()
474 0()
474 0()
474 0()
474 0()
418 0()
418 0()
418 0()
418 0()
418 0()
418 0()
418 0()
491 0()
-1 8(492 493 490 494 495 496 497 498)
491 0()
491 0()
491 0()
491 0()
491 0()
491 0()
491 0()
500 0()
-1 8(501 502 499 503 504 505 506 507)
500 0()
500 0()
500 0()
500 0()
500 0()
500 0()
500 0()
509 0()
-1 8(508 510 511 512 513 514 515 516)
509 0()
509 0()
509 0()
509 0()
509 0()
509 0()
509 0()
518 0()
-1 8(517 519 520 521 522 523 532 533)
518 0()
518 0()
518 0()
518 0()
518 8(524 525 526 527 528 529 530 531)
523 0()
523 0()
523 0()
523 0()
523 0()
523 0()
523 0()
523 0()
518 0()
518 0()
535 0()
-1 8(536 545 534 554 555 564 573 574)
535 8(537 538 539 540 541 542 543 544)
536 0()
536 0()
536 0()
536 0()
536 0()
536 0()
536 0()
536 0()
535 8(546 547 548 549 550 551 552 553)
545 0()
545 0()
545 0()
545 0()
545 0()
545 0()
545 0()
545 0()
535 0()
535 8(556 557 558 559 560 561 562 563)
555 0()
555 0()
555 0()
555 0()
555 0()
555 0()
555 0()
555 0()
535 8(565 566 567 568 569 570 571 572)
564 0()
564 0()
564 0()
564 0()
564 0()
564 0()
564 0()
564 0()
535 0()
535 0()
576 0()
-1 8(575 577 578 579 580 581 582 583)
576 0()
576 0()
576 0()
576 0()
576 0()
576 0()
576 0()
585 0()
586 8(650 651 652 653 654 584 655 656)
-1 8(585 587 596 605 614 623 632 641)
586 8(588 589 590 591 592 593 594 595)
587 0()
587 0()
587 0()
587 0()
587 0()
587 0()
587 0()
587 0()
586 8(597 598 599 600 601 602 603 604)
596 0()
596 0()
596 0()
596 0()
596 0()
596 0()
596 0()
596 0()
586 8(606 607 608 609 610 611 612 613)
605 0()
605 0()
605 0()
605 0()
605 0()
605 0()
605 0()
605 0()
586 8(615 616 617 618 619 620 621 622)
614 0()
614 0()
614 0()
614 0()
614 0()
614 0()
614 0()
614 0()
586 8(624 625 626 627 628 629 630 631)
623 0()
623 0()
623 0()
623 0()
623 0()
623 0()
623 0()
623 0()
586 8(633 634 635 636 637 638 639 640)
632 0()
632 0()
632 0()
632 0()
632 0()
632 0()
632 0()
632 0()
586 8(642 643 644 645 646 647 648 649)
641 0()
641 0()
641 0()
641 0()
641 0()
641 0()
641 0()
641 0()
585 0()
585 0()
585 0()
585 0()
585 0()
585 0()
585 0()
658 0()
-1 8(657 659 668 669 678 679 688 689)
658 8(660 661 662 663 664 665 666 667)
659 0()
659 0()
659 0()
659 0()
659 0()
659 0()
659 0()
659 0()
658 0()
658 8(670 671 672 673 674 675 676 677)
669 0()
669 0()
669 0()
669 0()
669 0()
669 0()
669 0()
669 0()
658 0()
658 8(680 681 682 683 684 685 686 687)
679 0()
679 0()
679 0()
679 0()
679 0()
679 0()
679 0()
679 0()
658 0()
658 8(690 691 692 693 694 695 696 697)
689 0()
689 0()
689 0()
689 0()
689 0()
689 0()
689 0()
689 0()
699 0()
700 8(764 765 766 767 768 698 769 770)
-1 8(699 701 710 719 728 737 746 755)
700 8(702 703 704 705 706 707 708 709)
701 0()
701 0()
701 0()
701 0()
701 0()
701 0()
701 0()
701 0()
700 8(711 712 713 714 715 716 717 718)
710 0()
710 0()
710 0()
710 0()
710 0()
710 0()
710 0()
710 0()
700 8(720 721 722 723 724 725 726 727)
719 0()
719 0()
719 0()
719 0()
719 0()
719 0()
719 0()
719 0()
700 8(729 730 731 732 733 734 735 736)
728 0()
728 0()
728 0()
728 0()
728 0()
728 0()
728 0()
728 0()
700 8(738 739 740 741 742 743 744 745)
737 0()
737 0()
737 0()
737 0()
737 0()
737 0()
737 0()
737 0()
700 8(747 748 749 750 751 752 753 754)
746 0()
746 0()
746 0()
746 0()
746 0()
746 0()
746 0()
746 0()
700 8(756 757 758 759 760 761 762 763)
755 0()
755 0()
755 0()
755 0()
755 0()
755 0()
755 0()
755 0()
699 0()
699 0()
699 0()
699 0()
699 0()
699 0()
699 0()
772 0()
-1 8(773 774 771 775 776 777 778 779)
772 0()
772 0()
772 0()
772 0()
772 0()
772 0()
772 0()
781 0()
-1 8(782 783 780 784 785 786 787 788)
781 0()
781 0()
781 0()
781 0()
781 0()
781 0()
781 0()
790 0()
-1 8(791 792 789 793 794 795 796 797)
790 0()
790 0()
790 0()
790 0()
790 0()
790 0()
790 0()
799 0()
-1 8(798 800 801 802 803 804 805 806)
799 0()
799 0()
799 0()
799 0()
799 0()
799 0()
799 0()
808 0()
-1 8(809 818 807 827 828 837 846 847)
808 8(810 811 812 813 814 815 816 817)
809 0()
809 0()
809 0()
809 0()
809 0()
809 0()
809 0()
809 0()
808 8(819 820 821 822 823 824 825 826)
818 0()
818 0()
818 0()
818 0()
818 0()
818 0()
818 0()
818 0()
808 0()
808 8(829 830 831 832 833 834 835 836)
828 0()
828 0()
828 0()
828 0()
828 0()
828 0()
828 0()
828 0()
808 8(838 839 840 841 842 843 844 845)
837 0()
837 0()
837 0()
837 0()
837 0()
837 0()
837 0()
837 0()
808 0()
808 0()
849 0()
-1 8(848 850 859 860 869 870 879 880)
849 8(851 852 853 854 855 856 857 858)
850 0()
850 0()
850 0()
850 0()
850 0()
850 0()
850 0()
850 0()
849 0()
849 8(861 862 863 864 865 866 867 868)
860 0()
860 0()
860 0()
860 0()
860 0()
860 0()
860 0()
860 0()
849 0()
849 8(871 872 873 874 875 876 877 878)
870 0()
870 0()
870 0()
870 0()
870 0()
870 0()
870 0()
870 0()
849 0()
849 8(881 882 883 884 885 886 887 888)
880 0()
880 0()
880 0()
880 0()
880 0()
880 0()
880 0()
880 0()
890 0()
891 8(955 956 957 958 959 889 960 961)
-1 8(890 892 901 910 919 928 937 946)
891 8(893 894 895 896 897 898 899 900)
892 0()
892 0()
892 0()
892 0()
892 0()
892 0()
892 0()
892 0()
891 8(902 903 904 905 906 907 908 909)
901 0()
901 0()
901 0()
901 0()
901 0()
901 0()
901 0()
901 0()
891 8(911 912 913 914 915 916 917 918)
910 0()
910 0()
910 0()
910 0()
910 0()
910 0()
910 0()
910 0()
891 8(920 921 922 923 924 925 926 927)
919 0()
919 0()
919 0()
919 0()
919 0()
919 0()
919 0()
919 0()
891 8(929 930 931 932 933 934 935 936)
928 0()
928 0()
928 0()
928 0()
928 0()
928 0()
928 0()
928 0()
891 8(938 939 940 941 942 943 944 945)
937 0()
937 0()
937 0()
937 0()
937 0()
937 0()
937 0()
937 0()
891 8(947 948 949 950 951 952 953 954)
946 0()
946 0()
946 0()
946 0()
946 0()
946 0()
946 0()
946 0()
890 0()
890 0()
890 0()
890 0()
890 0()
890 0()
890 0()
963 0()
-1 8(962 964 965 966 967 968 969 970)
963 0()
963 0()
963 0()
963 0()
963 0()
963 0()
963 0()
972 0()
-1 8(973 974 971 975 976 977 978 979)
972 0()
972 0()
972 0()
972 0()
972 0()
972 0()
972 0()
981 0()
-1 8(982 983 980 984 985 986 987 988)
981 0()
981 0()
981 0()
981 0()
981 0()
981 0()
981 0()
990 0()
-1 8(991 992 989 993 994 995 996 997)
990 0()
990 0()
990 0()
990 0()
990 0()
990 0()
990 0()
999 0()
-1 8(1000 1001 998 1002 1003 1004 1005 1006)
999 0()
999 0()
999 0()
999 0()
999 0()
999 0()
999 0()
1008 0()
-1 8(1007 1009 1018 1019 1020 1021 1030 1031)
1008 8(1010 1011 1012 1013 1014 1015 1016 1017)
1009 0()
1009 0()
1009 0()
1009 0()
1009 0()
1009 0()
1009 0()
1009 0()
1008 0()
1008 0()
1008 0()
1008 8(1022 1023 1024 1025 1026 1027 1028 1029)
1021 0()
1021 0()
1021 0()
1021 0()
1021 0()
1021 0()
1021 0()
1021 0()
1008 0()
1008 0()
1033 0()
-1 8(1034 1043 1032 1052 1053 1062 1071 1072)
1033 8(1035 1036 1037 1038 1039 1040 1041 1042)
1034 0()
1034 0()
1034 0()
1034 0()
1034 0()
1034 0()
1034 0()
1034 0()
1033 8(1044 1045 1046 1047 1048 1049 1050 1051)
1043 0()
1043 0()
1043 0()
1043 0()
1043 0()
1043 0()
1043 0()
1043 0()
1033 0()
1033 8(1054 1055 1056 1057 1058 1059 1060 1061)
1053 0()
1053 0()
1053 0()
1053 0()
1053 0()
1053 0()
1053 0()
1053 0()
1033 8(1063 1064 1065 1066 1067 1068 1069 1070)
1062 0()
1062 0()
1062 0()
1062 0()
1062 0()
1062 0()
1062 0()
1062 0()
1033 0()
1033 0()
1074 0()
-1 8(1073 1075 1076 1077 1078 1079 1080 1081)
1074 0()
1074 0()
1074 0()
1074 0()
1074 0()
1074 0()
1074 0()
1083 0()
-1 8(1082 1084 1085 1086 1087 1088 1089 1090)
1083 0()
1083 0()
1083 0()
1083 0()
1083 0()
1083 0()
1083 0()
1092 0()
-1 8(1091 1093 1102 1103 1112 1113 1122 1123)
1092 8(1094 1095 1096 1097 1098 1099 1100 1101)
1093 0()
1093 0()
1093 0()
1093 0()
1093 0()
1093 0()
1093 0()
1093 0()
1092 0()
1092 8(1104 1105 1106 1107 1108 1109 1110 1111)
1103 0()
1103 0()
1103 0()
1103 0()
1103 0()
1103 0()
1103 0()
1103 0()
1092 0()
1092 8(1114 1115 1116 1117 1118 1119 1120 1121)
1113 0()
1113 0()
1113 0()
1113 0()
1113 0()
1113 0()
1113 0()
1113 0()
1092 0()
1092 8(1124 1125 1126 1127 1128 1129 1130 1131)
1123 0()
1123 0()
1123 0()
1123 0()
1123 0()
1123 0()
1123 0()
1123 0()
1133 0()
-1 8(1134 1135 1132 1136 1137 1138 1139 1140)
1133 0()
1133 0()
1133 0()
1133 0()
1133 0()
1133 0()
1133 0()
1142 0()
-1 8(1143 1144 1141 1145 1146 1147 1148 1149)
1142 0()
1142 0()
1142 0()
1142 0()
1142 0()
1142 0()
1142 0()
1151 0()
-1 8(1152 1153 1150 1154 1155 1156 1157 1158)
1151 0()
1151 0()
1151 0()
1151 0()
1151 0()
1151 0()
1151 0()
1160 0()
-1 8(1161 1162 1159 1163 1164 1165 1166 1167)
1160 0()
1160 0()
1160 0()
1160 0()
1160 0()
1160 0()
1160 0()
1169 0()
-1 8(1168 1170 1171 1172 1173 1174 1175 1176)
1169 0()
1169 0()
1169 0()
1169 0()
1169 0()
1169 0()
1169 0()
1178 0()
-1 8(1179 1188 1177 1197 1198 1207 1216 1217)
1178 8(1180 1181 1182 1183 1184 1185 1186 1187)
1179 0()
1179 0()
1179 0()
1179 0()
1179 0()
1179 0()
1179 0()
1179 0()
1178 8(1189 1190 1191 1192 1193 1194 1195 1196)
1188 0()
1188 0()
1188 0()
1188 0()
1188 0()
1188 0()
1188 0()
1188 0()
1178 0()
1178 8(1199 1200 1201 1202 1203 1204 1205 1206)
1198 0()
1198 0()
1198 0()
1198 0()
1198 0()
1198 0()
1198 0()
1198 0()
1178 8(1208 1209 1210 1211 1212 1213 1214 1215)
1207 0()
1207 0()
1207 0()
1207 0()
1207 0()
1207 0()
1207 0()
1207 0()
1178 0()
1178 0()
1219 0()
-1 8(1218 1220 1221 1222 1223 1224 1225 1226)
1219 0()
1219 0()
1219 0()
1219 0()
1219 0()
1219 0()
1219 0()
1228 0()
-1 8(1227 1229 1238 1239 1248 1249 1258 1259)
1228 8(1230 1231 1232 1233 1234 1235 1236 1237)
1229 0()
1229 0()
1229 0()
1229 0()
1229 0()
1229 0()
1229 0()
1229 0()
1228 0()
1228 8(1240 1241 1242 1243 1244 1245 1246 1247)
1239 0()
1239 0()
1239 0()
1239 0()
1239 0()
1239 0()
1239 0()
1239 0()
1228 0()
1228 8(1250 1251 1252 1253 1254 1255 1256 1257)
1249 0()
1249 0()
1249 0()
1249 0()
1249 0()
1249 0()
1249 0()
1249 0()
1228 0()
1228 8(1260 1261 1262 1263 1264 1265 1266 1267)
1259 0()
1259 0()
1259 0()
1259 0()
1259 0()
1259 0()
1259 0()
1259 0()
1269 0()
-1 8(1268 1270 1271 1272 1273 1274 1275 1276)
1269 0()
1269 0()
1269 0()
1269 0()
1269 0()
1269 0()
1269 0()
1278 0()
1279 8(1343 1344 1345 1346 1347 1277 1348 1349)
-1 8(1278 1280 1289 1298 1307 1316 1325 1334)
1279 8(1281 1282 1283 1284 1285 1286 1287 1288)
1280 0()
1280 0()
1280 0()
1280 0()
1280 0()
1280 0()
1280 0()
1280 0()
1279 8(1290 1291 1292 1293 1294 1295 1296 1297)
1289 0()
1289 0()
1289 0()
1289 0()
1289 0()
1289 0()
1289 0()
1289 0()
1279 8(1299 1300 1301 1302 1303 1304 1305 1306)
1298 0()
1298 0()
1298 0()
1298 0()
1298 0()
1298 0()
1298 0()
1298 0()
1279 8(1308 1309 1310 1311 1312 1313 1314 1315)
1307 0()
1307 0()
1307 0()
1307 0()
1307 0()
1307 0()
1307 0()
1307 0()
1279 8(1317 1318 1319 1320 1321 1322 1323 1324)
1316 0()
1316 0()
1316 0()
1316 0()
1316 0()
1316 0()
1316 0()
1316 0()
1279 8(1326 1327 1328 1329 1330 1331 1332 1333)
1325 0()
1325 0()
1325 0()
1325 0()
1325 0()
1325 0()
1325 0()
1325 0()
1279 8(1335 1336 1337 1338 1339 1340 1341 1342)
1334 0()
1334 0()
1334 0()
1334 0()
1334 0()
1334 0()
1334 0()
1334 0()
1278 0()
1278 0()
1278 0()
1278 0()
1278 0()
1278 0()
1278 0()
1351 0()
-1 8(1352 1353 1350 1354 1355 1356 1357 1358)
1351 0()
1351 0()
1351 0()
1351 0()
1351 0()
1351 0()
1351 0()
1360 0()
-1 8(1361 1362 1359 1363 1364 1365 1366 1367)
1360 0()
1360 0()
1360 0()
1360 0()
1360 0()
1360 0()
1360 0()
1369 0()
-1 8(1370 1371 1368 1372 1373 1374 1375 1376)
1369 0()
1369 0()
1369 0()
1369 0()
1369 0()
1369 0()
1369 0()
1378 0()
-1 8(1379 1388 1377 1397 1398 1407 1416 1417)
1378 8(1380 1381 1382 1383 1384 1385 1386 1387)
1379 0()
1379 0()
1379 0()
1379 0()
1379 0()
1379 0()
1379 0()
1379 0()
1378 8(1389 1390 1391 1392 1393 1394 1395 1396)
1388 0()
1388 0()
1388 0()
1388 0()
1388 0()
1388 0()
1388 0()
1388 0()
1378 0()
1378 8(1399 1400 1401 1402 1403 1404 1405 1406)
1398 0()
1398 0()
1398 0()
1398 0()
1398 0()
1398 0()
1398 0()
1398 0()
1378 8(1408 1409 1410 1411 1412 1413 1414 1415)
1407 0()
1407 0()
1407 0()
1407 0()
1407 0()
1407 0()
1407 0()
1407 0()
1378 0()
1378 0()
1419 0()
-1 8(1420 1421 1418 1422 1423 1424 1425 1426)
1419 0()
1419 0()
1419 0()
1419 0()
1419 0()
1419 0()
1419 0()
1428 0()
-1 8(1427 1429 1430 1431 1432 1433 1434 1435)
1428 0()
1428 0()
1428 0()
1428 0()
1428 0()
1428 0()
1428 0()
1437 0()
-1 8(1436 1438 1447 1448 1449 1450 1459 1460)
1437 8(1439 1440 1441 1442 1443 1444 1445 1446)
1438 0()
1438 0()
1438 0()
1438 0()
1438 0()
1438 0()
1438 0()
1438 0()
1437 0()
1437 0()
1437 0()
1437 8(1451 1452 1453 1454 1455 1456 1457 1458)
1450 0()
1450 0()
1450 0()
1450 0()
1450 0()
1450 0()
1450 0()
1450 0()
1437 0()
1437 0()
1462 0()
-1 8(1461 1463 1464 1465 1466 1467 1468 1469)
1462 0()
1462 0()
1462 0()
1462 0()
1462 0()
1462 0()
1462 0()
1471 0()
1472 8(1536 1537 1538 1539 1540 1470 1541 1542)
-1 8(1471 1473 1482 1491 1500 1509 1518 1527)
1472 8(1474 1475 1476 1477 1478 1479 1480 1481)
1473 0()
1473 0()
1473 0()
1473 0()
1473 0()
1473 0()
1473 0()
1473 0()
1472 8(1483 1484 1485 1486 1487 1488 1489 1490)
1482 0()
1482 0()
1482 0()
1482 0()
1482 0()
1482 0()
1482 0()
1482 0()
1472 8(1492 1493 1494 1495 1496 1497 1498 1499)
1491 0()
1491 0()
1491 0()
1491 0()
1491 0()
1491 0()
1491 0()
1491 0()
1472 8(1501 1502 1503 1504 1505 1506 1507 1508)
1500 0()
1500 0()
1500 0()
1500 0()
1500 0()
1500 0()
1500 0()
1500 0()
1472 8(1510 1511 1512 1513 1514 1515 1516 1517)
1509 0()
1509 0()
1509 0()
1509 0()
1509 0()
1509 0()
1509 0()
1509 0()
1472 8(1519 1520 1521 1522 1523 1524 1525 1526)
1518 0()
1518 0()
1518 0()
1518 0()
1518 0()
1518 0()
1518 0()
1518 0()
1472 8(1528 1529 1530 1531 1532 1533 1534 1535)
1527 0()
1527 0()
1527 0()
1527 0()
1527 0()
1527 0()
1527 0()
1527 0()
1471 0()
1471 0()
1471 0()
1471 0()
1471 0()
1471 0()
1471 0()
1544 0()
-1 8(1543 1545 1546 1547 1548 1549 1550 1551)
1544 0()
1544 0()
1544 0()
1544 0()
1544 0()
1544 0()
1544 0()
1553 0()
-1 8(1552 1554 1563 1564 1573 1574 1583 1584)
1553 8(1555 1556 1557 1558 1559 1560 1561 1562)
1554 0()
1554 0()
1554 0()
1554 0()
1554 0()
1554 0()
1554 0()
1554 0()
1553 0()
1553 8(1565 1566 1567 1568 1569 1570 1571 1572)
1564 0()
1564 0()
1564 0()
1564 0()
1564 0()
1564 0()
1564 0()
1564 0()
1553 0()
1553 8(1575 1576 1577 1578 1579 1580 1581 1582)
1574 0()
1574 0()
1574 0()
1574 0()
1574 0()
1574 0()
1574 0()
1574 0()
1553 0()
1553 8(1585 1586 1587 1588 1589 1590 1591 1592)
1584 0()
1584 0()
1584 0()
1584 0()
1584 0()
1584 0()
1584 0()
1584 0()
1594 0()
1595 8(1659 1660 1661 1662 1663 1593 1664 1665)
-1 8(1594 1596 1605 1614 1623 1632 1641 1650)
1595 8(1597 1598 1599 1600 1601 1602 1603 1604)
1596 0()
1596 0()
1596 0()
1596 0()
1596 0()
1596 0()
1596 0()
1596 0()
1595 8(1606 1607 1608 1609 1610 1611 1612 1613)
1605 0()
1605 0()
1605 0()
1605 0()
1605 0()
1605 0()
1605 0()
1605 0()
1595 8(1615 1616 1617 1618 1619 1620 1621 1622)
1614 0()
1614 0()
1614 0()
1614 0()
1614 0()
1614 0()
1614 0()
1614 0()
1595 8(1624 1625 1626 1627 1628 1629 1630 1631)
1623 0()
1623 0()
1623 0()
1623 0()
1623 0()
1623 0()
1623 0()
1623 0()
1595 8(1633 1634 1635 1636 1637 1638 1639 1640)
1632 0()
1632 0()
1632 0()
1632 0()
1632 0()
1632 0()
1632 0()
1632 0()
1595 8(1642 1643 1644 1645 1646 1647 1648 1649)
1641 0()
1641 0()
1641 0()
1641 0()
1641 0()
1641 0()
1641 0()
1641 0()
1595 8(1651 1652 1653 1654 1655 1656 1657 1658)
1650 0()
1650 0()
1650 0()
1650 0()
1650 0()
1650 0()
1650 0()
1650 0()
1594 0()
1594 0()
1594 0()
1594 0()
1594 0()
1594 0()
1594 0()
1667 0()
-1 8(1668 1669 1670 1671 1672 1666 1673 1674)
1667 0()
1667 0()
1667 0()
1667 0()
1667 0()
1667 0()
1667 0()
1676 0()
-1 8(1677 1678 1675 1679 1680 1681 1682 1683)
1676 0()
1676 0()
1676 0()
1676 0()
1676 0()
1676 0()
1676 0()
1685 0()
-1 8(1686 1687 1684 1688 1689 1690 1691 1692)
1685 0()
1685 0()
1685 0()
1685 0()
1685 0()
1685 0()
1685 0()
1694 0()
-1 8(1695 1704 1693 1713 1714 1723 1732 1733)
1694 8(1696 1697 1698 1699 1700 1701 1702 1703)
1695 0()
1695 0()
1695 0()
1695 0()
1695 0()
1695 0()
1695 0()
1695 0()
1694 8(1705 1706 1707 1708 1709 1710 1711 1712)
1704 0()
1704 0()
1704 0()
1704 0()
1704 0()
1704 0()
1704 0()
1704 0()
1694 0()
1694 8(1715 1716 1717 1718 1719 1720 1721 1722)
1714 0()
1714 0()
1714 0()
1714 0()
1714 0()
1714 0()
1714 0()
1714 0()
1694 8(1724 1725 1726 1727 1728 1729 1730 1731)
1723 0()
1723 0()
1723 0()
1723 0()
1723 0()
1723 0()
1723 0()
1723 0()
1694 0()
1694 0()
1735 0()
-1 8(1736 1737 1734 1738 1739 1740 1741 1742)
1735 0()
1735 0()
1735 0()
1735 0()
1735 0()
1735 0()
1735 0()
1744 0()
-1 8(1745 1754 1743 1763 1764 1773 1782 1783)
1744 8(1746 1747 1748 1749 1750 1751 1752 1753)
1745 0()
1745 0()
1745 0()
1745 0()
1745 0()
1745 0()
1745 0()
1745 0()
1744 8(1755 1756 1757 1758 1759 1760 1761 1762)
1754 0()
1754 0()
1754 0()
1754 0()
1754 0()
1754 0()
1754 0()
1754 0()
1744 0()
1744 8(1765 1766 1767 1768 1769 1770 1771 1772)
1764 0()
1764 0()
1764 0()
1764 0()
1764 0()
1764 0()
1764 0()
1764 0()
1744 8(1774 1775 1776 1777 1778 1779 1780 1781)
1773 0()
1773 0()
1773 0()
1773 0()
1773 0()
1773 0()
1773 0()
1773 0()
1744 0()
1744 0()
1785 0()
-1 8(1786 1787 1784 1788 1789 1790 1791 1792)
1785 0()
1785 0()
1785 0()
1785 0()
1785 0()
1785 0()
1785 0()
1794 0()
-1 8(1793 1795 1796 1797 1798 1799 1800 1801)
1794 0()
1794 0()
1794 0()
1794 0()
1794 0()
1794 0()
1794 0()
1803 0()
-1 8(1802 1804 1805 1806 1807 1808 1809 1810)
1803 0()
1803 0()
1803 0()
1803 0()
1803 0()
1803 0()
1803 0()
1812 0()
-1 8(1811 1813 1822 1823 1832 1833 1842 1843)
1812 8(1814 1815 1816 1817 1818 1819 1820 1821)
1813 0()
1813 0()
1813 0()
1813 0()
1813 0()
1813 0()
1813 0()
1813 0()
1812 0()
1812 8(1824 1825 1826 1827 1828 1829 1830 1831)
1823 0()
1823 0()
1823 0()
1823 0()
1823 0()
1823 0()
1823 0()
1823 0()
1812 0()
1812 8(1834 1835 1836 1837 1838 1839 1840 1841)
1833 0()
1833 0()
1833 0()
1833 0()
1833 0()
1833 0()
1833 0()
1833 0()
1812 0()
1812 8(1844 1845 1846 1847 1848 1849 1850 1851)
1843 0()
1843 0()
1843 0()
1843 0()
1843 0()
1843 0()
1843 0()
1843 0()
1853 0()
1854 8(1918 1919 1920 1921 1922 1852 1923 1924)
-1 8(1853 1855 1864 1873 1882 1891 1900 1909)
1854 8(1856 1857 1858 1859 1860 1861 1862 1863)
1855 0()
1855 0()
1855 0()
1855 0()
1855 0()
1855 0()
1855 0()
1855 0()
1854 8(1865 1866 1867 1868 1869 1870 1871 1872)
1864 0()
1864 0()
1864 0()
1864 0()
1864 0()
1864 0()
1864 0()
1864 0()
1854 8(1874 1875 1876 1877 1878 1879 1880 1881)
1873 0()
1873 0()
1873 0()
1873 0()
1873 0()
1873 0()
1873 0()
1873 0()
1854 8(1883 1884 1885 1886 1887 1888 1889 1890)
1882 0()
1882 0()
1882 0()
1882 0()
1882 0()
1882 0()
1882 0()
1882 0()
1854 8(1892 1893 1894 1895 1896 1897 1898 1899)
1891 0()
1891 0()
1891 0()
1891 0()
1891 0()
1891 0()
1891 0()
1891 0()
1854 8(1901 1902 1903 1904 1905 1906 1907 1908)
1900 0()
1900 0()
1900 0()
1900 0()
1900 0()
1900 0()
1900 0()
1900 0()
1854 8(1910 1911 1912 1913 1914 1915 1916 1917)
1909 0()
1909 0()
1909 0()
1909 0()
1909 0()
1909 0()
1909 0()
1909 0()
1853 0()
1853 0()
1853 0()
1853 0()
1853 0()
1853 0()
1853 0()
1926 0()
-1 8(1927 1928 1929 1930 1931 1925 1932 1933)
1926 0()
1926 0()
1926 0()
1926 0()
1926 0()
1926 0()
1926 0()
1935 0()
-1 8(1934 1936 1937 1938 1939 1940 1941 1942)
1935 0()
1935 0()
1935 0()
1935 0()
1935 0()
1935 0()
1935 0()
1944 0()
-1 8(1945 1943 1946 1947 1948 1949 1950 1951)
1944 0()
1944 0()
1944 0()
1944 0()
1944 0()
1944 0()
1944 0()
1953 0()
-1 8(1954 1955 1956 1957 1958 1952 1959 1960)
1953 0()
1953 0()
1953 0()
1953 0()
1953 0()
1953 0()
1953 0()
1962 0()
-1 8(1963 1964 1961 1965 1966 1967 1968 1969)
1962 0()
1962 0()
1962 0()
1962 0()
1962 0()
1962 0()
1962 0()
1971 0()
-1 8(1972 1973 1970 1982 1983 1984 1993 1994)
1971 0()
1971 8(1974 1975 1976 1977 1978 1979 1980 1981)
1973 0()
1973 0()
1973 0()
1973 0()
1973 0()
1973 0()
1973 0()
1973 0()
1971 0()
1971 0()
1971 8(1985 1986 1987 1988 1989 1990 1991 1992)
1984 0()
1984 0()
1984 0()
1984 0()
1984 0()
1984 0()
1984 0()
1984 0()
1971 0()
1971 0()
1996 0()
-1 8(1997 1998 1995 1999 2000 2001 2002 2003)
1996 0()
1996 0()
1996 0()
1996 0()
1996 0()
1996 0()
1996 0()
2005 0()
-1 8(2006 2015 2004 2024 2025 2034 2043 2044)
2005 8(2007 2008 2009 2010 2011 2012 2013 2014)
2006 0()
2006 0()
2006 0()
2006 0()
2006 0()
2006 0()
2006 0()
2006 0()
2005 8(2016 2017 2018 2019 2020 2021 2022 2023)
2015 0()
2015 0()
2015 0()
2015 0()
2015 0()
2015 0()
2015 0()
2015 0()
2005 0()
2005 8(2026 2027 2028 2029 2030 2031 2032 2033)
2025 0()
2025 0()
2025 0()
2025 0()
2025 0()
2025 0()
2025 0()
2025 0()
2005 8(2035 2036 2037 2038 2039 2040 2041 2042)
2034 0()
2034 0()
2034 0()
2034 0()
2034 0()
2034 0()
2034 0()
2034 0()
2005 0()
2005 0()
2046 0()
-1 8(2047 2048 2045 2049 2050 2051 2052 2053)
2046 0()
2046 0()
2046 0()
2046 0()
2046 0()
2046 0()
2046 0()
2055 0()
-1 8(2056 2065 2054 2074 2075 2084 2093 2094)
2055 8(2057 2058 2059 2060 2061 2062 2063 2064)
2056 0()
2056 0()
2056 0()
2056 0()
2056 0()
2056 0()
2056 0()
2056 0()
2055 8(2066 2067 2068 2069 2070 2071 2072 2073)
2065 0()
2065 0()
2065 0()
2065 0()
2065 0()
2065 0()
2065 0()
2065 0()
2055 0()
2055 8(2076 2077 2078 2079 2080 2081 2082 2083)
2075 0()
2075 0()
2075 0()
2075 0()
2075 0()
2075 0()
2075 0()
2075 0()
2055 8(2085 2086 2087 2088 2089 2090 2091 2092)
2084 0()
2084 0()
2084 0()
2084 0()
2084 0()
2084 0()
2084 0()
2084 0()
2055 0()
2055 0()
2096 0()
-1 8(2097 2098 2095 2099 2100 2101 2102 2103)
2096 0()
2096 0()
2096 0()
2096 0()
2096 0()
2096 0()
2096 0()
2105 0()
-1 8(2104 2106 2107 2108 2109 2110 2111 2112)
2105 0()
2105 0()
2105 0()
2105 0()
2105 0()
2105 0()
2105 0()
2114 0()
-1 8(2115 2116 2117 2118 2119 2113 2120 2121)
2114 0()
2114 0()
2114 0()
2114 0()
2114 0()
2114 0()
2114 0()
2123 0()
-1 8(2122 2124 2125 2126 2127 2128 2129 2130)
2123 0()
2123 0()
2123 0()
2123 0()
2123 0()
2123 0()
2123 0()
2132 0()
-1 8(2133 2131 2134 2135 2136 2137 2138 2139)
2132 0()
2132 0()
2132 0()
2132 0()
2132 0()
2132 0()
2132 0()
2141 0()
-1 8(2142 2143 2144 2145 2146 2140 2147 2148)
2141 0()
2141 0()
2141 0()
2141 0()
2141 0()
2141 0()
2141 0()
2150 0()
-1 8(2149 2151 2160 2161 2170 2171 2180 2181)
2150 8(2152 2153 2154 2155 2156 2157 2158 2159)
2151 0()
2151 0()
2151 0()
2151 0()
2151 0()
2151 0()
2151 0()
2151 0()
2150 0()
2150 8(2162 2163 2164 2165 2166 2167 2168 2169)
2161 0()
2161 0()
2161 0()
2161 0()
2161 0()
2161 0()
2161 0()
2161 0()
2150 0()
2150 8(2172 2173 2174 2175 2176 2177 2178 2179)
2171 0()
2171 0()
2171 0()
2171 0()
2171 0()
2171 0()
2171 0()
2171 0()
2150 0()
2150 8(2182 2183 2184 2185 2186 2187 2188 2189)
2181 0()
2181 0()
2181 0()
2181 0()
2181 0()
2181 0()
2181 0()
2181 0()
2191 0()
-1 8(2190 2192 2193 2194 2195 2196 2197 2198)
2191 0()
2191 0()
2191 0()
2191 0()
2191 0()
2191 0()
2191 0()
2200 0()
2201 8(2199 2265 2266 2267 2268 2269 2270 2271)
-1 8(2202 2211 2220 2229 2238 2200 2247 2256)
2201 8(2203 2204 2205 2206 2207 2208 2209 2210)
2202 0()
2202 0()
2202 0()
2202 0()
2202 0()
2202 0()
2202 0()
2202 0()
2201 8(2212 2213 2214 2215 2216 2217 2218 2219)
2211 0()
2211 0()
2211 0()
2211 0()
2211 0()
2211 0()
2211 0()
2211 0()
2201 8(2221 2222 2223 2224 2225 2226 2227 2228)
2220 0()
2220 0()
2220 0()
2220 0()
2220 0()
2220 0()
2220 0()
2220 0()
2201 8(2230 2231 2232 2233 2234 2235 2236 2237)
2229 0()
2229 0()
2229 0()
2229 0()
2229 0()
2229 0()
2229 0()
2229 0()
2201 8(2239 2240 2241 2242 2243 2244 2245 2246)
2238 0()
2238 0()
2238 0()
2238 0()
2238 0()
2238 0()
2238 0()
2238 0()
2201 8(2248 2249 2250 2251 2252 2253 2254 2255)
2247 0()
2247 0()
2247 0()
2247 0()
2247 0()
2247 0()
2247 0()
2247 0()
2201 8(2257 2258 2259 2260 2261 2262 2263 2264)
2256 0()
2256 0()
2256 0()
2256 0()
2256 0()
2256 0()
2256 0()
2256 0()
2200 0()
2200 0()
2200 0()
2200 0()
2200 0()
2200 0()
2200 0()
2273 0()
-1 8(2274 2275 2276 2277 2278 2272 2279 2280)
2273 0()
2273 0()
2273 0()
2273 0()
2273 0()
2273 0()
2273 0()
2282 0()
-1 8(2283 2284 2281 2285 2286 2287 2288 2289)
2282 0()
2282 0()
2282 0()
2282 0()
2282 0()
2282 0()
2282 0()
2291 0()
-1 8(2292 2293 2290 2302 2303 2304 2313 2314)
2291 0()
2291 8(2294 2295 2296 2297 2298 2299 2300 2301)
2293 0()
2293 0()
2293 0()
2293 0()
2293 0()
2293 0()
2293 0()
2293 0()
2291 0()
2291 0()
2291 8(2305 2306 2307 2308 2309 2310 2311 2312)
2304 0()
2304 0()
2304 0()
2304 0()
2304 0()
2304 0()
2304 0()
2304 0()
2291 0()
2291 0()
2316 0()
-1 8(2317 2318 2315 2319 2320 2321 2322 2323)
2316 0()
2316 0()
2316 0()
2316 0()
2316 0()
2316 0()
2316 0()
2325 0()
-1 8(2326 2335 2324 2344 2345 2354 2363 2364)
2325 8(2327 2328 2329 2330 2331 2332 2333 2334)
2326 0()
2326 0()
2326 0()
2326 0()
2326 0()
2326 0()
2326 0()
2326 0()
2325 8(2336 2337 2338 2339 2340 2341 2342 2343)
2335 0()
2335 0()
2335 0()
2335 0()
2335 0()
2335 0()
2335 0()
2335 0()
2325 0()
2325 8(2346 2347 2348 2349 2350 2351 2352 2353)
2345 0()
2345 0()
2345 0()
2345 0()
2345 0()
2345 0()
2345 0()
2345 0()
2325 8(2355 2356 2357 2358 2359 2360 2361 2362)
2354 0()
2354 0()
2354 0()
2354 0()
2354 0()
2354 0()
2354 0()
2354 0()
2325 0()
2325 0()
2366 0()
-1 8(2367 2368 2365 2369 2370 2371 2372 2373)
2366 0()
2366 0()
2366 0()
2366 0()
2366 0()
2366 0()
2366 0()
2375 0()
2376 8(2440 2441 2442 2443 2444 2445 2446 2374)
-1 8(2377 2386 2375 2395 2404 2413 2422 2431)
2376 8(2378 2379 2380 2381 2382 2383 2384 2385)
2377 0()
2377 0()
2377 0()
2377 0()
2377 0()
2377 0()
2377 0()
2377 0()
2376 8(2387 2388 2389 2390 2391 2392 2393 2394)
2386 0()
2386 0()
2386 0()
2386 0()
2386 0()
2386 0()
2386 0()
2386 0()
2376 8(2396 2397 2398 2399 2400 2401 2402 2403)
2395 0()
2395 0()
2395 0()
2395 0()
2395 0()
2395 0()
2395 0()
2395 0()
2376 8(2405 2406 2407 2408 2409 2410 2411 2412)
2404 0()
2404 0()
2404 0()
2404 0()
2404 0()
2404 0()
2404 0()
2404 0()
2376 8(2414 2415 2416 2417 2418 2419 2420 2421)
2413 0()
2413 0()
2413 0()
2413 0()
2413 0()
2413 0()
2413 0()
2413 0()
2376 8(2423 2424 2425 2426 2427 2428 2429 2430)
2422 0()
2422 0()
2422 0()
2422 0()
2422 0()
2422 0()
2422 0()
2422 0()
2376 8(2432 2433 2434 2435 2436 2437 2438 2439)
2431 0()
2431 0()
2431 0()
2431 0()
2431 0()
2431 0()
2431 0()
2431 0()
2375 0()
2375 0()
2375 0()
2375 0()
2375 0()
2375 0()
2375 0()
2448 0()
-1 8(2449 2450 2447 2451 2452 2453 2454 2455)
2448 0()
2448 0()
2448 0()
2448 0()
2448 0()
2448 0()
2448 0()
2457 0()
-1 8(2456 2458 2459 2460 2461 2462 2463 2464)
2457 0()
2457 0()
2457 0()
2457 0()
2457 0()
2457 0()
2457 0()
2466 0()
-1 8(2467 2468 2469 2470 2471 2465 2472 2473)
2466 0()
2466 0()
2466 0()
2466 0()
2466 0()
2466 0()
2466 0()
2475 0()
-1 8(2474 2476 2485 2486 2495 2496 2505 2506)
2475 8(2477 2478 2479 2480 2481 2482 2483 2484)
2476 0()
2476 0()
2476 0()
2476 0()
2476 0()
2476 0()
2476 0()
2476 0()
2475 0()
2475 8(2487 2488 2489 2490 2491 2492 2493 2494)
2486 0()
2486 0()
2486 0()
2486 0()
2486 0()
2486 0()
2486 0()
2486 0()
2475 0()
2475 8(2497 2498 2499 2500 2501 2502 2503 2504)
2496 0()
2496 0()
2496 0()
2496 0()
2496 0()
2496 0()
2496 0()
2496 0()
2475 0()
2475 8(2507 2508 2509 2510 2511 2512 2513 2514)
2506 0()
2506 0()
2506 0()
2506 0()
2506 0()
2506 0()
2506 0()
2506 0()
2516 0()
-1 8(2515 2517 2518 2519 2520 2521 2522 2523)
2516 0()
2516 0()
2516 0()
2516 0()
2516 0()
2516 0()
2516 0()
2525 0()
2526 8(2524 2590 2591 2592 2593 2594 2595 2596)
-1 8(2527 2536 2545 2554 2563 2525 2572 2581)
2526 8(2528 2529 2530 2531 2532 2533 2534 2535)
2527 0()
2527 0()
2527 0()
2527 0()
2527 0()
2527 0()
2527 0()
2527 0()
2526 8(2537 2538 2539 2540 2541 2542 2543 2544)
2536 0()
2536 0()
2536 0()
2536 0()
2536 0()
2536 0()
2536 0()
2536 0()
2526 8(2546 2547 2548 2549 2550 2551 2552 2553)
2545 0()
2545 0()
2545 0()
2545 0()
2545 0()
2545 0()
2545 0()
2545 0()
2526 8(2555 2556 2557 2558 2559 2560 2561 2562)
2554 0()
2554 0()
2554 0()
2554 0()
2554 0()
2554 0()
2554 0()
2554 0()
2526 8(2564 2565 2566 2567 2568 2569 2570 2571)
2563 0()
2563 0()
2563 0()
2563 0()
2563 0()
2563 0()
2563 0()
2563 0()
2526 8(2573 2574 2575 2576 2577 2578 2579 2580)
2572 0()
2572 0()
2572 0()
2572 0()
2572 0()
2572 0()
2572 0()
2572 0()
2526 8(2582 2583 2584 2585 2586 2587 2588 2589)
2581 0()
2581 0()
2581 0()
2581 0()
2581 0()
2581 0()
2581 0()
2581 0()
2525 0()
2525 0()
2525 0()
2525 0()
2525 0()
2525 0()
2525 0()
2598 0()
-1 8(2599 2600 2601 2602 2603 2597 2604 2605)
2598 0()
2598 0()
2598 0()
2598 0()
2598 0()
2598 0()
2598 0()
2607 0()
-1 8(2606 2608 2617 2618 2627 2628 2637 2638)
2607 8(2609 2610 2611 2612 2613 2614 2615 2616)
2608 0()
2608 0()
2608 0()
2608 0()
2608 0()
2608 0()
2608 0()
2608 0()
2607 0()
2607 8(2619 2620 2621 2622 2623 2624 2625 2626)
2618 0()
2618 0()
2618 0()
2618 0()
2618 0()
2618 0()
2618 0()
2618 0()
2607 0()
2607 8(2629 2630 2631 2632 2633 2634 2635 2636)
2628 0()
2628 0()
2628 0()
2628 0()
2628 0()
2628 0()
2628 0()
2628 0()
2607 0()
2607 8(2639 2640 2641 2642 2643 2644 2645 2646)
2638 0()
2638 0()
2638 0()
2638 0()
2638 0()
2638 0()
2638 0()
2638 0()
2648 0()
-1 8(2647 2649 2650 2651 2652 2653 2654 2655)
2648 0()
2648 0()
2648 0()
2648 0()
2648 0()
2648 0()
2648 0()
2657 0()
2658 8(2656 2722 2723 2724 2725 2726 2727 2728)
-1 8(2657 2659 2668 2677 2686 2695 2704 2713)
2658 8(2660 2661 2662 2663 2664 2665 2666 2667)
2659 0()
2659 0()
2659 0()
2659 0()
2659 0()
2659 0()
2659 0()
2659 0()
2658 8(2669 2670 2671 2672 2673 2674 2675 2676)
2668 0()
2668 0()
2668 0()
2668 0()
2668 0()
2668 0()
2668 0()
2668 0()
2658 8(2678 2679 2680 2681 2682 2683 2684 2685)
2677 0()
2677 0()
2677 0()
2677 0()
2677 0()
2677 0()
2677 0()
2677 0()
2658 8(2687 2688 2689 2690 2691 2692 2693 2694)
2686 0()
2686 0()
2686 0()
2686 0()
2686 0()
2686 0()
2686 0()
2686 0()
2658 8(2696 2697 2698 2699 2700 2701 2702 2703)
2695 0()
2695 0()
2695 0()
2695 0()
2695 0()
2695 0()
2695 0()
2695 0()
2658 8(2705 2706 2707 2708 2709 2710 2711 2712)
2704 0()
2704 0()
2704 0()
2704 0()
2704 0()
2704 0()
2704 0()
2704 0()
2658 8(2714 2715 2716 2717 2718 2719 2720 2721)
2713 0()
2713 0()
2713 0()
2713 0()
2713 0()
2713 0()
2713 0()
2713 0()
2657 0()
2657 0()
2657 0()
2657 0()
2657 0()
2657 0()
2657 0()
2730 0()
2731 8(2795 2796 2797 2798 2799 2729 2800 2801)
-1 8(2730 2732 2741 2750 2759 2768 2777 2786)
2731 8(2733 2734 2735 2736 2737 2738 2739 2740)
2732 0()
2732 0()
2732 0()
2732 0()
2732 0()
2732 0()
2732 0()
2732 0()
2731 8(2742 2743 2744 2745 2746 2747 2748 2749)
2741 0()
2741 0()
2741 0()
2741 0()
2741 0()
2741 0()
2741 0()
2741 0()
2731 8(2751 2752 2753 2754 2755 2756 2757 2758)
2750 0()
2750 0()
2750 0()
2750 0()
2750 0()
2750 0()
2750 0()
2750 0()
2731 8(2760 2761 2762 2763 2764 2765 2766 2767)
2759 0()
2759 0()
2759 0()
2759 0()
2759 0()
2759 0()
2759 0()
2759 0()
2731 8(2769 2770 2771 2772 2773 2774 2775 2776)
2768 0()
2768 0()
2768 0()
2768 0()
2768 0()
2768 0()
2768 0()
2768 0()
2731 8(2778 2779 2780 2781 2782 2783 2784 2785)
2777 0()
2777 0()
2777 0()
2777 0()
2777 0()
2777 0()
2777 0()
2777 0()
2731 8(2787 2788 2789 2790 2791 2792 2793 2794)
2786 0()
2786 0()
2786 0()
2786 0()
2786 0()
2786 0()
2786 0()
2786 0()
2730 0()
2730 0()
2730 0()
2730 0()
2730 0()
2730 0()
2730 0()
2803 0()
-1 8(2804 2802 2805 2806 2807 2808 2809 2810)
2803 0()
2803 0()
2803 0()
2803 0()
2803 0()
2803 0()
2803 0()
2812 0()
-1 8(2813 2814 2811 2815 2816 2817 2818 2819)
2812 0()
2812 0()
2812 0()
2812 0()
2812 0()
2812 0()
2812 0()
2821 0()
-1 8(2822 2823 2820 2832 2833 2834 2843 2844)
2821 0()
2821 8(2824 2825 2826 2827 2828 2829 2830 2831)
2823 0()
2823 0()
2823 0()
2823 0()
2823 0()
2823 0()
2823 0()
2823 0()
2821 0()
2821 0()
2821 8(2835 2836 2837 2838 2839 2840 2841 2842)
2834 0()
2834 0()
2834 0()
2834 0()
2834 0()
2834 0()
2834 0()
2834 0()
2821 0()
2821 0()
2846 0()
-1 8(2847 2848 2845 2849 2850 2851 2852 2853)
2846 0()
2846 0()
2846 0()
2846 0()
2846 0()
2846 0()
2846 0()
2855 0()
2856 8(2920 2921 2922 2923 2924 2925 2926 2854)
-1 8(2857 2866 2855 2875 2884 2893 2902 2911)
2856 8(2858 2859 2860 2861 2862 2863 2864 2865)
2857 0()
2857 0()
2857 0()
2857 0()
2857 0()
2857 0()
2857 0()
2857 0()
2856 8(2867 2868 2869 2870 2871 2872 2873 2874)
2866 0()
2866 0()
2866 0()
2866 0()
2866 0()
2866 0()
2866 0()
2866 0()
2856 8(2876 2877 2878 2879 2880 2881 2882 2883)
2875 0()
2875 0()
2875 0()
2875 0()
2875 0()
2875 0()
2875 0()
2875 0()
2856 8(2885 2886 2887 2888 2889 2890 2891 2892)
2884 0()
2884 0()
2884 0()
2884 0()
2884 0()
2884 0()
2884 0()
2884 0()
2856 8(2894 2895 2896 2897 2898 2899 2900 2901)
2893 0()
2893 0()
2893 0()
2893 0()
2893 0()
2893 0()
2893 0()
2893 0()
2856 8(2903 2904 2905 2906 2907 2908 2909 2910)
2902 0()
2902 0()
2902 0()
2902 0()
2902 0()
2902 0()
2902 0()
2902 0()
2856 8(2912 2913 2914 2915 2916 2917 2918 2919)
2911 0()
2911 0()
2911 0()
2911 0()
2911 0()
2911 0()
2911 0()
2911 0()
2855 0()
2855 0()
2855 0()
2855 0()
2855 0()
2855 0()
2855 0()
2928 0()
-1 8(2929 2930 2927 2931 2932 2933 2934 2935)
2928 0()
2928 0()
2928 0()
2928 0()
2928 0()
2928 0()
2928 0()
2937 0()
2938 8(3002 3003 3004 3005 3006 3007 3008 2936)
-1 8(2939 2948 2937 2957 2966 2975 2984 2993)
2938 8(2940 2941 2942 2943 2944 2945 2946 2947)
2939 0()
2939 0()
2939 0()
2939 0()
2939 0()
2939 0()
2939 0()
2939 0()
2938 8(2949 2950 2951 2952 2953 2954 2955 2956)
2948 0()
2948 0()
2948 0()
2948 0()
2948 0()
2948 0()
2948 0()
2948 0()
2938 8(2958 2959 2960 2961 2962 2963 2964 2965)
2957 0()
2957 0()
2957 0()
2957 0()
2957 0()
2957 0()
2957 0()
2957 0()
2938 8(2967 2968 2969 2970 2971 2972 2973 2974)
2966 0()
2966 0()
2966 0()
2966 0()
2966 0()
2966 0()
2966 0()
2966 0()
2938 8(2976 2977 2978 2979 2980 2981 2982 2983)
2975 0()
2975 0()
2975 0()
2975 0()
2975 0()
2975 0()
2975 0()
2975 0()
2938 8(2985 2986 2987 2988 2989 2990 2991 2992)
2984 0()
2984 0()
2984 0()
2984 0()
2984 0()
2984 0()
2984 0()
2984 0()
2938 8(2994 2995 2996 2997 2998 2999 3000 3001)
2993 0()
2993 0()
2993 0()
2993 0()
2993 0()
2993 0()
2993 0()
2993 0()
2937 0()
2937 0()
2937 0()
2937 0()
2937 0()
2937 0()
2937 0()
3010 0()
-1 8(3009 3011 3012 3013 3014 3015 3016 3017)
3010 0()
3010 0()
3010 0()
3010 0()
3010 0()
3010 0()
3010 0()
3019 0()
-1 8(3020 3021 3022 3023 3024 3018 3025 3026)
3019 0()
3019 0()
3019 0()
3019 0()
3019 0()
3019 0()
3019 0()
3028 0()
-1 8(3027 3029 3038 3039 3048 3049 3058 3059)
3028 8(3030 3031 3032 3033 3034 3035 3036 3037)
3029 0()
3029 0()
3029 0()
3029 0()
3029 0()
3029 0()
3029 0()
3029 0()
3028 0()
3028 8(3040 3041 3042 3043 3044 3045 3046 3047)
3039 0()
3039 0()
3039 0()
3039 0()
3039 0()
3039 0()
3039 0()
3039 0()
3028 0()
3028 8(3050 3051 3052 3053 3054 3055 3056 3057)
3049 0()
3049 0()
3049 0()
3049 0()
3049 0()
3049 0()
3049 0()
3049 0()
3028 0()
3028 8(3060 3061 3062 3063 3064 3065 3066 3067)
3059 0()
3059 0()
3059 0()
3059 0()
3059 0()
3059 0()
3059 0()
3059 0()
3069 0()
-1 8(3068 3070 3071 3072 3073 3074 3075 3076)
3069 0()
3069 0()
3069 0()
3069 0()
3069 0()
3069 0()
3069 0()
3078 0()
-1 8(3079 3077 3080 3081 3082 3083 3084 3085)
3078 0()
3078 0()
3078 0()
3078 0()
3078 0()
3078 0()
3078 0()
3087 0()
-1 8(3086 3088 3089 3090 3091 3092 3093 3094)
3087 0()
3087 0()
3087 0()
3087 0()
3087 0()
3087 0()
3087 0()
3096 0()
3097 8(3161 3162 3163 3164 3165 3166 3167 3095)
-1 8(3098 3096 3107 3116 3125 3134 3143 3152)
3097 8(3099 3100 3101 3102 3103 3104 3105 3106)
3098 0()
3098 0()
3098 0()
3098 0()
3098 0()
3098 0()
3098 0()
3098 0()
3097 8(3108 3109 3110 3111 3112 3113 3114 3115)
3107 0()
3107 0()
3107 0()
3107 0()
3107 0()
3107 0()
3107 0()
3107 0()
3097 8(3117 3118 3119 3120 3121 3122 3123 3124)
3116 0()
3116 0()
3116 0()
3116 0()
3116 0()
3116 0()
3116 0()
3116 0()
3097 8(3126 3127 3128 3129 3130 3131 3132 3133)
3125 0()
3125 0()
3125 0()
3125 0()
3125 0()
3125 0()
3125 0()
3125 0()
3097 8(3135 3136 3137 3138 3139 3140 3141 3142)
3134 0()
3134 0()
3134 0()
3134 0()
3134 0()
3134 0()
3134 0()
3134 0()
3097 8(3144 3145 3146 3147 3148 3149 3150 3151)
3143 0()
3143 0()
3143 0()
3143 0()
3143 0()
3143 0()
3143 0()
3143 0()
3097 8(3153 3154 3155 3156 3157 3158 3159 3160)
3152 0()
3152 0()
3152 0()
3152 0()
3152 0()
3152 0()
3152 0()
3152 0()
3096 0()
3096 0()
3096 0()
3096 0()
3096 0()
3096 0()
3096 0()
3169 0()
3170 8(3168 3234 3235 3236 3237 3238 3239 3240)
-1 8(3171 3180 3189 3198 3207 3169 3216 3225)
3170 8(3172 3173 3174 3175 3176 3177 3178 3179)
3171 0()
3171 0()
3171 0()
3171 0()
3171 0()
3171 0()
3171 0()
3171 0()
3170 8(3181 3182 3183 3184 3185 3186 3187 3188)
3180 0()
3180 0()
3180 0()
3180 0()
3180 0()
3180 0()
3180 0()
3180 0()
3170 8(3190 3191 3192 3193 3194 3195 3196 3197)
3189 0()
3189 0()
3189 0()
3189 0()
3189 0()
3189 0()
3189 0()
3189 0()
3170 8(3199 3200 3201 3202 3203 3204 3205 3206)
3198 0()
3198 0()
3198 0()
3198 0()
3198 0()
3198 0()
3198 0()
3198 0()
3170 8(3208 3209 3210 3211 3212 3213 3214 3215)
3207 0()
3207 0()
3207 0()
3207 0()
3207 0()
3207 0()
3207 0()
3207 0()
3170 8(3217 3218 3219 3220 3221 3222 3223 3224)
3216 0()
3216 0()
3216 0()
3216 0()
3216 0()
3216 0()
3216 0()
3216 0()
3170 8(3226 3227 3228 3229 3230 3231 3232 3233)
3225 0()
3225 0()
3225 0()
3225 0()
3225 0()
3225 0()
3225 0()
3225 0()
3169 0()
3169 0()
3169 0()
3169 0()
3169 0()
3169 0()
3169 0()
3242 0()
-1 8(3243 3244 3241 3245 3246 3247 3248 3249)
3242 0()
3242 0()
3242 0()
3242 0()
3242 0()
3242 0()
3242 0()
3251 0()
-1 8(3252 3253 3250 3254 3255 3256 3257 3258)
3251 0()
3251 0()
3251 0()
3251 0()
3251 0()
3251 0()
3251 0()
3260 0()
3261 8(3325 3326 3327 3328 3329 3330 3331 3259)
-1 8(3262 3271 3260 3280 3289 3298 3307 3316)
3261 8(3263 3264 3265 3266 3267 3268 3269 3270)
3262 0()
3262 0()
3262 0()
3262 0()
3262 0()
3262 0()
3262 0()
3262 0()
3261 8(3272 3273 3274 3275 3276 3277 3278 3279)
3271 0()
3271 0()
3271 0()
3271 0()
3271 0()
3271 0()
3271 0()
3271 0()
3261 8(3281 3282 3283 3284 3285 3286 3287 3288)
3280 0()
3280 0()
3280 0()
3280 0()
3280 0()
3280 0()
3280 0()
3280 0()
3261 8(3290 3291 3292 3293 3294 3295 3296 3297)
3289 0()
3289 0()
3289 0()
3289 0()
3289 0()
3289 0()
3289 0()
3289 0()
3261 8(3299 3300 3301 3302 3303 3304 3305 3306)
3298 0()
3298 0()
3298 0()
3298 0()
3298 0()
3298 0()
3298 0()
3298 0()
3261 8(3308 3309 3310 3311 3312 3313 3314 3315)
3307 0()
3307 0()
3307 0()
3307 0()
3307 0()
3307 0()
3307 0()
3307 0()
3261 8(3317 3318 3319 3320 3321 3322 3323 3324)
3316 0()
3316 0()
3316 0()
3316 0()
3316 0()
3316 0()
3316 0()
3316 0()
3260 0()
3260 0()
3260 0()
3260 0()
3260 0()
3260 0()
3260 0()
3333 0()
-1 8(3332 3334 3335 3336 3337 3338 3339 3340)
3333 0()
3333 0()
3333 0()
3333 0()
3333 0()
3333 0()
3333 0()
3342 0()
-1 8(3341 3343 3344 3345 3346 3347 3348 3349)
3342 0()
3342 0()
3342 0()
3342 0()
3342 0()
3342 0()
3342 0()
3351 0()
3352 8(3350 3416 3417 3418 3419 3420 3421 3422)
-1 8(3353 3362 3371 3380 3389 3351 3398 3407)
3352 8(3354 3355 3356 3357 3358 3359 3360 3361)
3353 0()
3353 0()
3353 0()
3353 0()
3353 0()
3353 0()
3353 0()
3353 0()
3352 8(3363 3364 3365 3366 3367 3368 3369 3370)
3362 0()
3362 0()
3362 0()
3362 0()
3362 0()
3362 0()
3362 0()
3362 0()
3352 8(3372 3373 3374 3375 3376 3377 3378 3379)
3371 0()
3371 0()
3371 0()
3371 0()
3371 0()
3371 0()
3371 0()
3371 0()
3352 8(3381 3382 3383 3384 3385 3386 3387 3388)
3380 0()
3380 0()
3380 0()
3380 0()
3380 0()
3380 0()
3380 0()
3380 0()
3352 8(3390 3391 3392 3393 3394 3395 3396 3397)
3389 0()
3389 0()
3389 0()
3389 0()
3389 0()
3389 0()
3389 0()
3389 0()
3352 8(3399 3400 3401 3402 3403 3404 3405 3406)
3398 0()
3398 0()
3398 0()
3398 0()
3398 0()
3398 0()
3398 0()
3398 0()
3352 8(3408 3409 3410 3411 3412 3413 3414 3415)
3407 0()
3407 0()
3407 0()
3407 0()
3407 0()
3407 0()
3407 0()
3407 0()
3351 0()
3351 0()
3351 0()
3351 0()
3351 0()
3351 0()
3351 0()
3424 0()
3425 8(3489 3490 3491 3492 3493 3494 3495 3423)
-1 8(3424 3426 3435 3444 3453 3462 3471 3480)
3425 8(3427 3428 3429 3430 3431 3432 3433 3434)
3426 0()
3426 0()
3426 0()
3426 0()
3426 0()
3426 0()
3426 0()
3426 0()
3425 8(3436 3437 3438 3439 3440 3441 3442 3443)
3435 0()
3435 0()
3435 0()
3435 0()
3435 0()
3435 0()
3435 0()
3435 0()
3425 8(3445 3446 3447 3448 3449 3450 3451 3452)
3444 0()
3444 0()
3444 0()
3444 0()
3444 0()
3444 0()
3444 0()
3444 0()
3425 8(3454 3455 3456 3457 3458 3459 3460 3461)
3453 0()
3453 0()
3453 0()
3453 0()
3453 0()
3453 0()
3453 0()
3453 0()
3425 8(3463 3464 3465 3466 3467 3468 3469 3470)
3462 0()
3462 0()
3462 0()
3462 0()
3462 0()
3462 0()
3462 0()
3462 0()
3425 8(3472 3473 3474 3475 3476 3477 3478 3479)
3471 0()
3471 0()
3471 0()
3471 0()
3471 0()
3471 0()
3471 0()
3471 0()
3425 8(3481 3482 3483 3484 3485 3486 3487 3488)
3480 0()
3480 0()
3480 0()
3480 0()
3480 0()
3480 0()
3480 0()
3480 0()
3424 0()
3424 0()
3424 0()
3424 0()
3424 0()
3424 0()
3424 0()
)

// visibleCells

4533
(
-1
-1
-1
-1
-1
-1
-1
-1
-1
-1
-1
-1
-1
-1
-1
-1
-1
-1
-1
-1
-1
-1
-1
-1
-1
-1
-1
-1
-1
-1
-1
-1
-1
-1
-1
-1
-1
-1
-1
-1
-1
-1
-1
-1
-1
-1
-1
-1
-1
-1
-1
-1
-1
-1
-1
-1
-1
-1
-1
-1
-1
-1
-1
-1
-1
-1
-1
-1
-1
-1
-1
-1
-1
-1
-1
-1
-1
-1
-1
-1
-1
-1
-1
-1
-1
-1
-1
-1
-1
-1
-1
-1
-1
-1
-1
-1
-1
-1
-1
-1
-1
-1
-1
-1
-1
-1
-1
-1
-1
-1
-1
-1
-1
-1
-1
-1
-1
-1
-1
-1
-1
-1
-1
-1
-1
-1
-1
-1
-1
-1
-1
-1
-1
-1
-1
-1
-1
-1
-1
-1
-1
-1
-1
-1
-1
-1
-1
-1
-1
-1
-1
-1
-1
-1
-1
-1
-1
-1
-1
-1
-1
-1
-1
-1
-1
-1
-1
-1
-1
-1
-1
-1
-1
-1
-1
-1
-1
-1
-1
-1
-1
-1
-1
-1
-1
-1
-1
-1
-1
-1
-1
-1
-1
-1
-1
-1
-1
-1
-1
-1
-1
-1
-1
-1
-1
-1
-1
-1
-1
-1
-1
-1
-1
-1
-1
-1
-1
-1
-1
-1
-1
-1
-1
-1
-1
-1
-1
-1
-1
-1
-1
-1
-1
-1
-1
-1
-1
-1
-1
-1
-1
-1
-1
-1
-1
-1
-1
-1
-1
-1
-1
-1
-1
-1
-1
-1
-1
-1
-1
-1
-1
-1
-1
-1
-1
-1
-1
-1
-1
-1
-1
-1
-1
-1
-1
-1
-1
-1
-1
-1
-1
-1
-1
-1
-1
-1
-1
-1
-1
-1
-1
-1
-1
-1
-1
-1
-1
-1
-1
-1
-1
-1
-1
-1
-1
-1
-1
-1
-1
-1
-1
-1
-1
-1
-1
-1
-1
-1
-1
-1
-1
-1
-1
-1
-1
-1
-1
-1
-1
-1
-1
-1
-1
-1
-1
-1
-1
-1
-1
-1
-1
-1
-1
-1
-1
-1
-1
-1
-1
-1
-1
-1
-1
-1
-1
-1
-1
-1
-1
-1
-1
-1
-1
-1
-1
-1
-1
-1
-1
-1
-1
-1
-1
-1
-1
-1
-1
-1
-1
-1
-1
-1
-1
-1
-1
-1
-1
-1
-1
-1
-1
-1
-1
-1
-1
-1
-1
-1
-1
-1
-1
-1
-1
-1
-1
-1
-1
-1
-1
-1
-1
-1
-1
-1
-1
-1
-1
-1
-1
-1
-1
-1
-1
-1
-1
-1
-1
-1
-1
-1
-1
-1
-1
-1
-1
-1
-1
-1
-1
-1
-1
-1
-1
-1
-1
-1
-1
-1
-1
-1
-1
-1
-1
-1
-1
-1
-1
-1
-1
-1
-1
-1
-1
-1
-1
-1
-1
-1
-1
-1
-1
-1
-1
-1
-1
-1
-1
-1
-1
-1
-1
-1
-1
-1
-1
-1
-1
-1
-1
-1
-1
-1
-1
-1
-1
-1
-1
-1
-1
-1
-1
-1
-1
-1
-1
-1
-1
-1
-1
-1
-1
-1
-1
-1
-1
-1
-1
-1
-1
-1
-1
-1
-1
-1
-1
-1
-1
-1
-1
0
2
3
4
-1
-1
-1
-1
-1
-1
-1
-1
-1
-1
-1
-1
-1
-1
-1
-1
-1
-1
-1
-1
-1
-1
-1
-1
-1
-1
-1
-1
-1
-1
-1
-1
-1
-1
9
11
12
13
-1
-1
-1
18
20
21
22
5
6
7
8
-1
-1
-1
-1
-1
-1
-1
-1
-1
-1
-1
-1
-1
-1
-1
-1
-1
-1
-1
-1
-1
-1
-1
-1
-1
-1
-1
-1
-1
27
29
30
31
-1
-1
-1
36
38
39
40
14
15
16
17
-1
-1
45
47
48
49
23
24
25
26
54
56
57
58
-1
-1
-1
-1
-1
-1
-1
-1
-1
-1
-1
-1
-1
-1
-1
-1
-1
-1
-1
-1
-1
-1
-1
-1
95
97
98
99
-1
-1
-1
104
106
107
108
32
33
34
35
-1
-1
113
115
116
117
41
42
43
44
122
124
125
126
-1
163
165
166
167
50
51
52
53
172
174
175
176
61
62
65
66
70
71
74
75
79
80
83
84
88
89
92
93
-1
-1
-1
-1
-1
-1
-1
-1
-1
-1
-1
-1
-1
-1
-1
-1
-1
-1
102
103
-1
-1
-1
-1
-1
213
215
216
217
100
101
-1
-1
222
224
225
226
109
110
111
112
231
233
234
235
-1
256
258
259
260
118
119
120
121
265
267
268
269
129
130
133
134
138
139
142
143
147
148
151
152
156
157
160
161
-1
168
169
170
171
306
308
309
310
179
180
183
184
188
189
192
193
197
198
201
202
206
207
210
211
67
60
63
64
76
69
72
73
85
78
81
82
94
87
90
91
-1
-1
-1
-1
-1
-1
-1
-1
-1
-1
-1
-1
-1
-1
-1
220
221
-1
-1
-1
331
335
338
339
-1
-1
-1
-1
340
342
343
344
218
219
333
334
-1
349
351
352
353
227
228
229
230
358
360
361
362
238
239
242
243
247
248
251
252
254
255
-1
261
262
263
264
383
385
386
387
272
273
276
277
281
282
285
286
290
291
294
295
299
300
303
304
135
128
131
132
144
137
140
141
153
146
149
150
162
155
158
159
-1
408
410
411
412
311
314
315
318
319
321
324
325
328
329
185
178
181
182
194
187
190
191
203
196
199
200
212
205
208
209
417
483
485
486
426
421
423
424
435
430
432
433
444
439
441
442
-1
-1
-1
-1
-1
-1
-1
-1
-1
-1
-1
-1
347
348
-1
-1
-1
490
494
497
498
-1
-1
-1
336
499
337
503
506
507
-1
-1
-1
508
510
511
512
345
346
492
493
-1
354
355
356
357
517
519
520
521
365
366
369
370
374
375
378
379
381
382
244
237
240
241
253
246
249
250
534
554
-1
575
577
578
579
388
391
392
395
396
398
401
402
405
406
278
271
274
275
287
280
283
284
296
289
292
293
305
298
301
302
584
650
652
653
593
588
590
591
602
597
599
600
611
606
608
609
413
415
-1
414
416
316
320
657
313
317
327
330
668
323
326
698
764
766
767
707
702
704
705
716
711
713
714
725
720
722
723
484
487
488
489
422
425
427
428
431
434
436
437
440
443
445
446
-1
-1
-1
-1
-1
-1
-1
-1
-1
515
516
-1
-1
-1
771
775
778
779
-1
-1
-1
495
780
496
784
787
788
-1
-1
-1
501
502
504
789
505
793
796
797
-1
-1
-1
513
514
773
774
-1
798
800
801
802
522
525
526
529
530
532
533
371
364
367
368
380
373
376
377
807
827
542
537
539
540
551
546
548
549
538
544
573
547
553
574
580
582
-1
581
583
393
397
848
390
394
404
407
859
400
403
889
955
957
958
898
893
895
896
907
902
904
905
916
911
913
914
651
654
655
656
589
592
594
595
598
601
603
604
607
610
612
613
962
965
967
969
-1
964
966
662
665
661
666
678
660
663
673
675
671
677
688
670
672
765
768
769
770
703
706
708
709
712
715
717
718
721
724
726
727
449
450
453
454
458
459
462
463
467
468
471
472
476
477
480
481
-1
-1
-1
-1
-1
-1
-1
-1
-1
971
975
978
979
-1
-1
-1
776
980
777
984
987
988
-1
-1
-1
782
783
785
989
786
993
996
997
-1
-1
-1
791
792
794
998
795
1002
1005
1006
-1
-1
-1
973
974
803
805
-1
804
806
527
531
1007
524
528
1018
1019
815
810
812
813
824
819
821
822
811
817
846
820
826
847
541
543
550
552
557
562
560
563
1032
566
571
569
572
1052
1073
1076
1078
1080
-1
1075
1077
853
856
852
857
869
851
854
864
866
862
868
879
861
863
956
959
960
961
894
897
899
900
903
906
908
909
912
915
917
918
616
617
620
621
625
626
629
630
634
635
638
639
643
644
647
648
1082
968
970
1085
1087
1089
-1
667
681
664
685
683
687
1091
676
691
674
696
694
697
1102
730
731
734
735
739
740
743
744
748
749
752
753
757
758
761
762
455
448
451
452
464
457
460
461
473
466
469
470
482
475
478
479
-1
-1
-1
-1
-1
-1
976
-1
-1
-1
1132
977
1136
1139
1140
-1
-1
-1
982
983
985
1141
986
1145
1148
1149
-1
-1
-1
991
992
994
1150
995
1154
1157
1158
-1
-1
-1
1000
1071
1001
1072
1003
1159
1004
1163
1166
1167
-1
-1
-1
1168
1171
1173
1175
-1
1170
1172
1012
1015
1011
1016
1020
1010
1013
1030
1017
1031
814
816
823
825
830
835
833
836
1177
839
844
842
845
1197
558
561
567
570
556
1038
1040
559
1036
1042
565
1047
568
1049
1045
1051
1218
1079
1081
1221
1223
1225
-1
858
872
855
876
874
878
1227
867
882
865
887
885
888
1238
921
922
925
926
930
931
934
935
939
940
943
944
948
949
952
953
622
615
618
619
631
624
627
628
640
633
636
637
649
642
645
646
1084
1086
1268
1088
1090
1271
1273
1275
-1
686
682
680
1096
684
1099
1095
1100
1112
695
692
690
1107
693
1109
1105
1111
1122
736
729
732
733
745
738
741
742
754
747
750
751
763
756
759
760
1277
1343
1345
1346
1286
1281
1283
1284
1295
1290
1292
1293
1304
1299
1301
1302
-1
-1
-1
-1
-1
-1
-1
1134
1137
-1
-1
-1
1135
1350
1138
1354
1357
1358
-1
-1
-1
1143
1144
1146
1359
1147
1363
1366
1367
-1
-1
-1
1152
1216
1153
1217
1155
1368
1156
1372
1375
1376
-1
-1
-1
1377
1055
1058
1060
1061
1397
1064
1067
1069
1070
1161
1416
1162
1417
1164
1418
1165
1422
1425
1426
-1
-1
-1
1427
1174
1176
1430
1432
1434
-1
1023
1014
1027
1025
1029
1436
1447
1028
1026
1448
831
834
840
843
829
1183
1185
832
1181
1187
838
1192
841
1194
1190
1196
1035
1037
1041
1039
1044
1046
1050
1048
1220
1222
1461
1224
1226
1464
1466
1468
-1
877
873
871
1232
875
1235
1231
1236
1248
886
883
881
1243
884
1245
1241
1247
1258
927
920
923
924
936
929
932
933
945
938
941
942
954
947
950
951
1470
1536
1538
1539
1479
1474
1476
1477
1488
1483
1485
1486
1497
1492
1494
1495
-1
1270
1272
1543
1274
1276
1546
1548
1550
-1
1094
1097
1101
1115
1098
1119
1117
1121
1552
1104
1106
1110
1125
1108
1130
1128
1131
1563
1593
1659
1661
1662
1602
1597
1599
1600
1611
1606
1608
1609
1620
1615
1617
1618
1344
1347
1348
1349
1282
1285
1287
1288
1291
1294
1296
1297
1300
1303
1305
1306
-1
1666
1674
1672
1673
-1
-1
-1
-1
-1
-1
-1
1352
1355
-1
-1
-1
1353
1675
1356
1679
1682
1683
-1
-1
-1
1361
1459
1362
1460
1364
1684
1365
1688
1691
1692
-1
-1
-1
1693
1200
1203
1205
1206
1713
1209
1212
1214
1215
1370
1732
1371
1733
1373
1734
1374
1738
1741
1742
-1
-1
-1
1381
1383
1385
1387
1059
1054
1056
1057
1390
1392
1394
1396
1068
1063
1065
1066
1743
1400
1403
1405
1406
1763
1409
1412
1414
1415
1420
1782
1421
1783
1423
1784
1424
1788
1791
1792
-1
-1
-1
1429
1431
1793
1433
1435
1796
1798
1800
-1
1024
1022
1441
1444
1440
1445
1449
1442
1446
1180
1182
1186
1184
1189
1191
1195
1193
1490
1487
1499
1496
-1
1463
1465
1802
1467
1469
1805
1807
1809
-1
1230
1233
1237
1251
1234
1255
1253
1257
1811
1240
1242
1246
1261
1244
1266
1264
1267
1822
1852
1918
1920
1921
1861
1856
1858
1859
1870
1865
1867
1868
1879
1874
1876
1877
1537
1540
1541
1542
1475
1478
1480
1481
1484
1489
1493
1498
-1
1925
1933
1931
1932
-1
1545
1573
1547
1583
1934
1549
1551
1937
1939
1941
-1
1665
1120
1663
1116
1114
1557
1118
1560
1556
1561
1129
1612
1126
1610
1124
1568
1127
1570
1566
1572
1660
1664
1598
1601
1603
1604
1607
1613
1616
1619
1621
1622
1309
1310
1313
1314
1318
1319
1322
1323
1327
1328
1331
1332
1336
1337
1340
1341
1943
1947
1949
1951
-1
-1
1669
1671
1668
1952
1960
1670
1958
1959
-1
-1
-1
-1
-1
-1
-1
1677
1680
-1
-1
-1
1678
1961
1681
1965
1968
1969
-1
-1
-1
1970
1982
1452
1455
1457
1458
1686
1993
1687
1994
1689
1995
1690
1999
2002
2003
-1
-1
-1
1697
1699
1701
1703
1204
1199
1201
1202
1706
1708
1710
1712
1213
1208
1210
1211
2004
1716
1719
1721
1722
2024
1725
1728
1730
1731
1736
2043
1737
2044
1739
2045
1740
2049
2052
2053
-1
-1
-1
1386
1380
1382
1384
1525
1519
1521
1523
1395
1389
1391
1393
1534
1528
1530
1532
1747
1749
1751
1753
1404
1399
1401
1402
1756
1758
1760
1762
1413
1408
1410
1411
2054
1766
1769
1771
1772
2074
1775
1778
1780
1781
1786
2093
1787
2094
1789
2095
1790
2099
-1
2102
2103
-1
-1
-1
1795
1797
2104
1799
1801
2107
2109
2111
-1
1439
1443
1456
1454
1972
1872
1869
1881
1878
-1
2113
2121
2119
2120
-1
1804
1832
1806
1842
2122
1808
1810
2125
2127
2129
-1
1924
1256
1922
1252
1250
1816
1254
1819
1815
1820
1265
1871
1262
1260
1827
1263
1829
1825
1831
1919
1923
1857
1860
1862
1863
1866
1875
1880
1502
1503
1506
1507
1511
1512
1515
1516
1520
1524
1529
1533
2131
2135
2137
2139
-1
-1
1928
1930
1927
2140
2148
1929
2146
2147
-1
2149
1576
1578
1580
1582
2160
1586
1589
1591
1592
1936
2170
1938
2180
2190
1940
1942
2193
2195
2197
-1
1630
1626
1624
1555
1628
1558
1562
1559
1647
1644
1642
1565
1645
1567
1571
1569
1625
1629
1634
1635
1638
1639
1643
1648
1652
1653
1656
1657
1315
1308
1311
1312
1324
1317
1320
1321
1333
1326
1329
1330
1342
1335
1338
1339
2199
2268
2267
2271
1945
2257
2260
2261
2264
1946
1948
1950
-1
-1
-1
1955
1957
1954
2272
2280
1956
2278
2279
-1
-1
-1
-1
-1
-1
-1
1963
1966
-1
-1
-1
1964
2281
1967
2285
2288
2289
-1
-1
-1
1975
1977
1979
1981
1451
1453
2290
1983
2302
1986
1989
1991
1992
1997
2313
1998
2314
2000
2315
2001
2319
2322
2323
-1
-1
-1
1702
1696
1698
1700
1907
1901
1903
1905
1711
1705
1707
1709
1916
1910
1912
1914
2008
2010
2012
2014
1720
1715
1717
1718
2017
2019
2021
2023
1729
1724
1726
1727
2324
2027
2030
2032
2033
2344
2036
2039
2041
2042
2047
2363
2048
2364
2050
2365
2051
2369
-1
2372
2373
-1
-1
2374
2440
2443
2444
1522
1526
2403
2396
2399
2400
1531
1535
1752
1746
1748
1750
2429
2423
2425
2427
1761
1755
1757
1759
2438
2432
2434
2436
2058
2060
2062
2064
1770
1765
1767
1768
2067
2069
2071
2073
1779
1774
1776
1777
2447
2077
2080
2082
2083
2451
2086
2089
2091
2092
2097
2454
2455
2098
-1
2100
2101
-1
-1
-1
-1
2106
2108
2456
2110
2112
2459
2461
2463
-1
1976
1980
2450
2453
-1
-1
2116
2118
2115
2465
2473
2117
2471
2472
-1
2474
1835
1837
1839
1841
2485
1845
1848
1850
1851
2124
2495
2126
2505
2515
2128
2130
2518
2520
2522
-1
1889
1885
1883
1814
1887
1817
1821
1818
1906
1824
1904
1826
1830
1828
1884
1888
1893
1894
1897
1898
1902
1911
1915
1508
1501
1504
1505
1517
1510
1513
1514
2524
2593
2592
2596
2133
2582
2585
2586
2589
2134
2136
2138
-1
-1
-1
2143
2145
2142
2597
2605
2144
2603
2604
-1
2153
2154
2157
2158
1581
1575
1577
1579
2163
2165
2167
2169
1590
1585
1587
1588
2606
2173
2175
2177
2179
2617
2183
2186
2188
2189
2192
2627
2194
2637
2647
2196
2198
2650
-1
2652
2654
2656
1627
2724
1631
2728
2725
2669
1646
1649
2671
2675
2673
1640
1633
1636
1637
1658
1651
1654
1655
2729
2795
2797
2798
2738
2733
2735
2736
2747
2742
2744
2745
2756
2751
2753
2754
2740
2737
2757
2755
2775
2769
2771
2773
2792
2787
2789
2790
2266
2270
2242
2269
2246
2265
2239
2243
2802
2259
2262
2252
2263
2255
2258
2248
2251
2806
2808
2810
-1
-1
-1
-1
2807
2275
2277
2809
2274
2653
2655
2276
-1
-1
-1
-1
-1
-1
2804
2283
2286
-1
-1
-1
2284
2811
2287
2815
2818
2819
-1
-1
-1
1974
1978
2292
1988
1990
2295
2297
2299
2301
1985
1987
2820
2303
2832
2306
2309
2311
2312
2317
2843
2318
2844
2320
2845
2321
2849
-1
2852
2853
-1
-1
2854
2920
2923
2924
1908
2883
2876
2879
2880
1913
1917
2013
2007
2009
2011
2909
2903
2905
2907
2022
2016
2018
2020
2918
2912
2914
2916
2328
2330
2332
2334
2031
2026
2028
2029
2337
2339
2341
2343
2040
2035
2037
2038
2927
2347
2350
2352
2353
2931
2356
2359
2361
2362
2367
2934
2935
2368
-1
2370
2371
-1
-1
2441
2442
2445
2446
2397
2398
2401
2402
2936
3002
3005
3006
2424
2426
2428
2430
2965
2958
2961
2962
2433
2435
2437
2439
2063
2057
2059
2061
2991
2985
2987
2989
2072
2066
2068
2070
3000
2994
2996
2998
2449
2081
2076
2078
2079
2090
2085
2087
2088
2452
-1
-1
-1
-1
-1
-1
2458
2460
3009
2462
2464
3012
3014
3016
-1
-1
-1
-1
2468
2470
2467
3018
3026
2469
3024
3025
-1
2478
2479
2482
2483
1840
1834
1836
1838
2488
2490
2492
2494
1849
1844
1846
1847
3027
2498
2500
2502
2504
3038
2508
2511
2513
2514
2517
3048
2519
3058
3068
2521
2523
3071
-1
3073
3075
2858
1886
2861
1890
2865
2862
2922
2926
1899
1892
1895
1896
2383
2378
2380
2381
2392
2387
2389
2390
2394
2391
2420
2414
2416
2418
2591
2595
2567
2594
2571
2590
2564
2568
3077
2584
2587
2577
2588
2580
2583
2573
2576
3081
3083
3085
-1
-1
-1
-1
3082
2600
2602
3084
2599
3074
3076
2601
2159
2152
2155
2156
2693
2687
2689
2691
2168
2162
2164
2166
2710
2705
2707
2708
2610
2611
2614
2615
2178
2172
2174
2176
2620
2622
2624
2626
2187
2182
2184
2185
3086
2630
2632
2634
2636
3089
2640
2643
2645
2646
2649
3091
3093
2651
-1
2723
2726
2722
2727
2672
2674
2670
2676
2665
2660
2662
2663
2683
2678
2680
2681
2796
2799
2800
2801
2734
2739
2743
2746
2748
2749
2752
2758
3095
3161
3164
3165
2770
2772
2774
2776
3123
3117
3119
3121
2788
2791
2793
2794
3141
3135
3137
3139
3158
3153
3155
3156
2216
2219
2244
2218
2240
2213
3168
2241
3237
2245
3236
3240
2234
2236
2254
2237
2249
2231
3226
2250
3229
2253
3230
3233
2805
-1
-1
-1
-1
3092
3094
-1
-1
-1
-1
-1
-1
3088
3208
3211
3212
3215
2765
2760
2762
2763
2813
2816
-1
-1
-1
2814
3241
2817
3245
-1
3248
3249
-1
-1
2296
2300
2294
2298
2822
2308
2310
2825
2827
2829
2831
2305
2307
3250
2833
3254
2836
2839
2841
2842
2847
3257
3258
2848
-1
2850
2851
-1
-1
2921
2925
2877
2878
2881
2882
3259
3325
3328
3329
2904
2906
2908
2910
3288
3281
3284
3285
2913
2915
2917
2919
2333
2327
2329
2331
3314
3308
3310
3312
2342
2336
2338
2340
3323
3317
3319
3321
2929
2351
2346
2348
2349
2930
2360
2355
2357
2358
2932
2933
-1
-1
-1
2379
2385
2388
3003
3004
3007
3008
2406
2409
2411
2412
2959
2960
2963
2964
2415
2421
2553
2546
2549
2550
2986
2988
2990
2992
2562
2555
2558
2559
2995
2997
2999
3001
2579
2575
-1
-1
-1
-1
-1
-1
-1
3011
3013
3332
3015
3017
3335
-1
3337
3339
-1
-1
-1
-1
3021
3023
3020
3338
3340
3022
2484
2477
2480
2481
2891
2885
2887
2889
2493
2487
2489
2491
3031
3032
3035
3036
2503
2497
2499
2501
3041
3043
3045
3047
2512
2507
2509
2510
3341
3051
3053
3055
3057
3344
3061
3064
3066
3067
3070
3346
3348
3072
-1
2860
2863
2859
2864
2872
2867
2869
2870
2382
2384
2393
2956
2949
2952
2953
2417
2419
2982
2976
2978
2980
2541
2544
2569
2543
2565
2538
3350
2566
3419
2570
3418
3422
3079
2561
2574
2556
3408
3411
2578
3412
3415
3080
-1
-1
-1
-1
3347
3349
3423
3489
3492
3493
2688
2690
2692
2694
3442
3436
3438
3440
2706
2709
2711
2712
2616
2609
2612
2613
3460
3454
3456
3458
2625
2619
2621
2623
3477
3472
3474
3475
2635
2629
2631
2633
3090
2644
2639
2641
2642
-1
2661
2666
2679
2685
2664
2667
2682
2684
2761
2766
2779
2780
2783
2784
3162
3163
3166
3167
2767
3118
3120
3122
3124
2782
2785
2212
2215
3136
3138
3140
3142
2230
2232
3154
3157
3159
3160
2209
2214
2204
2217
3235
2207
3239
2210
3238
3234
2228
2233
2222
2235
3228
2225
3231
2227
3221
3232
3224
3227
3217
3220
-1
-1
-1
-1
-1
-1
-1
-1
-1
-1
2701
2696
2698
2699
3210
3213
3214
3209
3105
3099
3101
3103
2764
3131
3126
3128
3129
3243
-1
3246
-1
-1
3244
-1
3247
-1
-1
2826
2830
2824
2828
3252
2838
2840
3253
2835
2837
3255
3256
-1
-1
-1
2868
2874
3326
3327
3330
3331
2886
2892
3282
3283
3286
3287
2895
2898
2900
2901
3379
3372
3375
3376
3309
3311
3313
3315
3388
3381
3384
3385
3318
3320
3322
3324
3405
3399
3401
3403
3414
3410
-1
-1
-1
2941
2943
2945
2947
2410
2405
2407
2408
2950
2954
2547
2548
2551
2552
2968
2971
2973
2974
2557
2560
2977
2983
-1
-1
-1
-1
-1
-1
-1
3334
3336
-1
-1
-1
-1
-1
3270
3263
3266
3267
2888
2890
3037
3030
3033
3034
3296
3290
3292
3294
3046
3040
3042
3044
3343
3056
3050
3052
3054
3345
3065
3060
3062
3063
-1
2873
2871
2951
2955
2537
2540
2979
2981
2534
2539
2529
2542
3417
2532
3421
2535
3393
3420
3397
3416
3390
3394
3413
3406
3409
3402
-1
-1
-1
-1
3490
3491
3494
3495
2697
2703
3437
3439
3441
3443
2715
2718
2720
2721
3179
3172
3175
3176
3455
3457
3459
3461
3196
3190
3192
3194
3473
3476
3478
3479
3222
3219
-1
2702
2716
2719
2778
2781
3100
3104
3109
3111
3113
3115
3127
3133
3145
3148
3150
3151
2205
2208
3185
2203
3188
2206
3187
3182
2224
2226
3203
2221
3205
2223
3223
3206
3218
3200
-1
-1
-1
-1
-1
-1
-1
-1
-1
-1
3433
3427
3429
3431
2700
3468
3463
3465
3466
3178
3173
3102
3106
3130
3132
-1
-1
-1
-1
-1
-1
-1
-1
-1
3264
3268
3273
3275
3277
3279
2899
2894
2896
2897
3373
3374
3377
3378
3291
3297
3382
3383
3386
3387
3300
3303
3305
3306
3400
3404
-1
-1
-1
2946
2940
2942
2944
2531
2533
2972
2967
2969
2970
-1
-1
-1
-1
-1
-1
-1
-1
-1
-1
-1
-1
3265
3269
3361
3354
3357
3358
3293
3295
3396
3392
-1
2530
3367
2528
3370
3395
3369
3391
3364
-1
-1
-1
-1
3428
3432
3446
3448
3450
3452
2714
2717
3174
3177
3464
3470
3191
3193
3195
3197
3482
3485
3487
3488
-1
3108
3110
3114
3112
3149
3144
3146
3147
3181
3184
3183
3186
3199
3201
3202
3204
-1
-1
-1
-1
-1
-1
-1
-1
-1
-1
3430
3434
3467
3469
-1
-1
-1
-1
-1
-1
-1
-1
-1
3278
3272
3274
3276
3355
3359
3366
3368
3304
3299
3301
3302
-1
-1
-1
-1
-1
-1
-1
-1
-1
-1
-1
-1
-1
-1
-1
3356
3360
-1
3363
3365
-1
-1
-1
-1
3451
3445
3447
3449
3486
3481
3483
3484
-1
-1
-1
-1
-1
-1
-1
-1
-1
-1
-1
-1
-1
-1
-1
-1
-1
-1
-1
-1
-1
-1
-1
-1
-1
-1
-1
-1
-1
-1
-1
-1
-1
-1
-1
-1
-1
-1
-1
-1
-1
-1
-1
-1
-1
-1
-1
-1
-1
-1
-1
-1
-1
-1
-1
-1
-1
-1
-1
-1
-1
-1
-1
-1
-1
-1
-1
-1
-1
-1
-1
-1
-1
-1
-1
-1
-1
-1
-1
-1
-1
-1
-1
-1
-1
-1
-1
-1
-1
-1
-1
-1
-1
-1
-1
-1
-1
-1
-1
-1
-1
-1
-1
-1
-1
-1
-1
-1
-1
-1
-1
-1
-1
-1
-1
-1
-1
-1
-1
-1
-1
-1
-1
-1
-1
-1
-1
-1
-1
-1
-1
-1
-1
-1
-1
-1
-1
-1
-1
-1
-1
-1
-1
-1
-1
-1
-1
-1
-1
-1
-1
-1
-1
-1
-1
-1
-1
-1
-1
-1
-1
-1
-1
-1
-1
-1
-1
-1
-1
-1
-1
-1
-1
-1
-1
-1
-1
-1
-1
-1
-1
-1
-1
-1
-1
-1
-1
-1
-1
-1
-1
-1
-1
-1
-1
-1
-1
-1
-1
-1
-1
-1
-1
-1
-1
-1
-1
-1
-1
-1
-1
-1
-1
-1
-1
-1
-1
-1
-1
-1
-1
-1
-1
-1
-1
-1
-1
-1
-1
-1
-1
-1
-1
-1
-1
-1
-1
-1
-1
-1
-1
-1
-1
-1
-1
-1
-1
-1
-1
-1
-1
-1
-1
-1
-1
-1
-1
-1
-1
-1
-1
-1
-1
-1
-1
-1
-1
-1
-1
-1
-1
-1
-1
-1
-1
-1
-1
-1
-1
-1
-1
-1
-1
-1
-1
-1
-1
-1
-1
-1
-1
-1
-1
-1
-1
-1
-1
-1
-1
-1
-1
-1
-1
-1
-1
-1
-1
-1
-1
-1
-1
-1
-1
-1
-1
-1
-1
-1
-1
-1
-1
-1
-1
-1
-1
-1
-1
-1
-1
-1
-1
-1
-1
-1
-1
-1
-1
-1
-1
-1
-1
-1
-1
-1
-1
-1
-1
-1
-1
-1
-1
-1
-1
-1
-1
)


// ************************************************************************* //
