/*--------------------------------*- C++ -*----------------------------------*\
| =========                 |                                                 |
| \\      /  F ield         | OpenFOAM: The Open Source CFD Toolbox           |
|  \\    /   O peration     | Version:  2406                                  |
|   \\  /    A nd           | Website:  www.openfoam.com                      |
|    \\/     M anipulation  |                                                 |
\*---------------------------------------------------------------------------*/
FoamFile
{
    version     2.0;
    format      ascii;
    arch        "LSB;label=32;scalar=64";
    note        "nPoints:5772  nCells:4533  nFaces:14748  nInternalFaces:13242";
    class       labelList;
    location    "constant/polyMesh";
    object      neighbour;
}
// * * * * * * * * * * * * * * * * * * * * * * * * * * * * * * * * * * * * * //


13242
(
1
2
3
4
5
6
5
7
8
6
8
9
12
13
14
13
15
16
14
16
17
10
15
18
16
18
19
17
19
20
11
21
22
23
24
25
26
27
28
27
29
30
28
30
31
21
29
32
30
32
33
31
33
34
22
32
35
33
35
36
34
36
37
24
38
39
25
39
40
41
42
43
42
44
45
43
45
46
47
48
49
48
50
51
49
51
52
38
50
53
51
53
54
52
54
55
39
53
56
54
56
57
55
57
58
40
56
59
57
59
60
58
60
61
44
62
63
45
63
64
46
64
65
66
67
66
68
69
67
69
70
68
71
72
69
72
73
70
73
74
75
76
77
76
78
79
77
79
80
62
78
81
79
81
82
80
82
83
63
81
84
82
84
85
83
85
86
64
84
87
85
87
88
86
88
89
65
87
90
88
90
91
89
91
92
71
78
93
72
93
94
73
94
95
74
95
96
97
98
98
99
97
100
101
98
101
102
99
102
103
100
104
105
101
105
106
102
106
107
103
107
108
109
110
111
104
110
112
111
112
113
104
114
112
114
115
113
115
116
93
114
117
115
117
118
116
118
119
94
117
120
118
120
121
119
121
122
95
120
123
121
123
124
122
124
125
96
123
126
124
126
127
125
127
128
105
114
129
106
129
130
107
130
131
108
131
132
133
134
134
135
135
136
133
137
138
134
138
139
135
139
140
136
140
141
137
142
138
142
143
139
143
144
140
144
145
141
145
146
147
148
137
147
149
148
149
150
142
149
151
150
151
152
142
153
151
153
154
152
154
155
129
153
156
154
156
157
155
157
158
130
156
159
157
159
160
158
160
161
131
159
162
160
162
163
161
163
164
132
162
165
163
165
166
164
166
167
143
153
168
144
168
169
145
169
170
146
170
171
172
173
173
174
174
175
175
176
172
177
173
177
178
174
178
179
175
179
180
176
180
181
177
182
178
182
183
179
183
184
180
184
185
181
185
186
172
187
187
188
177
187
189
188
189
190
182
189
191
190
191
192
182
193
191
193
194
192
194
195
168
193
196
194
196
197
195
197
198
169
196
199
197
199
200
198
200
201
170
199
202
200
202
203
201
203
204
171
202
205
203
205
206
204
206
207
183
193
208
184
208
209
185
209
210
186
210
211
212
212
213
213
214
214
215
215
216
212
217
213
217
218
214
218
219
215
219
220
216
220
221
217
222
218
222
223
219
223
224
220
224
225
221
225
226
212
227
227
228
217
227
229
228
229
230
222
229
231
230
231
232
222
233
231
233
234
232
234
235
208
233
236
234
236
237
235
237
238
209
236
239
237
239
240
238
240
241
210
239
242
240
242
243
241
243
244
211
242
245
243
245
246
244
246
247
223
233
248
224
248
249
225
249
250
226
250
251
252
252
253
253
254
254
255
255
256
252
257
253
257
258
254
258
259
255
259
260
256
260
261
257
262
258
262
263
259
263
264
260
264
265
261
265
266
252
267
267
268
257
267
269
268
269
270
262
269
271
270
271
272
262
273
271
273
274
272
274
275
248
273
276
274
276
277
275
277
278
249
276
279
277
279
280
278
280
281
250
279
282
280
282
283
281
283
284
251
282
285
283
285
286
284
286
287
263
273
288
264
288
289
265
289
290
266
290
291
292
292
293
293
294
294
295
295
296
292
297
293
297
298
294
298
299
295
299
300
296
300
301
297
302
298
302
303
299
303
304
300
304
305
301
305
306
292
307
307
308
297
307
309
308
309
310
302
309
311
310
311
312
302
313
311
313
314
312
314
315
288
313
316
314
316
317
315
317
318
289
316
319
317
319
320
318
320
321
290
319
322
320
322
323
321
323
324
291
322
325
323
325
326
324
326
327
303
313
328
304
328
329
305
329
330
306
330
331
332
332
333
333
334
334
335
335
336
332
337
333
337
338
334
338
339
335
339
340
336
340
341
337
342
338
342
343
339
343
344
340
344
345
341
345
346
332
347
347
348
337
347
349
348
349
350
342
349
351
350
351
352
342
353
351
353
354
352
354
355
328
353
356
354
356
357
355
357
358
329
356
359
357
359
360
358
360
361
330
359
362
360
362
363
361
363
364
331
362
365
363
365
366
364
366
367
343
353
368
344
368
369
345
369
370
346
370
371
372
372
373
373
374
374
375
375
376
372
377
373
377
378
374
378
379
375
379
380
376
380
381
377
382
378
382
383
379
383
384
380
384
385
381
385
386
372
387
387
388
377
387
389
388
389
390
382
389
391
390
391
392
382
393
391
393
394
392
394
395
368
393
396
394
396
397
395
397
398
369
396
399
397
399
400
398
400
401
370
399
402
400
402
403
401
403
404
371
402
405
403
405
406
404
406
407
383
393
408
384
408
409
385
409
410
386
410
411
412
412
413
413
414
414
415
415
416
412
417
413
417
418
414
418
419
415
419
420
416
420
421
417
422
418
422
423
419
423
424
420
424
425
421
425
426
412
427
427
428
417
427
429
428
429
430
422
429
431
430
431
432
422
433
431
433
434
432
434
435
408
433
436
434
436
437
435
437
438
409
436
439
437
439
440
438
440
441
410
439
442
440
442
443
441
443
444
411
442
445
443
445
446
444
446
447
423
433
448
424
448
449
425
449
450
426
450
451
452
452
453
453
454
454
455
455
456
452
457
453
457
458
454
458
459
455
459
460
456
460
461
457
462
458
462
463
459
463
464
460
464
465
461
465
466
452
467
467
468
457
467
469
468
469
470
462
469
471
470
471
472
462
473
471
473
474
472
474
475
448
473
476
474
476
477
475
477
478
449
476
479
477
479
480
478
480
481
450
479
482
480
482
483
481
483
484
451
482
485
483
485
486
484
486
487
463
473
488
464
488
489
465
489
490
466
490
491
492
492
493
493
494
494
495
495
496
492
497
493
497
498
494
498
499
495
499
500
496
500
501
497
502
498
502
503
499
503
504
500
504
505
501
505
506
492
507
507
508
497
507
509
508
509
510
502
509
511
510
511
512
502
513
511
513
514
512
514
515
488
513
516
514
516
517
515
517
518
489
516
519
517
519
520
518
520
521
490
519
522
520
522
523
521
523
524
491
522
525
523
525
526
524
526
527
503
513
528
504
528
529
505
529
530
506
530
531
532
532
533
533
534
534
535
535
536
532
537
533
537
538
534
538
539
535
539
540
536
540
541
537
542
538
542
543
539
543
544
540
544
545
541
545
546
532
547
547
548
537
547
549
548
549
550
542
549
551
550
551
552
542
553
551
553
554
552
554
555
528
553
556
554
556
557
555
557
558
529
556
559
557
559
560
558
560
561
530
559
562
560
562
563
561
563
564
531
562
565
563
565
566
564
566
567
543
553
568
544
568
569
545
569
570
546
570
571
572
573
574
575
575
576
576
577
577
578
578
579
575
580
576
580
581
577
581
582
578
582
583
579
583
584
580
585
581
585
586
582
586
587
583
587
588
584
588
589
590
591
592
575
593
593
594
580
593
595
594
595
596
585
595
597
596
597
598
585
599
597
599
600
598
600
601
568
599
602
600
602
603
601
603
604
569
602
605
603
605
606
604
606
607
570
605
608
606
608
609
607
609
610
571
572
608
611
612
613
609
613
614
610
614
615
586
599
616
587
616
617
588
617
618
619
620
621
572
573
611
619
574
612
574
589
621
622
590
623
624
624
625
625
626
626
627
627
628
624
629
625
629
630
626
630
631
627
631
632
628
632
633
634
635
636
629
637
630
637
638
631
638
639
632
639
640
641
642
643
590
591
641
644
592
645
592
633
643
646
634
647
624
648
648
649
629
648
650
649
650
651
637
650
652
651
652
653
637
654
652
654
655
653
655
656
616
654
657
655
657
658
656
658
659
617
657
660
658
660
661
659
661
662
618
619
660
663
664
665
661
665
666
662
666
667
612
622
664
668
623
669
665
668
669
670
671
672
666
672
673
667
673
674
638
654
675
639
675
676
677
678
679
619
620
663
677
621
664
621
640
679
680
641
681
623
644
681
682
645
683
684
684
685
685
686
686
687
687
688
689
690
691
684
692
685
692
693
686
693
694
687
694
695
696
697
698
634
635
696
699
636
700
636
688
698
701
689
702
692
703
693
703
704
694
704
705
706
707
708
641
642
706
709
643
710
643
695
708
711
696
712
645
646
710
713
647
714
647
699
712
715
700
716
684
717
717
718
692
717
719
718
719
720
703
719
721
720
721
722
703
723
721
723
724
722
724
725
675
723
726
724
726
727
725
727
728
676
677
726
729
730
731
727
731
732
728
732
733
664
680
730
734
681
735
731
734
735
736
737
738
732
738
739
733
739
740
669
670
682
735
671
683
671
737
741
742
743
744
738
741
744
745
746
747
739
747
748
740
748
749
704
723
750
751
752
753
677
678
729
751
679
730
679
705
753
754
706
755
681
709
755
756
710
757
683
713
742
757
714
743
758
758
759
759
760
760
761
762
763
764
689
690
762
765
691
766
691
764
767
768
758
769
759
769
770
760
770
771
772
773
774
696
697
772
775
698
776
698
761
774
777
762
778
700
701
776
779
702
780
702
765
778
781
766
782
769
783
770
783
784
785
786
787
706
707
785
788
708
789
708
771
787
790
772
791
710
711
789
792
712
793
712
775
791
794
776
795
714
715
793
796
716
797
716
779
795
798
799
800
801
780
802
803
804
805
758
806
806
807
769
806
808
807
808
809
783
808
810
809
810
811
783
812
810
812
813
811
813
814
750
751
812
815
816
817
813
817
818
814
818
819
730
754
816
820
755
821
817
820
821
822
823
824
818
824
825
819
825
826
735
736
756
821
737
757
737
823
827
828
829
830
824
827
830
831
832
833
825
833
834
826
834
835
744
745
830
836
743
796
829
836
797
837
746
837
746
832
838
839
840
841
833
838
841
842
843
844
834
844
845
835
845
846
751
752
812
815
753
816
753
784
812
847
785
848
755
788
848
849
789
850
757
792
828
850
793
829
851
851
852
852
853
854
855
856
762
763
854
857
764
858
764
856
859
860
766
767
858
861
768
862
768
860
863
864
851
865
852
865
866
867
868
869
772
773
867
870
774
871
774
853
869
872
854
873
776
777
871
874
778
875
778
857
873
876
858
877
780
781
875
878
879
880
881
782
882
883
884
885
782
861
877
886
887
888
889
862
890
891
892
893
865
894
785
786
894
895
787
896
787
866
894
897
867
898
789
790
896
899
791
900
791
870
898
901
871
902
793
794
900
903
795
904
795
874
902
905
906
907
908
875
909
910
911
912
797
798
800
904
913
914
915
802
804
916
917
918
800
801
802
914
800
801
879
910
919
911
913
805
880
920
804
805
917
804
805
883
921
916
884
922
851
923
923
924
865
923
925
924
925
926
894
925
927
926
927
928
815
847
894
929
927
929
930
928
930
931
816
847
932
848
933
929
932
933
934
935
936
930
936
937
931
937
938
821
822
849
933
823
850
823
935
939
940
941
942
936
939
942
943
944
945
937
945
946
938
946
947
830
831
942
948
829
903
941
948
904
949
832
949
832
944
950
951
952
953
945
950
953
954
955
956
946
956
957
947
957
958
837
839
915
949
840
918
841
842
953
959
840
952
959
960
961
962
843
961
843
955
963
964
965
966
956
963
966
967
968
969
957
969
970
958
970
971
848
895
972
896
973
850
899
940
973
900
941
974
974
975
976
977
978
854
855
976
979
856
980
856
978
981
982
858
859
980
983
860
984
860
982
985
986
862
863
984
987
988
989
990
864
991
992
993
994
864
986
995
996
997
998
999
1000
1001
1002
974
1003
867
868
1003
1004
869
1005
869
975
1003
1006
976
1007
871
872
1005
1008
873
1009
873
979
1007
1010
980
1011
875
876
1009
1012
1013
1014
1015
877
1016
1017
1018
1019
877
983
1011
1020
1021
1022
1023
984
1024
1025
1026
1027
880
881
882
886
1028
880
881
1017
1029
884
1030
888
1019
1031
884
885
890
1032
884
885
1033
1034
892
1035
888
889
890
1036
888
889
988
1025
1037
1026
1038
893
989
1039
892
893
1040
892
893
992
1041
1042
993
1043
895
897
1003
1044
896
897
1045
898
1046
898
1004
1047
1005
1048
900
901
1046
1049
902
1050
902
1008
1048
1051
1009
1052
1053
1054
1055
904
905
907
1050
1056
1057
1058
909
911
1059
1060
1061
907
908
909
1057
907
908
1013
1053
1062
1054
1056
912
1014
1063
911
912
1060
911
912
1017
1064
1059
1018
1065
914
919
1059
1066
917
920
1067
918
960
1061
1066
1067
1068
1069
917
921
1070
922
1071
962
1070
1071
1072
1073
920
1029
1064
1074
922
1030
1075
922
1033
1076
1034
1077
974
1078
1078
1079
1003
1078
1080
1079
1080
1081
1044
1080
1082
1081
1082
1083
932
934
972
1044
1084
1085
1082
1085
1086
1083
1086
1087
933
934
972
935
973
935
1084
1088
1089
1090
1085
1088
1090
1091
1092
1093
1086
1093
1094
1087
1094
1095
942
943
1090
1096
941
1049
1089
1096
1050
1097
944
1097
944
1092
1098
1099
1100
1101
1093
1098
1101
1102
1103
1104
1094
1104
1105
1095
1105
1106
949
951
1058
1097
952
1061
953
954
1101
1107
952
1100
1107
1108
1109
1110
955
1109
955
1103
1111
1112
1113
1114
1104
1111
1114
1115
1116
1117
1105
1117
1118
1106
1118
1119
961
964
1109
1120
962
1110
1120
1121
1122
1123
1124
965
1125
1125
1126
1127
1128
1129
966
967
1114
1130
965
1113
1130
1131
1132
1133
968
1132
968
1116
1134
1135
1136
1137
1117
1134
1137
1138
1139
1140
1118
1140
1141
1119
1141
1142
973
1045
1084
1046
1089
1143
976
977
1143
1144
978
1145
978
1143
1146
1147
980
981
1145
1148
982
1149
982
1147
1150
1151
984
985
1149
1152
1153
1154
1155
986
1156
1157
1158
1159
986
1151
1160
1161
1162
1163
1164
1165
1166
1167
989
990
991
995
1168
989
990
1157
1169
993
1170
997
1159
1171
993
994
999
1172
993
994
1173
1174
1001
1175
997
998
999
1176
997
998
1165
1177
1166
1178
1002
1179
1001
1002
1180
1001
1002
1181
1182
1183
1004
1006
1143
1184
1005
1006
1185
1007
1186
1007
1144
1187
1145
1188
1009
1010
1186
1189
1011
1190
1191
1192
1193
1011
1148
1188
1194
1149
1195
1196
1197
1198
1014
1015
1016
1020
1199
1014
1015
1191
1200
1018
1201
1022
1193
1202
1018
1019
1024
1203
1018
1019
1204
1205
1026
1206
1022
1023
1024
1207
1022
1023
1153
1196
1208
1197
1209
1027
1154
1210
1026
1027
1211
1026
1027
1157
1212
1213
1158
1214
1030
1031
1032
1036
1215
1030
1031
1204
1216
1034
1217
1038
1206
1218
1034
1035
1040
1219
1034
1035
1220
1221
1042
1222
1038
1039
1040
1223
1038
1039
1169
1212
1224
1213
1225
1043
1170
1226
1042
1043
1227
1042
1043
1173
1228
1229
1174
1230
1045
1047
1184
1231
1232
1233
1046
1047
1231
1048
1234
1048
1185
1232
1186
1235
1050
1051
1234
1236
1052
1054
1237
1238
1239
1052
1055
1189
1235
1238
1240
1241
1054
1055
1238
1054
1055
1191
1242
1237
1192
1240
1057
1062
1237
1243
1060
1063
1244
1061
1108
1239
1243
1244
1245
1246
1060
1064
1247
1065
1248
1110
1247
1248
1249
1250
1063
1200
1242
1251
1065
1201
1252
1065
1204
1253
1205
1254
1067
1069
1074
1247
1068
1071
1075
1069
1072
1121
1255
1123
1250
1256
1071
1073
1076
1072
1077
1073
1126
1257
1128
1258
1075
1216
1253
1256
1077
1217
1255
1077
1220
1258
1221
1257
1143
1259
1259
1260
1184
1259
1261
1260
1261
1262
1233
1261
1263
1262
1263
1264
1089
1231
1265
1088
1091
1233
1265
1266
1267
1263
1267
1268
1264
1268
1269
1090
1091
1265
1234
1270
1092
1270
1092
1266
1271
1272
1273
1267
1271
1273
1274
1275
1276
1268
1276
1277
1269
1277
1278
1097
1099
1236
1270
1100
1239
1101
1102
1273
1279
1100
1272
1279
1280
1281
1282
1103
1281
1103
1275
1283
1284
1285
1286
1276
1283
1286
1287
1288
1289
1277
1289
1290
1278
1290
1291
1109
1112
1281
1292
1110
1282
1292
1293
1294
1295
1296
1113
1297
1297
1298
1299
1300
1301
1114
1115
1286
1302
1113
1285
1302
1303
1304
1305
1116
1304
1116
1288
1306
1307
1308
1309
1289
1306
1309
1310
1311
1312
1290
1312
1313
1291
1313
1314
1125
1131
1297
1315
1316
1317
1318
1123
1124
1126
1319
1123
1124
1299
1316
1320
1300
1321
1129
1317
1322
1133
1323
1324
1325
1326
1128
1129
1327
1128
1129
1324
1328
1329
1325
1330
1132
1135
1304
1331
1133
1305
1331
1332
1333
1334
1335
1136
1336
1336
1337
1338
1339
1340
1137
1138
1309
1341
1136
1308
1341
1342
1343
1344
1139
1343
1139
1311
1345
1346
1347
1348
1312
1345
1348
1349
1350
1351
1313
1351
1352
1314
1352
1353
1144
1146
1354
1145
1146
1355
1147
1356
1147
1357
1358
1149
1150
1356
1359
1151
1360
1361
1362
1363
1151
1358
1364
1365
1366
1367
1368
1154
1155
1156
1160
1369
1154
1155
1361
1370
1158
1371
1162
1363
1372
1158
1159
1164
1373
1158
1159
1374
1375
1166
1376
1162
1163
1164
1377
1162
1163
1366
1378
1367
1379
1167
1380
1166
1167
1381
1166
1167
1382
1383
1384
1170
1171
1172
1176
1385
1170
1171
1374
1386
1174
1387
1178
1376
1388
1174
1175
1180
1389
1174
1175
1390
1391
1182
1392
1178
1179
1180
1393
1178
1179
1382
1394
1383
1395
1183
1396
1182
1183
1397
1182
1183
1398
1399
1400
1185
1187
1354
1401
1402
1403
1186
1187
1401
1188
1404
1188
1355
1402
1356
1405
1190
1192
1194
1404
1406
1407
1408
1192
1193
1195
1407
1192
1193
1409
1406
1197
1410
1195
1198
1359
1405
1411
1412
1413
1197
1198
1412
1197
1198
1361
1414
1415
1362
1411
1201
1202
1203
1207
1416
1201
1202
1409
1417
1205
1418
1209
1410
1419
1205
1206
1211
1420
1205
1206
1421
1422
1213
1423
1209
1210
1211
1424
1209
1210
1370
1414
1425
1415
1426
1214
1371
1427
1213
1214
1428
1213
1214
1374
1429
1430
1375
1431
1217
1218
1219
1223
1432
1217
1218
1421
1433
1221
1434
1225
1423
1435
1221
1222
1227
1436
1221
1222
1437
1438
1229
1439
1225
1226
1227
1440
1225
1226
1386
1429
1441
1430
1442
1230
1387
1443
1229
1230
1444
1229
1230
1390
1445
1446
1391
1447
1232
1234
1448
1235
1401
1449
1403
1448
1449
1450
1451
1452
1235
1453
1404
1454
1239
1241
1280
1453
1238
1242
1455
1240
1456
1282
1455
1456
1457
1458
1242
1406
1459
1408
1454
1456
1457
1459
1460
1461
1409
1462
1244
1246
1251
1455
1245
1248
1252
1246
1249
1293
1463
1295
1458
1464
1248
1250
1253
1249
1254
1250
1298
1465
1300
1466
1252
1417
1462
1464
1254
1418
1463
1254
1421
1466
1422
1465
1256
1257
1319
1434
1321
1433
1466
1258
1327
1438
1329
1437
1354
1467
1467
1468
1403
1467
1469
1468
1469
1470
1452
1469
1471
1470
1471
1472
1266
1270
1448
1272
1450
1473
1271
1274
1452
1473
1474
1475
1471
1475
1476
1472
1476
1477
1272
1453
1273
1274
1473
1478
1479
1275
1479
1275
1474
1480
1481
1482
1475
1480
1482
1483
1484
1485
1476
1485
1486
1477
1486
1487
1281
1284
1479
1488
1282
1461
1478
1488
1285
1489
1489
1490
1491
1492
1493
1286
1287
1482
1494
1285
1481
1494
1495
1496
1497
1288
1496
1288
1484
1498
1499
1500
1501
1485
1498
1501
1502
1503
1504
1486
1504
1505
1487
1505
1506
1297
1303
1489
1507
1508
1509
1510
1295
1296
1298
1511
1295
1296
1491
1508
1512
1492
1513
1301
1509
1514
1305
1515
1516
1517
1518
1300
1301
1519
1300
1301
1516
1520
1521
1517
1522
1304
1307
1496
1523
1305
1497
1523
1524
1525
1526
1527
1308
1528
1528
1529
1530
1531
1532
1309
1310
1501
1533
1308
1500
1533
1534
1535
1536
1311
1535
1311
1503
1537
1538
1539
1540
1504
1537
1540
1541
1542
1543
1505
1543
1544
1506
1544
1545
1317
1318
1323
1332
1546
1317
1318
1516
1547
1325
1548
1334
1518
1549
1321
1322
1327
1550
1321
1322
1520
1547
1551
1521
1552
1330
1548
1553
1325
1326
1337
1554
1325
1326
1555
1556
1339
1557
1329
1330
1558
1329
1330
1555
1559
1560
1556
1561
1336
1342
1528
1562
1563
1564
1565
1334
1335
1337
1566
1334
1335
1530
1563
1567
1531
1568
1340
1564
1569
1344
1570
1571
1572
1573
1339
1340
1574
1339
1340
1571
1575
1576
1572
1577
1343
1346
1535
1578
1344
1536
1578
1579
1580
1581
1582
1347
1583
1583
1584
1585
1586
1587
1348
1349
1540
1588
1347
1539
1588
1589
1590
1591
1350
1590
1350
1542
1592
1593
1594
1595
1543
1592
1595
1596
1597
1598
1544
1598
1599
1545
1599
1600
1355
1357
1601
1602
1603
1356
1357
1601
1358
1604
1358
1602
1605
1360
1362
1364
1604
1606
1607
1608
1362
1363
1365
1607
1362
1363
1609
1606
1367
1610
1365
1368
1605
1611
1612
1613
1367
1368
1612
1367
1368
1614
1615
1611
1371
1372
1373
1377
1616
1371
1372
1609
1617
1375
1618
1379
1610
1619
1375
1376
1381
1620
1375
1376
1621
1622
1383
1623
1379
1380
1381
1624
1379
1380
1614
1625
1615
1626
1384
1627
1383
1384
1628
1383
1384
1629
1630
1631
1387
1388
1389
1393
1632
1387
1388
1621
1633
1391
1634
1395
1623
1635
1391
1392
1397
1636
1391
1392
1637
1638
1399
1639
1395
1396
1397
1640
1395
1396
1629
1641
1630
1642
1400
1643
1399
1400
1644
1399
1400
1645
1646
1647
1402
1404
1648
1405
1601
1649
1603
1648
1649
1650
1651
1652
1405
1653
1604
1654
1407
1409
1655
1410
1412
1656
1413
1653
1655
1656
1657
1658
1659
1410
1660
1415
1661
1412
1414
1606
1662
1415
1663
1608
1654
1662
1663
1664
1665
1666
1415
1609
1667
1668
1418
1419
1420
1424
1669
1418
1419
1660
1670
1422
1671
1426
1661
1672
1422
1423
1428
1673
1422
1423
1674
1675
1430
1676
1426
1427
1428
1677
1426
1427
1617
1667
1678
1668
1679
1431
1618
1680
1430
1431
1681
1430
1431
1621
1682
1683
1622
1684
1434
1435
1436
1440
1685
1434
1435
1552
1674
1438
1550
1442
1676
1686
1438
1439
1444
1687
1438
1439
1560
1558
1446
1688
1442
1443
1444
1689
1442
1443
1633
1682
1690
1683
1691
1447
1634
1692
1446
1447
1693
1446
1447
1637
1694
1695
1638
1696
1449
1450
1453
1451
1454
1648
1451
1478
1697
1650
1698
1699
1652
1697
1699
1700
1701
1702
1454
1478
1653
1698
1456
1458
1462
1457
1459
1458
1460
1490
1492
1703
1460
1462
1655
1658
1703
1704
1490
1493
1659
1698
1704
1705
1706
1660
1703
1464
1465
1511
1671
1513
1670
1703
1466
1519
1675
1521
1674
1603
1707
1707
1708
1652
1707
1709
1708
1709
1710
1702
1709
1711
1710
1711
1712
1474
1479
1697
1481
1700
1713
1480
1483
1702
1713
1714
1715
1711
1715
1716
1712
1716
1717
1698
1718
1481
1718
1482
1483
1713
1719
1720
1484
1720
1484
1714
1721
1722
1723
1715
1721
1723
1724
1725
1726
1716
1726
1727
1717
1727
1728
1489
1495
1706
1718
1497
1729
1730
1731
1732
1492
1493
1704
1492
1493
1730
1733
1734
1705
1731
1496
1499
1720
1735
1497
1719
1735
1736
1500
1737
1737
1738
1739
1740
1741
1501
1502
1723
1742
1500
1722
1742
1743
1744
1745
1503
1744
1503
1725
1746
1747
1748
1749
1726
1746
1749
1750
1751
1752
1727
1752
1753
1728
1753
1754
1509
1510
1515
1524
1755
1509
1510
1730
1756
1517
1757
1526
1732
1758
1513
1514
1519
1759
1513
1514
1733
1756
1760
1734
1761
1522
1757
1762
1517
1518
1529
1763
1517
1518
1764
1765
1531
1766
1521
1522
1767
1521
1522
1764
1768
1769
1765
1770
1528
1534
1737
1771
1772
1773
1774
1526
1527
1529
1775
1526
1527
1739
1772
1776
1740
1777
1532
1773
1778
1536
1779
1780
1781
1782
1531
1532
1783
1531
1532
1780
1784
1785
1781
1786
1535
1538
1744
1787
1536
1745
1787
1788
1789
1790
1791
1539
1792
1792
1793
1794
1795
1796
1540
1541
1749
1797
1539
1748
1797
1798
1799
1800
1542
1799
1542
1751
1801
1802
1803
1804
1752
1801
1804
1805
1806
1807
1753
1807
1808
1754
1808
1809
1548
1549
1554
1566
1810
1548
1549
1764
1811
1556
1812
1568
1766
1813
1552
1553
1558
1685
1552
1553
1768
1811
1814
1686
1769
1561
1812
1815
1556
1557
1574
1816
1556
1557
1817
1818
1576
1819
1560
1561
1687
1560
1561
1817
1820
1688
1818
1821
1564
1565
1570
1579
1822
1564
1565
1780
1823
1572
1824
1581
1782
1825
1568
1569
1574
1826
1568
1569
1784
1823
1827
1785
1828
1577
1824
1829
1572
1573
1584
1830
1572
1573
1831
1832
1586
1833
1576
1577
1834
1576
1577
1831
1835
1836
1832
1837
1583
1589
1792
1838
1839
1840
1841
1581
1582
1584
1842
1581
1582
1794
1839
1843
1795
1844
1587
1840
1845
1591
1846
1847
1848
1849
1586
1587
1850
1586
1587
1847
1851
1852
1848
1853
1590
1593
1799
1854
1591
1800
1854
1855
1856
1857
1858
1594
1859
1859
1860
1861
1862
1863
1595
1596
1804
1864
1594
1803
1864
1865
1866
1867
1597
1866
1597
1806
1868
1869
1870
1871
1807
1868
1871
1872
1873
1874
1808
1872
1875
1809
1875
1876
1602
1604
1878
1605
1879
1878
1879
1880
1881
1882
1605
1883
1884
1607
1609
1885
1610
1612
1886
1613
1883
1885
1886
1887
1888
1889
1610
1890
1615
1891
1612
1614
1892
1615
1893
1884
1892
1893
1894
1895
1896
1615
1897
1898
1618
1619
1620
1624
1899
1618
1619
1890
1900
1622
1901
1626
1891
1902
1622
1623
1628
1903
1622
1623
1904
1905
1630
1906
1626
1627
1628
1907
1626
1627
1897
1908
1898
1909
1631
1910
1630
1631
1911
1630
1631
1912
1913
1914
1634
1635
1636
1640
1915
1634
1635
1904
1916
1638
1917
1642
1906
1918
1638
1639
1644
1919
1638
1639
1920
1921
1646
1922
1642
1643
1644
1923
1642
1643
1912
1924
1913
1925
1647
1926
1646
1647
1927
1646
1647
1928
1929
1930
1649
1650
1653
1651
1654
1878
1651
1931
1932
1880
1933
1934
1882
1931
1934
1935
1936
1937
1654
1932
1883
1933
1656
1658
1660
1657
1661
1663
1658
1664
1938
1939
1940
1941
1666
1932
1939
1941
1942
1943
1944
1661
1940
1668
1938
1663
1665
1667
1885
1664
1668
1665
1945
1946
1888
1947
1948
1889
1933
1946
1948
1949
1950
1951
1668
1890
1947
1945
1671
1672
1673
1677
1952
1671
1672
1761
1940
1675
1759
1679
1938
1953
1675
1676
1681
1954
1675
1676
1769
1767
1683
1955
1679
1680
1681
1956
1679
1680
1900
1947
1957
1945
1958
1684
1901
1959
1683
1684
1960
1683
1684
1904
1961
1962
1905
1963
1686
1687
1689
1815
1691
1814
1955
1688
1693
1821
1695
1820
1691
1692
1693
1964
1691
1692
1916
1961
1965
1962
1966
1696
1917
1967
1695
1696
1968
1695
1696
1920
1969
1970
1921
1971
1699
1700
1718
1932
1972
1701
1931
1972
1701
1719
1973
1935
1974
1975
1937
1973
1975
1976
1977
1978
1734
1940
1705
1734
1941
1733
1942
1979
1729
1731
1736
1944
1972
1979
1980
1882
1982
1982
1983
1937
1982
1984
1983
1984
1985
1978
1984
1986
1985
1986
1987
1714
1720
1973
1722
1976
1988
1721
1724
1978
1988
1989
1990
1986
1990
1991
1987
1991
1992
1719
1972
1974
1993
1722
1993
1723
1724
1988
1994
1995
1725
1995
1725
1989
1996
1997
1998
1990
1996
1998
1999
2000
2001
1991
2001
2002
1992
2002
2003
1731
1732
1738
1980
1731
1732
2004
1979
1740
2005
1734
2004
2006
2007
1737
1743
1993
2008
1738
1741
1974
2008
2009
2010
2011
1745
2012
2013
2014
2015
1740
1741
2010
1740
1741
2013
2016
2017
2009
2014
1744
1747
1995
2018
1745
1994
2018
2019
1748
2020
2020
2021
2022
2023
2024
1749
1750
1998
2025
1748
1997
2025
2026
2027
2028
1751
2027
1751
2000
2029
2030
2031
2032
2001
2029
2032
2033
2034
2035
2002
2035
2036
2003
2036
2037
1757
1758
1763
1775
2038
1757
1758
2004
2039
1765
2040
1777
2005
2041
1761
1762
1767
1952
1761
1762
2006
2039
2042
1953
2007
1770
2040
2043
1765
1766
1783
2044
1765
1766
2045
2046
1785
2047
1769
1770
1954
1769
1770
2045
2048
1955
2046
2049
1773
1774
1779
1788
2050
1773
1774
2013
2051
1781
2052
1790
2015
2053
1777
1778
1783
2054
1777
1778
2016
2051
2055
2017
2056
1786
2052
2057
1781
1782
1793
2058
1781
1782
2059
2060
1795
2061
1785
1786
2062
1785
1786
2059
2063
2064
2060
2065
1792
1798
2020
2066
2067
2068
2069
1790
1791
1793
2070
1790
1791
2022
2067
2071
2023
2072
1796
2068
2073
1800
2074
2075
2076
2077
1795
1796
2078
1795
1796
2075
2079
2080
2076
2081
1799
1802
2027
2082
1800
2028
2082
2083
2084
2085
2086
1803
2087
2087
2088
2089
2090
2091
1804
1805
2032
2092
1803
2031
2092
2093
2094
2095
1806
2094
1806
2034
2096
2097
2098
2099
2035
2096
2099
2100
2101
2102
2036
2100
2103
2037
2103
2104
1812
1813
1816
1826
2105
1812
1813
2045
2106
1818
2107
1828
2047
2108
1815
1966
2048
2106
1821
1964
2107
1818
1819
1834
2109
1818
1819
2110
2111
1836
2112
1821
1970
2110
1968
2111
1824
1825
1830
1842
2113
1824
1825
2059
2114
1832
2115
1844
2061
2116
1828
1829
1834
2117
1828
1829
2063
2114
2118
2064
2119
1837
2115
2120
1832
1833
1850
2121
1832
1833
2122
2123
1852
2124
1836
1837
2125
1836
1837
2122
2126
2127
2123
2128
1840
1841
1846
1855
2129
1840
1841
2075
2130
1848
2131
1857
2077
2132
1844
1845
1850
2133
1844
1845
2079
2130
2134
2080
2135
1853
2131
2136
1848
1849
1860
2137
1848
1849
2138
2139
1862
2140
1852
1853
2141
1852
1853
2138
2142
2143
2139
2144
1859
1865
2087
2145
2146
2147
2148
1857
1858
1860
2149
1857
1858
2089
2146
2150
2090
2151
1863
2147
2152
1867
2153
2154
2155
2156
1862
1863
2157
1862
1863
2154
2158
2159
2155
2160
1866
1869
2094
2161
1867
2095
2161
2162
2163
2164
2165
1870
2166
2166
2167
2168
2169
2170
1871
1873
2099
2171
1870
2098
2171
2172
2173
2174
1874
2174
1877
2100
2175
1874
1877
2102
2176
1877
2177
2103
2175
2178
2104
2178
2179
1981
2176
2177
2180
2181
1879
1880
1883
1881
1884
1881
2182
2183
2184
2185
2182
2185
2186
2187
2188
1884
2183
2184
1886
1888
1890
1887
1891
1893
1888
1894
2189
2190
2191
2192
1896
2183
2190
2192
2193
2194
2195
1891
2191
1898
2189
1893
1895
1897
1894
1898
1895
2196
2197
2198
2199
2184
2197
2199
2200
2201
2202
1898
2198
2196
1901
1902
1903
1907
2203
1901
1902
2191
2204
1905
2205
1909
2189
2206
1905
1906
1911
2207
1905
1906
2208
2209
1913
2210
1909
1910
1911
2211
1909
1910
2198
2212
2196
2213
1914
2214
1913
1914
2215
1913
1914
2216
2217
2218
1917
1918
1919
1923
2219
1917
1918
2208
2220
1921
2221
1925
2210
2222
1921
1922
1927
2223
1921
1922
2224
2225
1929
2226
1925
1926
1927
2227
1925
1926
2216
2228
2217
2229
1930
2230
1929
1930
2231
1929
1930
2232
2233
2234
1934
1935
2235
1933
2235
2183
2236
1936
2182
2236
1936
2237
2238
2186
2239
2240
2188
2237
2240
2241
2242
2243
1940
1945
2244
1941
1943
1946
2244
2007
1942
2007
1943
2006
2245
1950
2246
2247
1951
2011
2235
2245
2247
2248
2249
1947
2250
1948
1950
2250
2191
2251
1949
2192
2251
1950
2193
2252
2253
2254
2255
2195
2236
2253
2255
2256
2257
2258
1953
1954
1956
2043
1958
2042
2244
1955
1960
2049
1962
2048
1958
1959
1960
2259
1958
1959
2204
2251
2260
2250
2261
1963
2205
2262
1962
1963
2263
1962
1963
2208
2264
2265
2209
2266
1966
1967
1968
2267
1966
1967
2220
2264
2268
2265
2269
1971
2221
2270
1970
1971
2271
1970
1971
2224
2272
2273
2225
2274
1974
2235
1975
1976
1993
2238
2276
1977
2237
2276
1977
1994
2277
2241
2278
2279
2243
2277
2279
2280
2281
2282
1980
2004
2245
2005
2010
2249
2275
2283
2284
2285
2286
2287
2288
2188
2289
2289
2290
2243
2289
2291
2290
2291
2292
2282
2291
2293
2292
2293
2294
1989
1995
2277
1997
2280
2295
1996
1999
2282
2295
2296
2297
2293
2297
2298
2294
2298
2299
1994
2276
2278
2300
1997
2300
1998
1999
2295
2301
2302
2000
2302
2000
2296
2303
2304
2305
2297
2303
2305
2306
2307
2308
2298
2308
2309
2299
2309
2310
2005
2311
2017
2312
2007
2246
2311
2244
2012
2014
2019
2276
2313
2314
2315
2010
2016
2313
2316
2017
2317
2238
2258
2315
2316
2317
2318
2319
2014
2015
2021
2314
2014
2015
2320
2313
2023
2321
2017
2320
2322
2323
2020
2026
2300
2324
2021
2024
2278
2324
2325
2326
2327
2028
2328
2329
2330
2331
2023
2024
2326
2023
2024
2329
2332
2333
2325
2330
2027
2030
2302
2334
2028
2301
2334
2335
2031
2336
2336
2337
2338
2339
2340
2032
2033
2305
2341
2031
2304
2341
2342
2343
2344
2034
2343
2034
2307
2345
2346
2347
2348
2308
2345
2348
2349
2350
2351
2309
2349
2352
2310
2352
2353
2040
2041
2044
2054
2354
2040
2041
2311
2355
2046
2356
2056
2312
2357
2043
2246
2261
2355
2049
2259
2356
2046
2047
2062
2358
2046
2047
2359
2360
2064
2361
2049
2265
2359
2263
2360
2052
2053
2058
2070
2362
2052
2053
2320
2363
2060
2364
2072
2321
2365
2056
2057
2062
2366
2056
2057
2322
2363
2367
2323
2368
2065
2364
2369
2060
2061
2078
2370
2060
2061
2371
2372
2080
2373
2064
2065
2374
2064
2065
2371
2375
2376
2372
2377
2068
2069
2074
2083
2378
2068
2069
2329
2379
2076
2380
2085
2331
2381
2072
2073
2078
2382
2072
2073
2332
2379
2383
2333
2384
2081
2380
2385
2076
2077
2088
2386
2076
2077
2387
2388
2090
2389
2080
2081
2390
2080
2081
2387
2391
2392
2388
2393
2087
2093
2336
2394
2395
2396
2397
2085
2086
2088
2398
2085
2086
2338
2395
2399
2339
2400
2091
2396
2401
2095
2402
2403
2404
2405
2090
2091
2406
2090
2091
2403
2407
2408
2404
2409
2094
2097
2343
2410
2095
2344
2410
2411
2412
2413
2414
2098
2415
2415
2416
2417
2418
2419
2099
2101
2348
2420
2098
2347
2420
2421
2422
2423
2102
2423
2181
2349
2424
2102
2181
2351
2425
2181
2426
2352
2424
2427
2353
2427
2428
2107
2108
2109
2117
2429
2107
2108
2269
2359
2111
2267
2119
2361
2430
2111
2112
2125
2431
2111
2112
2273
2271
2127
2432
2115
2116
2121
2133
2433
2115
2116
2371
2434
2123
2435
2135
2373
2436
2119
2120
2125
2437
2119
2120
2375
2434
2438
2376
2439
2128
2435
2440
2123
2124
2141
2441
2123
2124
2442
2443
2143
2444
2127
2128
2445
2127
2128
2442
2446
2447
2443
2448
2131
2132
2137
2149
2449
2131
2132
2387
2450
2139
2451
2151
2389
2452
2135
2136
2141
2453
2135
2136
2391
2450
2454
2392
2455
2144
2451
2456
2139
2140
2157
2457
2139
2140
2458
2459
2159
2460
2143
2144
2461
2143
2144
2458
2462
2463
2459
2464
2147
2148
2153
2162
2465
2147
2148
2403
2466
2155
2467
2164
2405
2468
2151
2152
2157
2469
2151
2152
2407
2466
2470
2408
2471
2160
2467
2472
2155
2156
2167
2473
2155
2156
2474
2475
2169
2476
2159
2160
2477
2159
2160
2474
2478
2479
2475
2480
2166
2172
2415
2481
2164
2165
2167
2482
2164
2165
2417
2481
2483
2418
2484
2170
2481
2485
2173
2486
2169
2170
2487
2169
2170
2486
2488
2489
2486
2490
2174
2176
2423
2491
2173
2422
2491
2492
2493
2494
2177
2494
2180
2424
2495
2177
2286
2426
2284
2427
2495
2496
2428
2496
2497
2283
2498
2499
2288
2425
2426
2498
2500
2185
2186
2501
2184
2501
2502
2187
2502
2187
2503
2504
2505
2506
2503
2506
2507
2508
2509
2191
2196
2510
2192
2194
2197
2510
2511
2193
2511
2194
2512
2513
2201
2514
2515
2202
2501
2513
2515
2516
2517
2518
2198
2519
2199
2201
2519
2520
2200
2520
2201
2521
2522
2523
2524
2502
2522
2524
2525
2526
2527
2205
2206
2207
2211
2528
2205
2206
2511
2529
2209
2530
2213
2510
2531
2209
2210
2215
2532
2209
2210
2533
2534
2217
2535
2213
2214
2215
2536
2213
2214
2520
2537
2519
2538
2218
2539
2217
2218
2540
2217
2218
2541
2542
2543
2221
2222
2223
2227
2544
2221
2222
2533
2545
2225
2546
2229
2535
2547
2225
2226
2231
2548
2225
2226
2549
2550
2233
2551
2229
2230
2231
2552
2229
2230
2541
2553
2542
2554
2234
2555
2233
2234
2556
2233
2234
2557
2558
2559
2236
2238
2239
2501
2240
2241
2561
2239
2561
2258
2504
2562
2242
2503
2562
2242
2563
2564
2507
2565
2566
2509
2563
2566
2567
2568
2569
2246
2250
2247
2249
2311
2254
2570
2248
2255
2570
2249
2256
2318
2571
2312
2317
2251
2254
2252
2511
2254
2260
2512
2572
2255
2257
2513
2572
2261
2573
2256
2573
2257
2574
2575
2517
2576
2577
2518
2575
2577
2578
2579
2580
2261
2262
2263
2581
2261
2262
2529
2582
2583
2266
2530
2584
2265
2266
2585
2265
2266
2533
2586
2587
2534
2588
2269
2270
2271
2429
2269
2270
2545
2586
2589
2430
2587
2274
2546
2590
2273
2274
2431
2273
2274
2549
2591
2432
2550
2592
2560
2593
2594
2595
2596
2597
2598
2278
2561
2279
2280
2300
2564
2599
2281
2563
2599
2281
2301
2600
2567
2601
2602
2569
2600
2602
2603
2604
2605
2593
2606
2607
2285
2286
2494
2287
2594
2608
2287
2491
2609
2596
2610
2611
2598
2606
2609
2610
2612
2613
2614
2509
2615
2615
2616
2569
2615
2617
2616
2617
2618
2605
2617
2619
2618
2619
2620
2296
2302
2600
2304
2603
2621
2303
2306
2605
2621
2622
2623
2619
2623
2624
2620
2624
2625
2301
2599
2601
2626
2304
2626
2305
2306
2621
2627
2628
2307
2628
2307
2622
2629
2630
2631
2623
2629
2631
2632
2633
2634
2624
2632
2635
2625
2635
2636
2312
2570
2323
2571
2314
2320
2637
2321
2326
2638
2327
2561
2580
2637
2638
2639
2640
2317
2319
2322
2637
2318
2323
2319
2575
2641
2579
2640
2642
2321
2643
2333
2644
2323
2642
2643
2641
2328
2330
2335
2599
2645
2646
2647
2326
2332
2645
2648
2333
2649
2564
2647
2648
2649
2650
2651
2652
2330
2331
2337
2646
2330
2331
2653
2645
2339
2654
2333
2653
2655
2656
2336
2342
2626
2657
2337
2340
2601
2657
2658
2659
2660
2344
2661
2662
2663
2664
2339
2340
2659
2339
2340
2662
2665
2666
2658
2663
2343
2346
2628
2667
2344
2627
2667
2668
2347
2669
2669
2670
2671
2672
2673
2348
2350
2631
2674
2347
2630
2674
2675
2676
2677
2351
2677
2500
2632
2678
2351
2500
2634
2679
2500
2680
2635
2678
2681
2636
2681
2682
2356
2357
2358
2366
2683
2356
2357
2570
2583
2360
2581
2368
2571
2684
2360
2361
2374
2685
2360
2361
2587
2585
2376
2686
2364
2365
2370
2382
2687
2364
2365
2643
2688
2372
2689
2384
2644
2690
2368
2369
2374
2691
2368
2369
2642
2688
2692
2641
2693
2377
2689
2694
2372
2373
2390
2695
2372
2373
2696
2697
2392
2698
2376
2377
2699
2376
2377
2696
2700
2701
2697
2702
2380
2381
2386
2398
2703
2380
2381
2653
2704
2388
2705
2400
2654
2706
2384
2385
2390
2707
2384
2385
2655
2704
2708
2656
2709
2393
2705
2710
2388
2389
2406
2711
2388
2389
2712
2713
2408
2714
2392
2393
2715
2392
2393
2712
2716
2717
2713
2718
2396
2397
2402
2411
2719
2396
2397
2662
2720
2404
2721
2413
2664
2722
2400
2401
2406
2723
2400
2401
2665
2720
2724
2666
2725
2409
2721
2726
2404
2405
2416
2727
2404
2405
2728
2729
2418
2730
2408
2409
2731
2408
2409
2728
2732
2733
2729
2734
2415
2421
2669
2735
2413
2414
2416
2736
2413
2414
2671
2735
2737
2672
2738
2419
2735
2739
2422
2740
2418
2419
2741
2418
2419
2740
2742
2743
2740
2744
2423
2425
2677
2745
2422
2676
2745
2746
2747
2748
2426
2748
2498
2678
2749
2426
2612
2680
2609
2681
2749
2750
2682
2750
2751
2430
2431
2437
2590
2439
2589
2686
2432
2445
2592
2447
2591
2435
2436
2441
2453
2752
2435
2436
2696
2753
2443
2754
2455
2698
2755
2439
2440
2445
2756
2439
2440
2700
2753
2757
2701
2758
2448
2754
2759
2443
2444
2461
2760
2443
2444
2761
2762
2463
2763
2447
2448
2764
2447
2448
2761
2765
2766
2762
2767
2451
2452
2457
2469
2768
2451
2452
2712
2769
2459
2770
2471
2714
2771
2455
2456
2461
2772
2455
2456
2716
2769
2773
2717
2774
2464
2770
2775
2459
2460
2477
2776
2459
2460
2777
2778
2479
2779
2463
2464
2780
2463
2464
2777
2781
2782
2778
2783
2467
2468
2473
2482
2784
2467
2468
2728
2785
2475
2786
2484
2730
2787
2471
2472
2477
2788
2471
2472
2732
2785
2789
2733
2790
2480
2786
2791
2475
2476
2487
2792
2475
2476
2793
2794
2489
2795
2479
2480
2796
2479
2480
2793
2797
2798
2794
2799
2483
2485
2486
2492
2740
2800
2484
2485
2487
2801
2484
2485
2742
2802
2743
2803
2490
2804
2488
2490
2493
2805
2489
2490
2806
2489
2490
2807
2808
2809
2494
2611
2748
2493
2611
2747
2810
2608
2811
2608
2499
2749
2812
2750
2812
2813
2751
2813
2814
2606
2815
2816
2607
2816
2817
2614
2679
2680
2815
2818
2502
2504
2505
2506
2507
2819
2505
2518
2819
2527
2820
2508
2820
2508
2821
2822
2823
2824
2821
2824
2825
2826
2827
2511
2514
2519
2512
2514
2529
2828
2515
2517
2828
2523
2531
2829
2516
2524
2829
2517
2525
2830
2831
2832
2833
2527
2831
2833
2834
2835
2836
2520
2523
2521
2523
2537
2837
2524
2526
2837
2538
2838
2525
2838
2526
2839
2840
2841
2842
2840
2842
2843
2844
2845
2530
2531
2532
2536
2846
2530
2531
2847
2534
2848
2538
2849
2534
2535
2540
2850
2534
2535
2851
2852
2542
2853
2538
2539
2540
2854
2538
2539
2855
2856
2543
2857
2542
2543
2858
2542
2543
2859
2860
2861
2546
2547
2548
2552
2862
2546
2547
2851
2863
2550
2864
2554
2853
2865
2550
2551
2556
2866
2550
2551
2867
2868
2558
2869
2554
2555
2556
2870
2554
2555
2859
2871
2860
2872
2559
2873
2558
2559
2874
2558
2559
2875
2876
2877
2878
2879
2880
2881
2882
2883
2562
2564
2565
2580
2819
2566
2567
2884
2565
2884
2652
2822
2885
2568
2821
2885
2568
2886
2887
2825
2888
2889
2827
2886
2889
2890
2891
2892
2571
2573
2574
2641
2573
2576
2582
2828
2574
2583
2576
2684
2893
2577
2579
2893
2832
2894
2895
2578
2833
2894
2579
2834
2896
2897
2898
2899
2652
2836
2897
2899
2900
2901
2583
2584
2585
2683
2583
2584
2847
2895
2684
2588
2848
2902
2587
2588
2685
2587
2588
2851
2903
2686
2852
2904
2590
2758
2863
2903
2592
2756
2864
2592
2766
2867
2764
2868
2878
2907
2908
2595
2596
2909
2597
2879
2910
2597
2911
2912
2881
2913
2914
2883
2907
2912
2913
2915
2916
2917
2601
2884
2602
2603
2626
2887
2918
2604
2886
2918
2604
2627
2919
2890
2920
2921
2892
2919
2921
2922
2923
2924
2907
2925
2926
2908
2926
2927
2611
2909
2610
2612
2748
2613
2912
2928
2911
2928
2613
2745
2929
2915
2930
2931
2917
2925
2929
2930
2932
2933
2934
2827
2935
2935
2936
2892
2935
2937
2936
2937
2938
2924
2937
2939
2938
2939
2940
2622
2628
2919
2630
2922
2941
2629
2633
2924
2941
2942
2943
2939
2942
2944
2940
2944
2945
2627
2918
2920
2946
2630
2946
2631
2633
2941
2947
2948
2634
2948
2818
2942
2949
2634
2818
2943
2818
2950
2944
2949
2951
2945
2951
2952
2638
2640
2643
2639
2644
2649
2640
2650
2900
2953
2899
2954
2642
2893
2898
2954
2644
2954
2656
2953
2646
2653
2955
2654
2659
2956
2660
2884
2955
2956
2957
2958
2959
2649
2651
2655
2955
2650
2656
2651
2960
2961
2958
2962
2963
2959
2961
2963
2964
2965
2966
2654
2967
2666
2968
2656
2962
2967
2960
2661
2663
2668
2918
2969
2970
2971
2659
2665
2969
2972
2666
2973
2887
2971
2972
2973
2974
2975
2976
2663
2664
2670
2970
2663
2664
2977
2969
2672
2978
2666
2977
2979
2980
2669
2675
2946
2981
2670
2673
2920
2981
2982
2983
2984
2676
2985
2672
2673
2983
2672
2673
2985
2986
2987
2982
2985
2677
2679
2948
2988
2676
2947
2988
2989
2990
2991
2680
2991
2815
2949
2992
2680
2932
2950
2929
2951
2992
2993
2952
2993
2994
2684
2685
2691
2902
2693
2895
2686
2699
2904
2701
2903
2689
2690
2695
2707
2995
2689
2690
2954
2996
2697
2997
2709
2953
2998
2693
2694
2699
2999
2693
2694
2898
2996
3000
2893
3001
2702
2997
3002
2697
2698
2715
3003
2697
2698
3004
3005
2717
3006
2701
2702
3007
2701
2702
3004
3008
3009
3005
3010
2705
2706
2711
2723
3011
2705
2706
2967
3012
2713
3013
2725
2968
3014
2709
2710
2715
3015
2709
2710
2962
3012
3016
2960
3017
2718
3013
3018
2713
2714
2731
3019
2713
2714
3020
3021
2733
3022
2717
2718
3023
2717
2718
3020
3024
3025
3021
3026
2721
2722
2727
2736
3027
2721
2722
2977
3028
2729
3029
2738
2978
3030
2725
2726
2731
3031
2725
2726
2979
3028
3032
2980
3033
2734
3029
3034
2729
2730
2741
3035
2729
2730
3036
3037
2743
3038
2733
2734
3039
2733
2734
3036
3040
3041
3037
3042
2737
2739
2740
2746
2985
3043
2738
2739
2741
3044
2738
2739
2986
3045
2987
3046
2744
3047
2742
2744
2747
3048
2743
2744
3049
2743
2744
3050
3051
3052
2748
2931
2991
2747
2931
2990
3053
2928
3054
2928
2816
2992
3055
2993
3055
3056
2994
3056
3057
2754
2755
2760
2772
3058
2754
2755
3004
3059
2762
3060
2774
3006
3061
2758
2759
2764
3062
2758
2759
3008
3059
3063
3009
3064
2767
3060
3065
2762
2763
2780
3066
2762
2763
3067
3068
2782
3069
2766
2767
3070
2766
2767
3067
3071
3072
3068
3073
2770
2771
2776
2788
3074
2770
2771
3020
3075
2778
3076
2790
3022
3077
2774
2775
2780
3078
2774
2775
3024
3075
3079
3025
3080
2783
3076
3081
2778
2779
2796
3082
2778
2779
3083
3084
2798
3085
2782
2783
3086
2782
2783
3083
3087
3088
3084
3089
2786
2787
2792
2801
3090
2786
2787
3036
3091
2794
3092
2803
3038
3093
2790
2791
2796
3094
2790
2791
3040
3091
3095
3041
3096
2799
3092
3097
2794
2795
2806
3098
2794
2795
3099
3100
2808
3101
2798
2799
3102
2798
2799
3099
3103
3104
3100
3105
2802
2804
2805
2810
3048
3106
3107
3108
2803
2804
2806
3109
2803
2804
3050
3106
3051
3110
2809
3107
2807
2809
2811
2905
3111
3112
2808
2809
3113
2808
2809
3111
3114
3112
2811
2911
3054
3115
2906
2909
2817
3055
3116
3056
3116
3117
3057
3117
3118
2925
3119
3120
2926
3120
3121
2927
3121
3122
2934
2942
2943
2950
3119
2820
2822
2836
2823
2845
2824
2825
3123
2823
2966
3123
3124
3125
2826
3124
2826
3126
3127
3128
3129
3126
3129
3130
3131
3132
2829
2832
2847
2830
2838
2849
2832
2839
3133
3134
2833
2835
2840
3134
3135
3136
2834
3136
2835
3137
3138
2844
3139
3140
2845
2966
3138
3140
3141
3142
2838
2841
2855
2839
2856
2841
3143
3144
2842
2844
3143
3145
3146
2843
3145
2844
3147
3148
3149
3150
3125
3148
3150
3151
3152
2848
2849
2850
2854
3153
2848
2849
3135
2852
3154
2856
3133
2852
2853
2858
3155
2852
2853
3156
3157
2860
3158
2856
2857
2858
3159
2856
2857
3146
3144
2861
3160
2860
2861
3161
2860
2861
3162
3163
3164
2864
2865
2866
2870
3165
2864
2865
3064
3156
2868
3062
2872
3158
3166
2868
2869
2874
3167
2868
2869
3072
3070
2876
3168
2872
2873
2874
3169
2872
2873
3162
3170
3163
3171
2877
3172
2876
2877
3173
2876
2877
3174
3175
3176
3181
3182
2880
2881
3183
2882
3184
2882
3185
3186
3187
3188
3181
3186
3187
3189
3190
3191
2885
2887
2888
2959
3123
2889
2890
3192
2888
3192
2976
3127
3193
2891
3126
3193
2891
3194
3195
3130
3196
3197
3132
3194
3197
3198
3199
3200
2894
2898
2896
3001
3136
2902
3001
3135
2898
3000
3137
3201
2899
2901
3138
3201
3202
2900
3202
2901
2961
3203
2965
3142
3204
2904
2999
3154
2904
3009
3156
3007
3157
2906
3108
3177
3205
3206
3207
3208
2910
3115
3179
3181
3209
3210
3182
3210
3211
2910
2911
2914
3183
2914
3212
2913
2915
3212
2916
3186
3213
3115
3185
3213
2916
3214
3215
3189
3216
3217
3191
3209
3215
3216
3218
3219
3220
2920
3192
2921
2922
2946
3195
3221
2923
3194
3221
2923
2947
3222
3198
3223
3224
3200
3222
3224
3225
3226
3227
3209
3228
3229
3210
3229
3230
3211
3230
3231
2931
3212
2930
2932
2991
2933
3215
3232
3214
3232
2933
2988
3233
3218
3234
3235
3220
3225
3226
3227
3228
3233
3234
3132
3236
3236
3237
3200
3236
3238
3237
3238
3239
3225
3238
3240
3239
3240
3241
2943
2948
3222
3225
3242
2950
3226
3240
3242
3243
3241
3243
3244
2947
3221
3223
3245
2950
3245
3119
3242
3246
3233
3243
3246
3247
3244
3247
3248
2954
2960
3203
3202
2956
2958
2967
2957
2968
2973
2958
2974
3249
3250
3251
3252
2976
3250
3252
3253
3254
3255
2962
3256
2963
2965
3256
3251
3257
2964
3252
3257
2965
3253
3258
3259
3260
3261
3125
3255
3259
3261
3262
3263
2968
3251
2980
3249
2970
2977
3264
2978
2983
3265
2984
3192
3264
3265
3266
3267
3268
2973
2975
2979
3264
2974
2980
2975
3269
3270
3267
3271
3272
3268
3270
3272
3273
3274
3275
2978
3276
2987
3277
2980
3271
3276
3269
2985
2989
3221
3278
2983
2985
2986
3279
2987
3280
3195
3278
3279
3280
3281
3282
3283
2986
2990
3284
2987
3285
3286
2991
3235
3245
2990
3223
3235
3287
3232
3288
3232
3120
3246
3289
3247
3289
3290
3248
3290
3291
2997
2998
3003
3015
3292
2997
2998
3202
3293
3005
3294
3017
3203
3295
3001
3002
3007
3296
3001
3002
3293
3297
3298
3010
3294
3299
3005
3006
3023
3300
3005
3006
3301
3302
3025
3303
3009
3010
3304
3009
3010
3301
3305
3306
3302
3307
3013
3014
3019
3031
3308
3013
3014
3251
3309
3021
3310
3033
3249
3311
3017
3018
3023
3312
3017
3018
3257
3309
3313
3256
3314
3026
3310
3315
3021
3022
3039
3316
3021
3022
3317
3318
3041
3319
3025
3026
3320
3025
3026
3317
3321
3322
3318
3323
3029
3030
3035
3044
3324
3029
3030
3276
3325
3037
3326
3046
3277
3327
3033
3034
3039
3328
3033
3034
3271
3325
3329
3269
3330
3042
3326
3331
3037
3038
3049
3332
3037
3038
3333
3334
3051
3335
3041
3042
3336
3041
3042
3333
3337
3338
3334
3339
3045
3047
3048
3053
3284
3340
3341
3342
3046
3047
3049
3343
3046
3047
3285
3340
3286
3344
3052
3341
3050
3052
3054
3345
3346
3347
3051
3052
3348
3051
3052
3345
3349
3346
3054
3214
3288
3350
3212
3351
3121
3289
3352
3290
3352
3353
3291
3353
3354
3060
3061
3066
3078
3355
3060
3061
3301
3356
3068
3357
3080
3303
3358
3064
3065
3070
3165
3064
3065
3305
3356
3359
3166
3306
3073
3357
3360
3068
3069
3086
3361
3068
3069
3362
3363
3088
3364
3072
3073
3167
3072
3073
3362
3365
3168
3363
3366
3076
3077
3082
3094
3367
3076
3077
3317
3368
3084
3369
3096
3319
3370
3080
3081
3086
3371
3080
3081
3321
3368
3372
3322
3373
3089
3369
3374
3084
3085
3102
3375
3084
3085
3376
3377
3104
3378
3088
3089
3379
3088
3089
3376
3380
3381
3377
3382
3092
3093
3098
3109
3383
3092
3093
3333
3384
3100
3385
3110
3335
3386
3096
3097
3102
3387
3096
3097
3337
3384
3388
3338
3389
3105
3385
3390
3100
3101
3113
3391
3100
3101
3392
3393
3114
3394
3104
3105
3395
3104
3105
3392
3396
3397
3393
3398
3107
3110
3345
3399
3109
3112
3400
3115
3347
3399
3400
3401
3402
3403
3110
3113
3404
3349
3405
3112
3114
3206
3113
3208
3114
3406
3407
3351
3408
3122
3352
3409
3353
3409
3410
3354
3410
3411
3228
3242
3412
3229
3412
3413
3230
3413
3414
3231
3414
3415
3124
3127
3255
3128
3416
3416
3417
3418
3419
3420
3129
3130
3421
3128
3275
3421
3422
3423
3131
3422
3131
3424
3425
3426
3427
3424
3427
3428
3429
3430
3135
3144
3153
3431
3136
3139
3143
3431
3154
3298
3137
3298
3139
3297
3432
3140
3142
3432
3149
3433
3434
3141
3150
3434
3142
3151
3262
3435
3261
3436
3145
3149
3437
3146
3159
3437
3147
3438
3160
3438
3149
3439
3440
3150
3152
3440
3441
3442
3151
3442
3152
3417
3443
3419
3444
3154
3155
3159
3445
3157
3296
3157
3158
3161
3446
3157
3158
3306
3304
3163
3447
3160
3161
3448
3164
3449
3163
3164
3450
3163
3164
3451
3452
3453
3166
3167
3169
3360
3171
3359
3447
3168
3173
3366
3175
3365
3171
3172
3173
3454
3171
3172
3451
3455
3452
3456
3176
3457
3175
3176
3458
3175
3176
3459
3460
3461
3178
3179
3403
3462
3463
3464
3465
3180
3466
3467
3468
3469
3470
3180
3183
3408
3184
3471
3472
3473
3473
3474
3184
3185
3188
3188
3408
3475
3187
3189
3475
3190
3476
3471
3476
3190
3477
3478
3479
3480
3472
3478
3479
3481
3482
3483
3193
3195
3196
3268
3421
3197
3198
3484
3196
3484
3283
3425
3485
3199
3424
3485
3199
3486
3487
3428
3488
3489
3430
3486
3489
3490
3491
3492
3202
3204
3293
3432
3203
3204
3256
3260
3295
3436
3206
3207
3462
3493
3208
3407
3208
3402
3464
3494
3400
3406
3472
3495
3496
3473
3496
3497
3474
3497
3498
3213
3214
3217
3351
3475
3217
3499
3216
3218
3499
3219
3478
3500
3350
3477
3500
3219
3501
3502
3481
3503
3504
3483
3490
3491
3492
3495
3502
3503
3223
3484
3224
3226
3245
3487
3505
3227
3486
3505
3490
3506
3227
3233
3234
3491
3495
3506
3507
3496
3507
3508
3497
3508
3509
3498
3509
3510
3235
3499
3234
3245
3502
3505
3501
3505
3430
3511
3511
3512
3490
3511
3513
3512
3513
3514
3506
3513
3515
3514
3515
3516
3506
3517
3515
3517
3518
3516
3518
3519
3505
3412
3517
3520
3518
3520
3521
3519
3521
3522
3251
3269
3523
3252
3254
3270
3523
3524
3253
3524
3254
3525
3526
3274
3527
3528
3275
3416
3526
3528
3529
3530
3257
3260
3258
3524
3260
3313
3525
3531
3261
3263
3526
3531
3314
3532
3262
3532
3263
3417
3533
3420
3530
3534
3265
3267
3276
3266
3277
3280
3267
3281
3535
3536
3537
3538
3283
3536
3538
3539
3540
3541
3271
3542
3272
3274
3542
3537
3543
3273
3538
3543
3274
3539
3544
3545
3546
3547
3423
3541
3545
3547
3548
3549
3277
3537
3286
3535
3284
3287
3484
3550
3280
3282
3284
3285
3281
3286
3282
3551
3552
3284
3553
3554
3550
3552
3554
3555
3556
3557
3285
3288
3553
3558
3286
3553
3551
3288
3487
3501
3559
3499
3560
3413
3520
3561
3521
3561
3562
3522
3562
3563
3294
3295
3300
3312
3564
3294
3295
3565
3302
3566
3314
3567
3298
3299
3304
3445
3298
3299
3433
3565
3431
3307
3566
3568
3302
3303
3320
3569
3302
3303
3570
3571
3322
3572
3306
3307
3446
3306
3307
3570
3573
3447
3571
3574
3310
3311
3316
3328
3575
3310
3311
3524
3576
3318
3577
3330
3523
3578
3314
3315
3320
3579
3314
3315
3576
3580
3581
3323
3577
3582
3318
3319
3336
3583
3318
3319
3584
3585
3338
3586
3322
3323
3587
3322
3323
3584
3588
3589
3585
3590
3326
3327
3332
3343
3591
3326
3327
3537
3592
3334
3593
3344
3535
3594
3330
3331
3336
3595
3330
3331
3543
3592
3596
3542
3597
3339
3593
3598
3334
3335
3348
3599
3334
3335
3600
3601
3349
3602
3338
3339
3603
3338
3339
3600
3604
3605
3601
3606
3341
3344
3553
3607
3343
3346
3608
3347
3350
3558
3607
3608
3609
3610
3611
3344
3348
3612
3551
3613
3346
3349
3614
3348
3615
3351
3614
3615
3616
3617
3618
3349
3619
3620
3351
3560
3621
3622
3414
3561
3623
3562
3623
3624
3563
3624
3625
3357
3358
3361
3371
3626
3357
3358
3570
3627
3363
3628
3373
3572
3629
3360
3456
3573
3627
3366
3454
3628
3363
3364
3379
3630
3363
3364
3631
3632
3381
3633
3366
3460
3631
3458
3632
3369
3370
3375
3387
3634
3369
3370
3584
3635
3377
3636
3389
3586
3637
3373
3374
3379
3638
3373
3374
3588
3635
3639
3589
3640
3382
3636
3641
3377
3378
3395
3642
3377
3378
3643
3644
3397
3645
3381
3382
3646
3381
3382
3643
3647
3648
3644
3649
3385
3386
3391
3404
3650
3385
3386
3600
3651
3393
3652
3405
3602
3653
3389
3390
3395
3654
3389
3390
3604
3651
3655
3605
3656
3398
3652
3657
3393
3394
3406
3658
3393
3394
3659
3660
3407
3661
3397
3398
3662
3397
3398
3659
3663
3664
3660
3665
3400
3401
3405
3614
3402
3404
3402
3616
3666
3667
3668
3669
3408
3470
3618
3666
3669
3670
3671
3405
3406
3668
3620
3667
3407
3494
3493
3471
3622
3415
3623
3672
3624
3672
3673
3625
3673
3674
3507
3517
3675
3508
3675
3676
3509
3676
3677
3510
3677
3678
3423
3679
3680
3681
3682
3419
3420
3683
3419
3420
3680
3684
3685
3681
3686
3422
3425
3541
3426
3687
3687
3688
3689
3690
3691
3427
3428
3692
3426
3557
3692
3693
3694
3429
3693
3429
3695
3696
3697
3698
3695
3698
3699
3700
3701
3433
3437
3445
3434
3436
3565
3441
3568
3702
3435
3442
3702
3436
3443
3533
3703
3532
3567
3438
3441
3448
3439
3449
3441
3704
3705
3442
3444
3704
3706
3707
3443
3707
3444
3683
3708
3685
3709
3446
3448
3568
3447
3450
3574
3452
3573
3449
3450
3706
3453
3705
3452
3453
3710
3452
3453
3711
3712
3713
3456
3457
3458
3714
3456
3457
3711
3715
3712
3716
3461
3717
3460
3461
3718
3460
3461
3719
3720
3721
3463
3464
3728
3465
3467
3729
3465
3669
3730
3469
3671
3731
3467
3468
3732
3469
3733
3469
3734
3735
3736
3737
3471
3734
3736
3738
3739
3740
3741
3742
3743
3743
3744
3744
3745
3476
3477
3622
3480
3741
3480
3621
3746
3479
3481
3746
3482
3747
3747
3748
3482
3749
3750
3751
3752
3699
3700
3701
3742
3750
3751
3485
3487
3488
3550
3692
3489
3491
3753
3488
3753
3559
3696
3754
3492
3695
3754
3699
3755
3492
3502
3503
3700
3494
3661
3728
3658
3668
3730
3742
3755
3756
3743
3756
3757
3744
3757
3758
3745
3758
3759
3500
3501
3504
3560
3746
3504
3753
3503
3753
3750
3754
3559
3749
3754
3753
3755
3760
3756
3760
3761
3757
3761
3762
3758
3762
3763
3759
3763
3764
3699
3765
3765
3766
3755
3765
3767
3766
3767
3768
3760
3767
3769
3768
3769
3770
3760
3771
3769
3771
3772
3770
3772
3773
3675
3771
3774
3772
3774
3775
3773
3775
3776
3524
3527
3542
3525
3527
3576
3777
3528
3530
3777
3546
3578
3778
3529
3547
3778
3530
3548
3679
3779
3681
3780
3532
3534
3580
3777
3533
3581
3534
3683
3781
3686
3780
3782
3537
3551
3783
3538
3540
3552
3783
3784
3539
3784
3540
3785
3786
3556
3787
3788
3557
3687
3786
3788
3789
3790
3543
3546
3544
3784
3546
3596
3785
3791
3547
3549
3786
3791
3597
3792
3548
3792
3549
3688
3793
3691
3790
3794
3558
3559
3795
3553
3796
3554
3556
3796
3797
3555
3558
3797
3556
3558
3798
3799
3800
3801
3694
3795
3799
3801
3802
3803
3560
3797
3798
3804
3560
3805
3806
3676
3774
3807
3775
3807
3808
3776
3808
3809
3566
3567
3569
3579
3810
3566
3567
3702
3571
3811
3581
3703
3574
3706
3811
3571
3572
3587
3812
3571
3572
3813
3814
3589
3815
3574
3712
3813
3710
3814
3577
3578
3583
3595
3816
3577
3578
3817
3585
3818
3597
3819
3581
3582
3587
3820
3581
3582
3782
3817
3781
3590
3818
3821
3585
3586
3603
3822
3585
3586
3823
3824
3605
3825
3589
3590
3826
3589
3590
3823
3827
3828
3824
3829
3593
3594
3599
3612
3830
3593
3594
3784
3831
3601
3832
3613
3783
3833
3597
3598
3603
3834
3597
3598
3831
3835
3836
3606
3832
3837
3601
3602
3619
3838
3601
3602
3839
3840
3620
3841
3605
3606
3842
3605
3606
3839
3843
3844
3840
3845
3608
3609
3613
3797
3610
3612
3615
3610
3798
3846
3847
3617
3848
3849
3618
3621
3804
3846
3849
3850
3851
3852
3613
3619
3848
3796
3847
3615
3616
3620
3617
3619
3617
3853
3854
3855
3856
3622
3740
3853
3856
3857
3858
3620
3855
3854
3622
3748
3806
3741
3677
3807
3859
3808
3859
3860
3809
3860
3861
3628
3629
3630
3638
3862
3628
3629
3716
3813
3632
3714
3640
3815
3863
3632
3633
3646
3864
3632
3633
3720
3718
3648
3722
3636
3637
3642
3654
3865
3636
3637
3823
3866
3644
3867
3656
3825
3868
3640
3641
3646
3869
3640
3641
3827
3866
3870
3828
3871
3649
3867
3872
3644
3645
3662
3873
3644
3645
3874
3875
3664
3876
3648
3649
3877
3648
3649
3727
3874
3724
3875
3878
3652
3653
3658
3668
3879
3652
3653
3839
3880
3660
3881
3667
3841
3882
3656
3657
3662
3883
3656
3657
3843
3880
3884
3844
3885
3665
3881
3886
3660
3661
3887
3660
3661
3888
3889
3890
3664
3665
3891
3664
3665
3888
3892
3893
3889
3894
3669
3670
3853
3895
3668
3854
3895
3896
3671
3896
3671
3739
3857
3897
3736
3898
3678
3859
3899
3860
3899
3900
3861
3900
3901
3761
3771
3902
3762
3902
3903
3763
3903
3904
3764
3904
3905
3681
3682
3688
3906
3681
3682
3907
3908
3690
3909
3685
3686
3910
3685
3686
3907
3911
3912
3908
3913
3694
3914
3915
3916
3917
3690
3691
3918
3690
3691
3915
3919
3920
3916
3921
3693
3696
3795
3697
3922
3922
3923
3924
3925
3926
3698
3700
3927
3697
3805
3927
3928
3929
3701
3929
3930
3701
3750
3751
3703
3707
3811
3708
3781
3810
3707
3709
3931
3706
3713
3931
3710
3932
3708
3932
3709
3910
3933
3912
3934
3712
3713
3935
3712
3713
3936
3937
3938
3716
3717
3718
3862
3716
3717
3936
3939
3863
3937
3721
3940
3720
3721
3864
3720
3721
3723
3722
3941
3723
3724
3864
3726
3941
3726
3727
3877
3726
3727
3943
3946
3947
3878
3944
3729
3730
3890
3731
3733
3952
3731
3887
3896
3737
3898
3953
3733
3735
3954
3737
3955
3736
3738
3956
3737
3956
3957
3739
3958
3958
3959
3739
3960
3961
3962
3963
3741
3852
3960
3962
3964
3965
3748
3930
3966
3966
3967
3967
3968
3968
3969
3747
3749
3806
3752
3970
3852
3970
3752
3805
3927
3751
3927
3929
3928
3929
3754
3927
3930
3971
3966
3971
3972
3967
3972
3973
3968
3973
3974
3969
3974
3975
3971
3976
3972
3976
3977
3973
3977
3978
3974
3978
3979
3975
3979
3980
3930
3981
3981
3982
3971
3981
3983
3982
3983
3984
3976
3983
3985
3984
3985
3986
3976
3987
3985
3987
3988
3986
3988
3989
3902
3987
3990
3988
3990
3991
3989
3991
3992
3778
3780
3817
3779
3792
3819
3780
3793
3906
3993
3908
3994
3782
3820
3910
3821
3913
3994
3784
3787
3796
3785
3787
3831
3995
3788
3790
3995
3800
3833
3996
3789
3801
3996
3790
3802
3914
3997
3916
3998
3792
3794
3835
3995
3793
3836
3794
3918
3999
3921
3998
4000
3804
3805
3922
3797
3800
3798
3800
4001
3801
3803
3804
4001
3847
4002
3802
4002
3803
3923
4003
3804
3926
4004
3806
4001
4004
4005
3806
3928
3970
3903
3990
4006
3991
4006
4007
3992
4007
4008
3811
3812
3820
3933
3814
3932
3814
3815
3826
4009
3814
3815
3937
3935
3828
4010
3818
3819
3822
3834
4011
3818
3819
3994
3824
4012
3836
3993
3821
3826
4013
3829
4012
4014
3824
3825
3842
4015
3824
3825
4016
4017
3844
4018
3828
3829
4019
3828
3829
4016
4020
4021
4017
4022
3832
3833
3838
3848
4023
3832
3833
4024
3840
4025
3847
4026
3836
3837
3842
4027
3836
3837
4000
4024
3999
3845
4025
4028
3840
3841
3855
4029
3840
3841
4030
4031
3854
4032
3844
3845
4033
3844
3845
4030
4034
4035
4031
4036
3849
3850
4001
4037
3848
4037
3855
4038
3851
3856
4038
3851
4004
4039
4040
3858
4041
4042
4005
4040
4042
4043
4044
3856
3857
4045
3855
4045
4046
3858
4046
3858
3962
4047
3965
4048
3904
4006
4049
4007
4049
4050
4008
4050
4051
3863
3864
3869
3940
3871
3939
4010
3877
3941
3867
3868
3873
3883
4052
3867
3868
4016
4053
3875
4054
3885
4018
4055
3871
3872
3877
4056
3871
3872
4020
4053
4057
4021
4058
3878
4054
4059
3875
3876
3891
4060
3875
3876
3944
4061
3893
3942
3878
3947
3946
4061
3881
3882
3887
3896
4062
3881
3882
4030
4063
3889
4064
3895
4032
4065
3885
3886
3891
4066
3885
3886
4034
4063
4067
4035
4068
3894
4064
4069
3889
3890
3953
3889
3890
4070
4071
3952
3893
3894
4072
3893
3894
3951
4070
3948
4071
4073
3896
3897
4045
3898
3898
3963
4047
4065
3958
4062
3905
4049
4074
4050
4074
4075
4051
4075
4076
3977
3987
4077
3978
4077
4078
3979
4078
4079
3980
4079
4080
3908
3909
3918
4081
3908
3909
4082
4083
3920
4084
3912
3913
4013
3912
3913
4082
4085
4086
4014
4083
3916
3917
3923
4087
3916
3917
4088
4089
3925
4090
3920
3921
4091
3920
3921
4088
4092
4093
4089
4094
3928
4005
3925
3926
4095
3925
3926
4005
4096
4097
4005
4098
3929
3970
4099
3932
3934
3938
3933
3935
3934
4009
4013
4086
4100
3937
3938
4009
3937
3938
4101
4010
4100
3940
4058
4101
3941
4056
3947
3944
3945
3948
4060
3944
3945
4102
4061
3950
4103
3947
4059
4102
4056
3950
3951
4072
3950
3951
4104
4106
4107
4073
4105
3953
3955
4070
3959
4062
4071
3955
3957
4104
3959
4105
3958
3961
4108
3959
4108
4109
3963
4110
4110
4111
3962
3964
4112
3963
4112
4113
3965
4114
4114
4115
3965
4044
4116
4042
4117
4099
4118
4118
4119
4119
4120
4120
4121
4005
4099
4122
4118
4122
4123
4119
4123
4124
4120
4124
4125
4121
4125
4126
4122
4127
4123
4127
4128
4124
4128
4129
4125
4129
4130
4126
4130
4131
4099
4132
4132
4133
4122
4132
4134
4133
4134
4135
4127
4134
4136
4135
4136
4137
4127
4138
4136
4138
4139
4137
4139
4140
4077
4138
4141
4139
4141
4142
4140
4142
4143
3994
3999
4011
4081
4012
4083
3996
3998
4024
3997
4002
4026
3998
4003
4087
4144
4089
4145
4000
4027
4091
4028
4094
4145
4002
4004
4003
4037
4004
4039
4095
4098
4096
4098
4078
4141
4146
4142
4146
4147
4143
4147
4148
4010
4019
4100
4021
4101
4012
4015
4027
4149
4017
4150
4014
4019
4086
4022
4085
4150
4017
4018
4033
4151
4017
4018
4152
4153
4035
4154
4021
4022
4155
4021
4022
4152
4156
4157
4153
4158
4025
4026
4029
4038
4159
4025
4026
4145
4031
4160
4037
4144
4028
4033
4161
4036
4160
4162
4031
4032
4046
4163
4031
4032
4164
4165
4045
4166
4035
4036
4167
4035
4036
4164
4168
4169
4165
4170
4038
4039
4041
4046
4041
4144
4171
4042
4043
4098
4171
4048
4159
4172
4044
4172
4044
4096
4173
4174
4046
4047
4048
4048
4114
4166
4117
4163
4079
4146
4175
4147
4175
4176
4148
4176
4177
4054
4055
4060
4066
4178
4054
4055
4152
4179
4061
4180
4068
4154
4181
4058
4059
4058
4059
4156
4179
4157
4180
4061
4072
4103
4102
4064
4065
4110
4064
4065
4164
4182
4071
4183
4115
4166
4068
4069
4072
4184
4068
4069
4168
4182
4185
4169
4186
4073
4183
4187
4071
4105
4111
4073
4107
4106
4111
4080
4175
4188
4176
4188
4189
4177
4189
4190
4128
4138
4191
4129
4191
4192
4130
4192
4193
4131
4193
4194
4083
4084
4091
4149
4083
4084
4195
4150
4093
4196
4086
4158
4195
4155
4089
4090
4095
4197
4089
4090
4198
4199
4097
4200
4093
4094
4161
4093
4094
4198
4201
4202
4162
4199
4097
4098
4171
4097
4098
4173
4203
4101
4155
4157
4103
4180
4107
4178
4105
4109
4111
4107
4109
4187
4184
4110
4113
4204
4111
4204
4115
4183
4183
4114
4116
4205
4115
4205
4206
4117
4207
4182
4207
4117
4174
4208
4172
4209
4203
4210
4210
4211
4211
4212
4212
4213
4203
4214
4210
4214
4215
4211
4215
4216
4212
4216
4217
4213
4217
4218
4214
4219
4215
4219
4220
4216
4220
4221
4217
4221
4222
4218
4222
4223
4203
4224
4224
4225
4214
4224
4226
4225
4226
4227
4219
4226
4228
4227
4228
4229
4219
4230
4228
4230
4231
4229
4231
4232
4191
4230
4233
4231
4233
4234
4232
4234
4235
4145
4159
4197
4160
4199
4192
4233
4236
4234
4236
4237
4235
4237
4238
4150
4151
4161
4196
4153
4195
4153
4154
4167
4239
4153
4154
4240
4241
4169
4242
4157
4158
4157
4158
4240
4241
4160
4163
4243
4165
4244
4162
4167
4202
4170
4201
4244
4165
4166
4209
4165
4166
4245
4246
4207
4169
4170
4247
4169
4170
4245
4248
4249
4246
4250
4172
4173
4197
4174
4243
4174
4200
4251
4193
4236
4252
4237
4252
4253
4238
4253
4254
4180
4181
4184
4180
4181
4240
4186
4242
4183
4206
4245
4204
4186
4187
4186
4187
4206
4248
4249
4204
4194
4252
4255
4253
4255
4256
4254
4256
4257
4220
4230
4258
4221
4258
4259
4222
4259
4260
4223
4260
4261
4196
4241
4202
4239
4199
4200
4243
4199
4200
4262
4244
4251
4202
4250
4262
4247
4263
4206
4207
4208
4264
4264
4209
4245
4209
4251
4265
4243
4246
4263
4266
4266
4267
4267
4268
4268
4269
4263
4270
4266
4270
4271
4267
4271
4272
4268
4272
4273
4269
4273
4274
4270
4275
4271
4275
4276
4272
4276
4277
4273
4277
4278
4274
4278
4279
4263
4280
4280
4281
4270
4280
4282
4281
4282
4283
4275
4282
4284
4283
4284
4285
4275
4286
4284
4286
4287
4285
4287
4288
4258
4286
4289
4287
4289
4290
4288
4290
4291
4259
4289
4292
4290
4292
4293
4291
4293
4294
4241
4242
4247
4241
4242
4249
4244
4251
4246
4262
4246
4264
4265
4249
4250
4249
4250
4264
4265
4262
4260
4292
4295
4293
4295
4296
4294
4296
4297
4261
4295
4298
4296
4298
4299
4297
4299
4300
4276
4286
4301
4277
4301
4302
4278
4302
4303
4279
4303
4304
4265
4305
4265
4305
4306
4306
4307
4307
4308
4308
4309
4305
4310
4306
4310
4311
4307
4311
4312
4308
4312
4313
4309
4313
4314
4310
4315
4311
4315
4316
4312
4316
4317
4313
4317
4318
4314
4318
4319
4305
4320
4320
4321
4310
4320
4322
4321
4322
4323
4315
4322
4324
4323
4324
4325
4315
4326
4324
4326
4327
4325
4327
4328
4301
4326
4329
4327
4329
4330
4328
4330
4331
4302
4329
4332
4330
4332
4333
4331
4333
4334
4303
4332
4335
4333
4335
4336
4334
4336
4337
4304
4335
4338
4336
4338
4339
4337
4339
4340
4316
4326
4341
4317
4341
4342
4318
4342
4343
4319
4343
4344
4345
4345
4346
4346
4347
4347
4348
4348
4349
4345
4350
4346
4350
4351
4347
4351
4352
4348
4352
4353
4349
4353
4354
4350
4355
4351
4355
4356
4352
4356
4357
4353
4357
4358
4354
4358
4359
4345
4360
4360
4361
4350
4360
4362
4361
4362
4363
4355
4362
4364
4363
4364
4365
4355
4366
4364
4366
4367
4365
4367
4368
4341
4366
4369
4367
4369
4370
4368
4370
4371
4342
4369
4372
4370
4372
4373
4371
4373
4374
4343
4372
4375
4373
4375
4376
4374
4376
4377
4344
4375
4378
4376
4378
4379
4377
4379
4356
4366
4380
4357
4380
4381
4358
4381
4382
4359
4382
4383
4384
4384
4385
4385
4386
4386
4387
4387
4388
4384
4389
4385
4389
4390
4386
4390
4391
4387
4391
4392
4388
4392
4393
4389
4394
4390
4394
4395
4391
4395
4396
4392
4396
4397
4393
4397
4398
4384
4399
4399
4400
4389
4399
4401
4400
4401
4402
4394
4401
4403
4402
4403
4404
4394
4405
4403
4405
4406
4404
4406
4407
4380
4405
4408
4406
4408
4409
4407
4409
4410
4381
4408
4411
4409
4411
4412
4410
4412
4413
4382
4411
4414
4412
4414
4415
4413
4415
4383
4414
4416
4415
4416
4395
4405
4417
4396
4417
4418
4397
4418
4419
4398
4419
4420
4421
4421
4422
4422
4423
4423
4424
4424
4425
4421
4426
4422
4426
4427
4423
4427
4428
4424
4428
4429
4425
4429
4430
4426
4431
4427
4431
4432
4428
4432
4433
4429
4433
4434
4430
4434
4435
4421
4436
4436
4437
4426
4436
4438
4437
4438
4439
4431
4438
4440
4439
4440
4441
4431
4442
4440
4442
4443
4441
4443
4444
4417
4442
4445
4443
4445
4446
4444
4446
4447
4418
4445
4448
4446
4448
4449
4447
4449
4419
4448
4450
4449
4450
4420
4450
4432
4442
4451
4433
4451
4452
4434
4452
4453
4435
4453
4454
4454
4455
4455
4456
4456
4457
4457
4458
4454
4459
4455
4459
4460
4456
4460
4461
4457
4461
4462
4458
4462
4463
4459
4464
4460
4464
4465
4461
4465
4466
4462
4466
4467
4463
4467
4454
4468
4468
4469
4459
4468
4470
4469
4470
4471
4464
4470
4472
4471
4472
4473
4464
4474
4472
4474
4475
4473
4475
4476
4451
4474
4477
4475
4477
4478
4476
4478
4452
4477
4479
4478
4479
4453
4479
4465
4474
4480
4466
4480
4481
4467
4481
4482
4482
4483
4483
4484
4484
4485
4485
4486
4482
4487
4483
4487
4488
4484
4488
4489
4485
4489
4490
4486
4490
4487
4491
4488
4491
4492
4489
4492
4493
4490
4493
4482
4494
4494
4495
4487
4494
4496
4495
4496
4497
4491
4496
4498
4497
4498
4499
4491
4500
4498
4500
4501
4499
4501
4480
4500
4502
4501
4502
4481
4502
4492
4500
4503
4493
4503
4504
4504
4505
4505
4506
4506
4507
4507
4504
4508
4505
4508
4509
4506
4509
4510
4507
4510
4508
4511
4509
4511
4512
4510
4512
4504
4513
4513
4514
4508
4513
4515
4514
4515
4516
4511
4515
4517
4516
4517
4511
4518
4517
4518
4503
4518
4512
4518
4519
4519
4520
4520
4521
4521
4519
4522
4520
4522
4523
4521
4523
4522
4524
4523
4524
4519
4525
4525
4526
4522
4525
4527
4526
4527
4524
4527
4524
4528
4528
4529
4529
4528
4530
4529
4530
4530
4528
4531
4531
4530
4531
4532
4532
4532
4532
)


// ************************************************************************* //
