/*--------------------------------*- C++ -*----------------------------------*\
| =========                 |                                                 |
| \\      /  F ield         | OpenFOAM: The Open Source CFD Toolbox           |
|  \\    /   O peration     | Version:  2406                                  |
|   \\  /    A nd           | Website:  www.openfoam.com                      |
|    \\/     M anipulation  |                                                 |
\*---------------------------------------------------------------------------*/
FoamFile
{
    version     2.0;
    format      ascii;
    arch        "LSB;label=32;scalar=64";
    class       refinementHistory;
    location    "constant/polyMesh";
    object      refinementHistory;
}
// * * * * * * * * * * * * * * * * * * * * * * * * * * * * * * * * * * * * * //

// splitCells

3496
(
1 0()
-1 8(0 2 3 4 5 6 7 8)
1 0()
1 0()
1 0()
1 0()
1 0()
1 0()
1 0()
10 0()
-1 8(9 11 12 13 14 15 16 17)
10 0()
10 0()
10 0()
10 0()
10 0()
10 0()
10 0()
19 0()
-1 8(18 20 21 22 23 24 25 26)
19 0()
19 0()
19 0()
19 0()
19 0()
19 0()
19 0()
28 0()
-1 8(27 29 30 31 32 33 34 35)
28 0()
28 0()
28 0()
28 0()
28 0()
28 0()
28 0()
37 0()
-1 8(36 38 39 40 41 42 43 44)
37 0()
37 0()
37 0()
37 0()
37 0()
37 0()
37 0()
46 0()
-1 8(45 47 48 49 50 51 52 53)
46 0()
46 0()
46 0()
46 0()
46 0()
46 0()
46 0()
55 0()
-1 8(54 56 57 58 59 60 61 62)
55 0()
55 0()
55 0()
55 0()
55 0()
55 0()
55 0()
64 0()
-1 8(63 65 66 67 68 69 70 71)
64 0()
64 0()
64 0()
64 0()
64 0()
64 0()
64 0()
73 0()
-1 8(72 74 75 76 77 78 79 80)
73 0()
73 0()
73 0()
73 0()
73 0()
73 0()
73 0()
82 0()
-1 8(81 83 84 85 86 87 88 89)
82 0()
82 0()
82 0()
82 0()
82 0()
82 0()
82 0()
91 0()
-1 8(90 92 93 94 95 96 97 106)
91 0()
91 0()
91 0()
91 0()
91 0()
91 8(98 99 100 101 102 103 104 105)
97 0()
97 0()
97 0()
97 0()
97 0()
97 0()
97 0()
97 0()
91 8(107 108 109 110 111 112 113 114)
106 0()
106 0()
106 0()
106 0()
106 0()
106 0()
106 0()
106 0()
116 0()
-1 8(115 117 118 119 120 121 122 123)
116 0()
116 0()
116 0()
116 0()
116 0()
116 0()
116 0()
125 0()
-1 8(124 126 127 128 129 130 131 132)
125 0()
125 0()
125 0()
125 0()
125 0()
125 0()
125 0()
134 0()
-1 8(133 135 136 137 138 139 140 141)
134 0()
134 0()
134 0()
134 0()
134 0()
134 0()
134 0()
143 0()
-1 8(142 144 145 146 147 148 149 150)
143 0()
143 0()
143 0()
143 0()
143 0()
143 0()
143 0()
152 0()
-1 8(151 153 154 155 156 157 158 159)
152 0()
152 0()
152 0()
152 0()
152 0()
152 0()
152 0()
161 0()
-1 8(160 162 163 164 165 174 183 192)
161 0()
161 0()
161 0()
161 8(166 167 168 169 170 171 172 173)
165 0()
165 0()
165 0()
165 0()
165 0()
165 0()
165 0()
165 0()
161 8(175 176 177 178 179 180 181 182)
174 0()
174 0()
174 0()
174 0()
174 0()
174 0()
174 0()
174 0()
161 8(184 185 186 187 188 189 190 191)
183 0()
183 0()
183 0()
183 0()
183 0()
183 0()
183 0()
183 0()
161 8(193 194 195 196 197 198 199 200)
192 0()
192 0()
192 0()
192 0()
192 0()
192 0()
192 0()
192 0()
202 0()
-1 8(201 203 204 205 206 207 208 209)
202 0()
202 0()
202 0()
202 0()
202 0()
202 0()
202 0()
211 0()
-1 8(210 212 213 214 215 216 217 226)
211 0()
211 0()
211 0()
211 0()
211 0()
211 8(218 219 220 221 222 223 224 225)
217 0()
217 0()
217 0()
217 0()
217 0()
217 0()
217 0()
217 0()
211 8(227 228 229 230 231 232 233 234)
226 0()
226 0()
226 0()
226 0()
226 0()
226 0()
226 0()
226 0()
236 0()
-1 8(235 237 238 239 240 241 242 243)
236 0()
236 0()
236 0()
236 0()
236 0()
236 0()
236 0()
245 0()
-1 8(244 246 247 248 249 250 251 252)
245 0()
245 0()
245 0()
245 0()
245 0()
245 0()
245 0()
254 0()
-1 8(253 255 256 257 258 259 260 261)
254 0()
254 0()
254 0()
254 0()
254 0()
254 0()
254 0()
263 0()
-1 8(262 264 265 266 267 268 269 270)
263 0()
263 0()
263 0()
263 0()
263 0()
263 0()
263 0()
272 0()
-1 8(271 273 274 275 276 285 294 303)
272 0()
272 0()
272 0()
272 8(277 278 279 280 281 282 283 284)
276 0()
276 0()
276 0()
276 0()
276 0()
276 0()
276 0()
276 0()
272 8(286 287 288 289 290 291 292 293)
285 0()
285 0()
285 0()
285 0()
285 0()
285 0()
285 0()
285 0()
272 8(295 296 297 298 299 300 301 302)
294 0()
294 0()
294 0()
294 0()
294 0()
294 0()
294 0()
294 0()
272 8(304 305 306 307 308 309 310 311)
303 0()
303 0()
303 0()
303 0()
303 0()
303 0()
303 0()
303 0()
313 0()
-1 8(312 314 315 316 317 318 319 320)
313 0()
313 0()
313 0()
313 0()
313 0()
313 0()
313 0()
322 0()
-1 8(321 323 324 325 326 335 344 353)
322 0()
322 0()
322 0()
322 8(327 328 329 330 331 332 333 334)
326 0()
326 0()
326 0()
326 0()
326 0()
326 0()
326 0()
326 0()
322 8(336 337 338 339 340 341 342 343)
335 0()
335 0()
335 0()
335 0()
335 0()
335 0()
335 0()
335 0()
322 8(345 346 347 348 349 350 351 352)
344 0()
344 0()
344 0()
344 0()
344 0()
344 0()
344 0()
344 0()
322 8(354 355 356 357 358 359 360 361)
353 0()
353 0()
353 0()
353 0()
353 0()
353 0()
353 0()
353 0()
363 0()
-1 8(362 364 365 366 367 368 369 370)
363 0()
363 0()
363 0()
363 0()
363 0()
363 0()
363 8(371 372 373 374 375 376 377 378)
370 0()
370 0()
370 0()
370 0()
370 0()
370 0()
370 0()
370 0()
380 0()
-1 8(379 381 382 391 400 401 402 411)
380 0()
380 8(383 384 385 386 387 388 389 390)
382 0()
382 0()
382 0()
382 0()
382 0()
382 0()
382 0()
382 0()
380 8(392 393 394 395 396 397 398 399)
391 0()
391 0()
391 0()
391 0()
391 0()
391 0()
391 0()
391 0()
380 0()
380 0()
380 8(403 404 405 406 407 408 409 410)
402 0()
402 0()
402 0()
402 0()
402 0()
402 0()
402 0()
402 0()
380 8(412 413 414 415 416 417 418 419)
411 0()
411 0()
411 0()
411 0()
411 0()
411 0()
411 0()
411 0()
421 0()
-1 8(420 422 423 424 425 426 427 428)
421 0()
421 0()
421 0()
421 0()
421 0()
421 0()
421 0()
430 0()
-1 8(429 431 432 433 434 435 436 437)
430 0()
430 0()
430 0()
430 0()
430 0()
430 0()
430 0()
439 0()
-1 8(438 440 441 442 443 444 445 446)
439 0()
439 0()
439 0()
439 0()
439 0()
439 0()
439 0()
448 0()
-1 8(447 449 450 451 452 453 454 455)
448 0()
448 0()
448 0()
448 0()
448 0()
448 0()
448 0()
457 0()
-1 8(456 458 459 460 461 462 463 464)
457 0()
457 0()
457 0()
457 0()
457 0()
457 0()
457 0()
466 0()
-1 8(465 467 468 469 470 479 488 497)
466 0()
466 0()
466 0()
466 8(471 472 473 474 475 476 477 478)
470 0()
470 0()
470 0()
470 0()
470 0()
470 0()
470 0()
470 0()
466 8(480 481 482 483 484 485 486 487)
479 0()
479 0()
479 0()
479 0()
479 0()
479 0()
479 0()
479 0()
466 8(489 490 491 492 493 494 495 496)
488 0()
488 0()
488 0()
488 0()
488 0()
488 0()
488 0()
488 0()
466 8(498 499 500 501 502 503 504 505)
497 0()
497 0()
497 0()
497 0()
497 0()
497 0()
497 0()
497 0()
507 0()
-1 8(506 508 509 510 511 512 521 522)
507 0()
507 0()
507 0()
507 0()
507 8(513 514 515 516 517 518 519 520)
512 0()
512 0()
512 0()
512 0()
512 0()
512 0()
512 0()
512 0()
507 0()
507 8(523 524 525 526 527 528 529 530)
522 0()
522 0()
522 0()
522 0()
522 0()
522 0()
522 0()
522 0()
532 0()
-1 8(531 533 534 535 536 537 538 539)
532 0()
532 0()
532 0()
532 0()
532 0()
532 0()
532 0()
541 0()
-1 8(540 542 543 552 561 562 563 572)
541 0()
541 8(544 545 546 547 548 549 550 551)
543 0()
543 0()
543 0()
543 0()
543 0()
543 0()
543 0()
543 0()
541 8(553 554 555 556 557 558 559 560)
552 0()
552 0()
552 0()
552 0()
552 0()
552 0()
552 0()
552 0()
541 0()
541 0()
541 8(564 565 566 567 568 569 570 571)
563 0()
563 0()
563 0()
563 0()
563 0()
563 0()
563 0()
563 0()
541 8(573 574 575 576 577 578 579 580)
572 0()
572 0()
572 0()
572 0()
572 0()
572 0()
572 0()
572 0()
582 0()
-1 8(581 583 584 585 586 587 588 589)
582 0()
582 0()
582 0()
582 0()
582 0()
582 0()
582 0()
591 0()
-1 8(590 592 593 594 595 596 597 598)
591 0()
591 0()
591 0()
591 0()
591 0()
591 0()
591 0()
600 0()
-1 8(599 601 602 603 604 605 606 607)
600 0()
600 0()
600 0()
600 0()
600 0()
600 0()
600 0()
609 0()
-1 8(608 610 611 620 629 630 631 640)
609 0()
609 8(612 613 614 615 616 617 618 619)
611 0()
611 0()
611 0()
611 0()
611 0()
611 0()
611 0()
611 0()
609 8(621 622 623 624 625 626 627 628)
620 0()
620 0()
620 0()
620 0()
620 0()
620 0()
620 0()
620 0()
609 0()
609 0()
609 8(632 633 634 635 636 637 638 639)
631 0()
631 0()
631 0()
631 0()
631 0()
631 0()
631 0()
631 0()
609 8(641 642 643 644 645 646 647 648)
640 0()
640 0()
640 0()
640 0()
640 0()
640 0()
640 0()
640 0()
650 0()
-1 8(649 651 652 653 654 655 656 657)
650 0()
650 0()
650 0()
650 0()
650 0()
650 0()
650 0()
659 0()
-1 8(658 660 661 662 663 664 673 674)
659 0()
659 0()
659 0()
659 0()
659 8(665 666 667 668 669 670 671 672)
664 0()
664 0()
664 0()
664 0()
664 0()
664 0()
664 0()
664 0()
659 0()
659 8(675 676 677 678 679 680 681 682)
674 0()
674 0()
674 0()
674 0()
674 0()
674 0()
674 0()
674 0()
684 0()
-1 8(683 685 686 687 688 689 690 691)
684 0()
684 0()
684 0()
684 0()
684 0()
684 0()
684 0()
693 0()
694 8(758 759 760 761 762 692 763 764)
-1 8(693 695 704 713 722 731 740 749)
694 8(696 697 698 699 700 701 702 703)
695 0()
695 0()
695 0()
695 0()
695 0()
695 0()
695 0()
695 0()
694 8(705 706 707 708 709 710 711 712)
704 0()
704 0()
704 0()
704 0()
704 0()
704 0()
704 0()
704 0()
694 8(714 715 716 717 718 719 720 721)
713 0()
713 0()
713 0()
713 0()
713 0()
713 0()
713 0()
713 0()
694 8(723 724 725 726 727 728 729 730)
722 0()
722 0()
722 0()
722 0()
722 0()
722 0()
722 0()
722 0()
694 8(732 733 734 735 736 737 738 739)
731 0()
731 0()
731 0()
731 0()
731 0()
731 0()
731 0()
731 0()
694 8(741 742 743 744 745 746 747 748)
740 0()
740 0()
740 0()
740 0()
740 0()
740 0()
740 0()
740 0()
694 8(750 751 752 753 754 755 756 757)
749 0()
749 0()
749 0()
749 0()
749 0()
749 0()
749 0()
749 0()
693 0()
693 0()
693 0()
693 0()
693 0()
693 0()
693 0()
766 0()
-1 8(765 767 768 769 778 779 780 781)
766 0()
766 0()
766 8(770 771 772 773 774 775 776 777)
769 0()
769 0()
769 0()
769 0()
769 0()
769 0()
769 0()
769 0()
766 0()
766 0()
766 0()
766 8(782 783 784 785 786 787 788 789)
781 0()
781 0()
781 0()
781 0()
781 0()
781 0()
781 0()
781 0()
791 0()
-1 8(790 792 793 794 795 796 797 798)
791 0()
791 0()
791 0()
791 0()
791 0()
791 0()
791 0()
800 0()
-1 8(799 801 802 803 804 805 806 807)
800 0()
800 0()
800 0()
800 0()
800 0()
800 0()
800 0()
809 0()
-1 8(808 810 811 820 829 830 831 840)
809 0()
809 8(812 813 814 815 816 817 818 819)
811 0()
811 0()
811 0()
811 0()
811 0()
811 0()
811 0()
811 0()
809 8(821 822 823 824 825 826 827 828)
820 0()
820 0()
820 0()
820 0()
820 0()
820 0()
820 0()
820 0()
809 0()
809 0()
809 8(832 833 834 835 836 837 838 839)
831 0()
831 0()
831 0()
831 0()
831 0()
831 0()
831 0()
831 0()
809 8(841 842 843 844 845 846 847 848)
840 0()
840 0()
840 0()
840 0()
840 0()
840 0()
840 0()
840 0()
850 0()
-1 8(849 851 852 853 854 855 856 857)
850 0()
850 0()
850 0()
850 0()
850 0()
850 0()
850 0()
859 0()
-1 8(858 860 861 870 879 880 881 890)
859 0()
859 8(862 863 864 865 866 867 868 869)
861 0()
861 0()
861 0()
861 0()
861 0()
861 0()
861 0()
861 0()
859 8(871 872 873 874 875 876 877 878)
870 0()
870 0()
870 0()
870 0()
870 0()
870 0()
870 0()
870 0()
859 0()
859 0()
859 8(882 883 884 885 886 887 888 889)
881 0()
881 0()
881 0()
881 0()
881 0()
881 0()
881 0()
881 0()
859 8(891 892 893 894 895 896 897 898)
890 0()
890 0()
890 0()
890 0()
890 0()
890 0()
890 0()
890 0()
900 0()
-1 8(899 901 902 903 904 905 906 907)
900 0()
900 0()
900 0()
900 0()
900 0()
900 0()
900 0()
909 0()
-1 8(908 910 911 912 913 914 915 916)
909 0()
909 0()
909 0()
909 0()
909 0()
909 0()
909 0()
918 0()
919 8(983 984 985 986 987 917 988 989)
-1 8(918 920 929 938 947 956 965 974)
919 8(921 922 923 924 925 926 927 928)
920 0()
920 0()
920 0()
920 0()
920 0()
920 0()
920 0()
920 0()
919 8(930 931 932 933 934 935 936 937)
929 0()
929 0()
929 0()
929 0()
929 0()
929 0()
929 0()
929 0()
919 8(939 940 941 942 943 944 945 946)
938 0()
938 0()
938 0()
938 0()
938 0()
938 0()
938 0()
938 0()
919 8(948 949 950 951 952 953 954 955)
947 0()
947 0()
947 0()
947 0()
947 0()
947 0()
947 0()
947 0()
919 8(957 958 959 960 961 962 963 964)
956 0()
956 0()
956 0()
956 0()
956 0()
956 0()
956 0()
956 0()
919 8(966 967 968 969 970 971 972 973)
965 0()
965 0()
965 0()
965 0()
965 0()
965 0()
965 0()
965 0()
919 8(975 976 977 978 979 980 981 982)
974 0()
974 0()
974 0()
974 0()
974 0()
974 0()
974 0()
974 0()
918 0()
918 0()
918 0()
918 0()
918 0()
918 0()
918 0()
991 0()
-1 8(990 992 1001 1002 1011 1012 1021 1022)
991 8(993 994 995 996 997 998 999 1000)
992 0()
992 0()
992 0()
992 0()
992 0()
992 0()
992 0()
992 0()
991 0()
991 8(1003 1004 1005 1006 1007 1008 1009 1010)
1002 0()
1002 0()
1002 0()
1002 0()
1002 0()
1002 0()
1002 0()
1002 0()
991 0()
991 8(1013 1014 1015 1016 1017 1018 1019 1020)
1012 0()
1012 0()
1012 0()
1012 0()
1012 0()
1012 0()
1012 0()
1012 0()
991 0()
991 8(1023 1024 1025 1026 1027 1028 1029 1030)
1022 0()
1022 0()
1022 0()
1022 0()
1022 0()
1022 0()
1022 0()
1022 0()
1032 0()
1033 8(1097 1098 1099 1100 1101 1031 1102 1103)
-1 8(1032 1034 1043 1052 1061 1070 1079 1088)
1033 8(1035 1036 1037 1038 1039 1040 1041 1042)
1034 0()
1034 0()
1034 0()
1034 0()
1034 0()
1034 0()
1034 0()
1034 0()
1033 8(1044 1045 1046 1047 1048 1049 1050 1051)
1043 0()
1043 0()
1043 0()
1043 0()
1043 0()
1043 0()
1043 0()
1043 0()
1033 8(1053 1054 1055 1056 1057 1058 1059 1060)
1052 0()
1052 0()
1052 0()
1052 0()
1052 0()
1052 0()
1052 0()
1052 0()
1033 8(1062 1063 1064 1065 1066 1067 1068 1069)
1061 0()
1061 0()
1061 0()
1061 0()
1061 0()
1061 0()
1061 0()
1061 0()
1033 8(1071 1072 1073 1074 1075 1076 1077 1078)
1070 0()
1070 0()
1070 0()
1070 0()
1070 0()
1070 0()
1070 0()
1070 0()
1033 8(1080 1081 1082 1083 1084 1085 1086 1087)
1079 0()
1079 0()
1079 0()
1079 0()
1079 0()
1079 0()
1079 0()
1079 0()
1033 8(1089 1090 1091 1092 1093 1094 1095 1096)
1088 0()
1088 0()
1088 0()
1088 0()
1088 0()
1088 0()
1088 0()
1088 0()
1032 0()
1032 0()
1032 0()
1032 0()
1032 0()
1032 0()
1032 0()
1105 0()
-1 8(1104 1106 1107 1108 1109 1110 1111 1112)
1105 0()
1105 0()
1105 0()
1105 0()
1105 0()
1105 0()
1105 0()
1114 0()
-1 8(1113 1115 1116 1117 1118 1119 1120 1121)
1114 0()
1114 0()
1114 0()
1114 0()
1114 0()
1114 0()
1114 0()
1123 0()
-1 8(1122 1124 1125 1126 1135 1136 1137 1138)
1123 0()
1123 0()
1123 8(1127 1128 1129 1130 1131 1132 1133 1134)
1126 0()
1126 0()
1126 0()
1126 0()
1126 0()
1126 0()
1126 0()
1126 0()
1123 0()
1123 0()
1123 0()
1123 8(1139 1140 1141 1142 1143 1144 1145 1146)
1138 0()
1138 0()
1138 0()
1138 0()
1138 0()
1138 0()
1138 0()
1138 0()
1148 0()
-1 8(1147 1149 1150 1151 1152 1153 1154 1155)
1148 0()
1148 0()
1148 0()
1148 0()
1148 0()
1148 0()
1148 0()
1157 0()
-1 8(1156 1158 1159 1168 1177 1178 1179 1188)
1157 0()
1157 8(1160 1161 1162 1163 1164 1165 1166 1167)
1159 0()
1159 0()
1159 0()
1159 0()
1159 0()
1159 0()
1159 0()
1159 0()
1157 8(1169 1170 1171 1172 1173 1174 1175 1176)
1168 0()
1168 0()
1168 0()
1168 0()
1168 0()
1168 0()
1168 0()
1168 0()
1157 0()
1157 0()
1157 8(1180 1181 1182 1183 1184 1185 1186 1187)
1179 0()
1179 0()
1179 0()
1179 0()
1179 0()
1179 0()
1179 0()
1179 0()
1157 8(1189 1190 1191 1192 1193 1194 1195 1196)
1188 0()
1188 0()
1188 0()
1188 0()
1188 0()
1188 0()
1188 0()
1188 0()
1198 0()
-1 8(1197 1199 1200 1201 1202 1203 1204 1205)
1198 0()
1198 0()
1198 0()
1198 0()
1198 0()
1198 0()
1198 0()
1207 0()
-1 8(1206 1208 1209 1218 1227 1228 1229 1238)
1207 0()
1207 8(1210 1211 1212 1213 1214 1215 1216 1217)
1209 0()
1209 0()
1209 0()
1209 0()
1209 0()
1209 0()
1209 0()
1209 0()
1207 8(1219 1220 1221 1222 1223 1224 1225 1226)
1218 0()
1218 0()
1218 0()
1218 0()
1218 0()
1218 0()
1218 0()
1218 0()
1207 0()
1207 0()
1207 8(1230 1231 1232 1233 1234 1235 1236 1237)
1229 0()
1229 0()
1229 0()
1229 0()
1229 0()
1229 0()
1229 0()
1229 0()
1207 8(1239 1240 1241 1242 1243 1244 1245 1246)
1238 0()
1238 0()
1238 0()
1238 0()
1238 0()
1238 0()
1238 0()
1238 0()
1248 0()
-1 8(1247 1249 1250 1251 1252 1253 1254 1255)
1248 0()
1248 0()
1248 0()
1248 0()
1248 0()
1248 0()
1248 0()
1257 0()
-1 8(1256 1258 1267 1268 1277 1278 1287 1288)
1257 8(1259 1260 1261 1262 1263 1264 1265 1266)
1258 0()
1258 0()
1258 0()
1258 0()
1258 0()
1258 0()
1258 0()
1258 0()
1257 0()
1257 8(1269 1270 1271 1272 1273 1274 1275 1276)
1268 0()
1268 0()
1268 0()
1268 0()
1268 0()
1268 0()
1268 0()
1268 0()
1257 0()
1257 8(1279 1280 1281 1282 1283 1284 1285 1286)
1278 0()
1278 0()
1278 0()
1278 0()
1278 0()
1278 0()
1278 0()
1278 0()
1257 0()
1257 8(1289 1290 1291 1292 1293 1294 1295 1296)
1288 0()
1288 0()
1288 0()
1288 0()
1288 0()
1288 0()
1288 0()
1288 0()
1298 0()
1299 8(1363 1364 1365 1366 1367 1297 1368 1369)
-1 8(1298 1300 1309 1318 1327 1336 1345 1354)
1299 8(1301 1302 1303 1304 1305 1306 1307 1308)
1300 0()
1300 0()
1300 0()
1300 0()
1300 0()
1300 0()
1300 0()
1300 0()
1299 8(1310 1311 1312 1313 1314 1315 1316 1317)
1309 0()
1309 0()
1309 0()
1309 0()
1309 0()
1309 0()
1309 0()
1309 0()
1299 8(1319 1320 1321 1322 1323 1324 1325 1326)
1318 0()
1318 0()
1318 0()
1318 0()
1318 0()
1318 0()
1318 0()
1318 0()
1299 8(1328 1329 1330 1331 1332 1333 1334 1335)
1327 0()
1327 0()
1327 0()
1327 0()
1327 0()
1327 0()
1327 0()
1327 0()
1299 8(1337 1338 1339 1340 1341 1342 1343 1344)
1336 0()
1336 0()
1336 0()
1336 0()
1336 0()
1336 0()
1336 0()
1336 0()
1299 8(1346 1347 1348 1349 1350 1351 1352 1353)
1345 0()
1345 0()
1345 0()
1345 0()
1345 0()
1345 0()
1345 0()
1345 0()
1299 8(1355 1356 1357 1358 1359 1360 1361 1362)
1354 0()
1354 0()
1354 0()
1354 0()
1354 0()
1354 0()
1354 0()
1354 0()
1298 0()
1298 0()
1298 0()
1298 0()
1298 0()
1298 0()
1298 0()
1371 0()
-1 8(1370 1372 1373 1374 1375 1376 1377 1378)
1371 0()
1371 0()
1371 0()
1371 0()
1371 0()
1371 0()
1371 0()
1380 0()
-1 8(1379 1381 1382 1383 1384 1385 1386 1387)
1380 0()
1380 0()
1380 0()
1380 0()
1380 0()
1380 0()
1380 0()
1389 0()
-1 8(1388 1390 1391 1392 1393 1394 1395 1396)
1389 0()
1389 0()
1389 0()
1389 0()
1389 0()
1389 0()
1389 0()
1398 0()
-1 8(1397 1399 1400 1401 1410 1411 1412 1413)
1398 0()
1398 0()
1398 8(1402 1403 1404 1405 1406 1407 1408 1409)
1401 0()
1401 0()
1401 0()
1401 0()
1401 0()
1401 0()
1401 0()
1401 0()
1398 0()
1398 0()
1398 0()
1398 8(1414 1415 1416 1417 1418 1419 1420 1421)
1413 0()
1413 0()
1413 0()
1413 0()
1413 0()
1413 0()
1413 0()
1413 0()
1423 0()
-1 8(1422 1424 1425 1426 1427 1428 1429 1430)
1423 0()
1423 0()
1423 0()
1423 0()
1423 0()
1423 0()
1423 0()
1432 0()
-1 8(1431 1433 1434 1443 1452 1453 1454 1463)
1432 0()
1432 8(1435 1436 1437 1438 1439 1440 1441 1442)
1434 0()
1434 0()
1434 0()
1434 0()
1434 0()
1434 0()
1434 0()
1434 0()
1432 8(1444 1445 1446 1447 1448 1449 1450 1451)
1443 0()
1443 0()
1443 0()
1443 0()
1443 0()
1443 0()
1443 0()
1443 0()
1432 0()
1432 0()
1432 8(1455 1456 1457 1458 1459 1460 1461 1462)
1454 0()
1454 0()
1454 0()
1454 0()
1454 0()
1454 0()
1454 0()
1454 0()
1432 8(1464 1465 1466 1467 1468 1469 1470 1471)
1463 0()
1463 0()
1463 0()
1463 0()
1463 0()
1463 0()
1463 0()
1463 0()
1473 0()
-1 8(1472 1474 1475 1476 1477 1478 1479 1480)
1473 0()
1473 0()
1473 0()
1473 0()
1473 0()
1473 0()
1473 0()
1482 0()
1483 8(1547 1548 1549 1550 1551 1552 1481 1553)
-1 8(1482 1484 1493 1502 1511 1520 1529 1538)
1483 8(1485 1486 1487 1488 1489 1490 1491 1492)
1484 0()
1484 0()
1484 0()
1484 0()
1484 0()
1484 0()
1484 0()
1484 0()
1483 8(1494 1495 1496 1497 1498 1499 1500 1501)
1493 0()
1493 0()
1493 0()
1493 0()
1493 0()
1493 0()
1493 0()
1493 0()
1483 8(1503 1504 1505 1506 1507 1508 1509 1510)
1502 0()
1502 0()
1502 0()
1502 0()
1502 0()
1502 0()
1502 0()
1502 0()
1483 8(1512 1513 1514 1515 1516 1517 1518 1519)
1511 0()
1511 0()
1511 0()
1511 0()
1511 0()
1511 0()
1511 0()
1511 0()
1483 8(1521 1522 1523 1524 1525 1526 1527 1528)
1520 0()
1520 0()
1520 0()
1520 0()
1520 0()
1520 0()
1520 0()
1520 0()
1483 8(1530 1531 1532 1533 1534 1535 1536 1537)
1529 0()
1529 0()
1529 0()
1529 0()
1529 0()
1529 0()
1529 0()
1529 0()
1483 8(1539 1540 1541 1542 1543 1544 1545 1546)
1538 0()
1538 0()
1538 0()
1538 0()
1538 0()
1538 0()
1538 0()
1538 0()
1482 0()
1482 0()
1482 0()
1482 0()
1482 0()
1482 0()
1482 0()
1555 0()
-1 8(1554 1556 1557 1566 1575 1576 1577 1586)
1555 0()
1555 8(1558 1559 1560 1561 1562 1563 1564 1565)
1557 0()
1557 0()
1557 0()
1557 0()
1557 0()
1557 0()
1557 0()
1557 0()
1555 8(1567 1568 1569 1570 1571 1572 1573 1574)
1566 0()
1566 0()
1566 0()
1566 0()
1566 0()
1566 0()
1566 0()
1566 0()
1555 0()
1555 0()
1555 8(1578 1579 1580 1581 1582 1583 1584 1585)
1577 0()
1577 0()
1577 0()
1577 0()
1577 0()
1577 0()
1577 0()
1577 0()
1555 8(1587 1588 1589 1590 1591 1592 1593 1594)
1586 0()
1586 0()
1586 0()
1586 0()
1586 0()
1586 0()
1586 0()
1586 0()
1596 0()
-1 8(1595 1597 1598 1599 1600 1601 1602 1603)
1596 0()
1596 0()
1596 0()
1596 0()
1596 0()
1596 0()
1596 0()
1605 0()
-1 8(1604 1606 1607 1608 1609 1610 1611 1612)
1605 0()
1605 0()
1605 0()
1605 0()
1605 0()
1605 0()
1605 0()
1614 0()
-1 8(1613 1615 1616 1617 1618 1619 1620 1621)
1614 0()
1614 0()
1614 0()
1614 0()
1614 0()
1614 0()
1614 0()
1623 0()
-1 8(1622 1624 1633 1634 1643 1644 1653 1654)
1623 8(1625 1626 1627 1628 1629 1630 1631 1632)
1624 0()
1624 0()
1624 0()
1624 0()
1624 0()
1624 0()
1624 0()
1624 0()
1623 0()
1623 8(1635 1636 1637 1638 1639 1640 1641 1642)
1634 0()
1634 0()
1634 0()
1634 0()
1634 0()
1634 0()
1634 0()
1634 0()
1623 0()
1623 8(1645 1646 1647 1648 1649 1650 1651 1652)
1644 0()
1644 0()
1644 0()
1644 0()
1644 0()
1644 0()
1644 0()
1644 0()
1623 0()
1623 8(1655 1656 1657 1658 1659 1660 1661 1662)
1654 0()
1654 0()
1654 0()
1654 0()
1654 0()
1654 0()
1654 0()
1654 0()
1664 0()
-1 8(1663 1665 1666 1667 1668 1669 1670 1671)
1664 0()
1664 0()
1664 0()
1664 0()
1664 0()
1664 0()
1664 0()
1673 0()
-1 8(1672 1674 1675 1676 1677 1678 1679 1680)
1673 0()
1673 0()
1673 0()
1673 0()
1673 0()
1673 0()
1673 0()
1682 0()
-1 8(1681 1683 1684 1685 1694 1695 1696 1697)
1682 0()
1682 0()
1682 8(1686 1687 1688 1689 1690 1691 1692 1693)
1685 0()
1685 0()
1685 0()
1685 0()
1685 0()
1685 0()
1685 0()
1685 0()
1682 0()
1682 0()
1682 0()
1682 8(1698 1699 1700 1701 1702 1703 1704 1705)
1697 0()
1697 0()
1697 0()
1697 0()
1697 0()
1697 0()
1697 0()
1697 0()
1707 0()
-1 8(1706 1708 1709 1710 1711 1712 1713 1714)
1707 0()
1707 0()
1707 0()
1707 0()
1707 0()
1707 0()
1707 0()
1716 0()
1717 8(1781 1782 1783 1784 1785 1786 1715 1787)
-1 8(1716 1718 1727 1736 1745 1754 1763 1772)
1717 8(1719 1720 1721 1722 1723 1724 1725 1726)
1718 0()
1718 0()
1718 0()
1718 0()
1718 0()
1718 0()
1718 0()
1718 0()
1717 8(1728 1729 1730 1731 1732 1733 1734 1735)
1727 0()
1727 0()
1727 0()
1727 0()
1727 0()
1727 0()
1727 0()
1727 0()
1717 8(1737 1738 1739 1740 1741 1742 1743 1744)
1736 0()
1736 0()
1736 0()
1736 0()
1736 0()
1736 0()
1736 0()
1736 0()
1717 8(1746 1747 1748 1749 1750 1751 1752 1753)
1745 0()
1745 0()
1745 0()
1745 0()
1745 0()
1745 0()
1745 0()
1745 0()
1717 8(1755 1756 1757 1758 1759 1760 1761 1762)
1754 0()
1754 0()
1754 0()
1754 0()
1754 0()
1754 0()
1754 0()
1754 0()
1717 8(1764 1765 1766 1767 1768 1769 1770 1771)
1763 0()
1763 0()
1763 0()
1763 0()
1763 0()
1763 0()
1763 0()
1763 0()
1717 8(1773 1774 1775 1776 1777 1778 1779 1780)
1772 0()
1772 0()
1772 0()
1772 0()
1772 0()
1772 0()
1772 0()
1772 0()
1716 0()
1716 0()
1716 0()
1716 0()
1716 0()
1716 0()
1716 0()
1789 0()
-1 8(1788 1790 1791 1800 1809 1810 1811 1820)
1789 0()
1789 8(1792 1793 1794 1795 1796 1797 1798 1799)
1791 0()
1791 0()
1791 0()
1791 0()
1791 0()
1791 0()
1791 0()
1791 0()
1789 8(1801 1802 1803 1804 1805 1806 1807 1808)
1800 0()
1800 0()
1800 0()
1800 0()
1800 0()
1800 0()
1800 0()
1800 0()
1789 0()
1789 0()
1789 8(1812 1813 1814 1815 1816 1817 1818 1819)
1811 0()
1811 0()
1811 0()
1811 0()
1811 0()
1811 0()
1811 0()
1811 0()
1789 8(1821 1822 1823 1824 1825 1826 1827 1828)
1820 0()
1820 0()
1820 0()
1820 0()
1820 0()
1820 0()
1820 0()
1820 0()
1830 0()
-1 8(1829 1831 1832 1833 1834 1835 1836 1837)
1830 0()
1830 0()
1830 0()
1830 0()
1830 0()
1830 0()
1830 0()
1839 0()
1840 8(1904 1905 1906 1907 1908 1909 1838 1910)
-1 8(1839 1841 1850 1859 1868 1877 1886 1895)
1840 8(1842 1843 1844 1845 1846 1847 1848 1849)
1841 0()
1841 0()
1841 0()
1841 0()
1841 0()
1841 0()
1841 0()
1841 0()
1840 8(1851 1852 1853 1854 1855 1856 1857 1858)
1850 0()
1850 0()
1850 0()
1850 0()
1850 0()
1850 0()
1850 0()
1850 0()
1840 8(1860 1861 1862 1863 1864 1865 1866 1867)
1859 0()
1859 0()
1859 0()
1859 0()
1859 0()
1859 0()
1859 0()
1859 0()
1840 8(1869 1870 1871 1872 1873 1874 1875 1876)
1868 0()
1868 0()
1868 0()
1868 0()
1868 0()
1868 0()
1868 0()
1868 0()
1840 8(1878 1879 1880 1881 1882 1883 1884 1885)
1877 0()
1877 0()
1877 0()
1877 0()
1877 0()
1877 0()
1877 0()
1877 0()
1840 8(1887 1888 1889 1890 1891 1892 1893 1894)
1886 0()
1886 0()
1886 0()
1886 0()
1886 0()
1886 0()
1886 0()
1886 0()
1840 8(1896 1897 1898 1899 1900 1901 1902 1903)
1895 0()
1895 0()
1895 0()
1895 0()
1895 0()
1895 0()
1895 0()
1895 0()
1839 0()
1839 0()
1839 0()
1839 0()
1839 0()
1839 0()
1839 0()
1912 0()
-1 8(1911 1913 1914 1915 1916 1917 1918 1919)
1912 0()
1912 0()
1912 0()
1912 0()
1912 0()
1912 0()
1912 0()
1921 0()
-1 8(1920 1922 1923 1924 1925 1926 1927 1928)
1921 0()
1921 0()
1921 0()
1921 0()
1921 0()
1921 0()
1921 0()
1930 0()
-1 8(1929 1931 1940 1941 1950 1951 1960 1961)
1930 8(1932 1933 1934 1935 1936 1937 1938 1939)
1931 0()
1931 0()
1931 0()
1931 0()
1931 0()
1931 0()
1931 0()
1931 0()
1930 0()
1930 8(1942 1943 1944 1945 1946 1947 1948 1949)
1941 0()
1941 0()
1941 0()
1941 0()
1941 0()
1941 0()
1941 0()
1941 0()
1930 0()
1930 8(1952 1953 1954 1955 1956 1957 1958 1959)
1951 0()
1951 0()
1951 0()
1951 0()
1951 0()
1951 0()
1951 0()
1951 0()
1930 0()
1930 8(1962 1963 1964 1965 1966 1967 1968 1969)
1961 0()
1961 0()
1961 0()
1961 0()
1961 0()
1961 0()
1961 0()
1961 0()
1971 0()
-1 8(1970 1972 1973 1974 1975 1976 1977 1978)
1971 0()
1971 0()
1971 0()
1971 0()
1971 0()
1971 0()
1971 0()
1980 0()
-1 8(1979 1981 1982 1983 1984 1985 1986 1987)
1980 0()
1980 0()
1980 0()
1980 0()
1980 0()
1980 0()
1980 0()
1989 0()
-1 8(1990 1991 1992 1993 1994 1988 1995 1996)
1989 0()
1989 0()
1989 0()
1989 0()
1989 0()
1989 0()
1989 0()
1998 0()
-1 8(1997 1999 2000 2001 2002 2003 2004 2005)
1998 0()
1998 0()
1998 0()
1998 0()
1998 0()
1998 0()
1998 0()
2007 0()
-1 8(2006 2008 2017 2018 2027 2028 2037 2038)
2007 8(2009 2010 2011 2012 2013 2014 2015 2016)
2008 0()
2008 0()
2008 0()
2008 0()
2008 0()
2008 0()
2008 0()
2008 0()
2007 0()
2007 8(2019 2020 2021 2022 2023 2024 2025 2026)
2018 0()
2018 0()
2018 0()
2018 0()
2018 0()
2018 0()
2018 0()
2018 0()
2007 0()
2007 8(2029 2030 2031 2032 2033 2034 2035 2036)
2028 0()
2028 0()
2028 0()
2028 0()
2028 0()
2028 0()
2028 0()
2028 0()
2007 0()
2007 8(2039 2040 2041 2042 2043 2044 2045 2046)
2038 0()
2038 0()
2038 0()
2038 0()
2038 0()
2038 0()
2038 0()
2038 0()
2048 0()
-1 8(2047 2049 2050 2051 2060 2061 2062 2063)
2048 0()
2048 0()
2048 8(2052 2053 2054 2055 2056 2057 2058 2059)
2051 0()
2051 0()
2051 0()
2051 0()
2051 0()
2051 0()
2051 0()
2051 0()
2048 0()
2048 0()
2048 0()
2048 8(2064 2065 2066 2067 2068 2069 2070 2071)
2063 0()
2063 0()
2063 0()
2063 0()
2063 0()
2063 0()
2063 0()
2063 0()
2073 0()
-1 8(2072 2074 2075 2076 2077 2078 2079 2080)
2073 0()
2073 0()
2073 0()
2073 0()
2073 0()
2073 0()
2073 0()
2082 0()
2083 8(2147 2148 2149 2150 2151 2152 2081 2153)
-1 8(2082 2084 2093 2102 2111 2120 2129 2138)
2083 8(2085 2086 2087 2088 2089 2090 2091 2092)
2084 0()
2084 0()
2084 0()
2084 0()
2084 0()
2084 0()
2084 0()
2084 0()
2083 8(2094 2095 2096 2097 2098 2099 2100 2101)
2093 0()
2093 0()
2093 0()
2093 0()
2093 0()
2093 0()
2093 0()
2093 0()
2083 8(2103 2104 2105 2106 2107 2108 2109 2110)
2102 0()
2102 0()
2102 0()
2102 0()
2102 0()
2102 0()
2102 0()
2102 0()
2083 8(2112 2113 2114 2115 2116 2117 2118 2119)
2111 0()
2111 0()
2111 0()
2111 0()
2111 0()
2111 0()
2111 0()
2111 0()
2083 8(2121 2122 2123 2124 2125 2126 2127 2128)
2120 0()
2120 0()
2120 0()
2120 0()
2120 0()
2120 0()
2120 0()
2120 0()
2083 8(2130 2131 2132 2133 2134 2135 2136 2137)
2129 0()
2129 0()
2129 0()
2129 0()
2129 0()
2129 0()
2129 0()
2129 0()
2083 8(2139 2140 2141 2142 2143 2144 2145 2146)
2138 0()
2138 0()
2138 0()
2138 0()
2138 0()
2138 0()
2138 0()
2138 0()
2082 0()
2082 0()
2082 0()
2082 0()
2082 0()
2082 0()
2082 0()
2155 0()
-1 8(2154 2156 2157 2158 2159 2160 2161 2162)
2155 0()
2155 0()
2155 0()
2155 0()
2155 0()
2155 0()
2155 0()
2164 0()
2165 8(2229 2230 2231 2232 2233 2234 2163 2235)
-1 8(2164 2166 2175 2184 2193 2202 2211 2220)
2165 8(2167 2168 2169 2170 2171 2172 2173 2174)
2166 0()
2166 0()
2166 0()
2166 0()
2166 0()
2166 0()
2166 0()
2166 0()
2165 8(2176 2177 2178 2179 2180 2181 2182 2183)
2175 0()
2175 0()
2175 0()
2175 0()
2175 0()
2175 0()
2175 0()
2175 0()
2165 8(2185 2186 2187 2188 2189 2190 2191 2192)
2184 0()
2184 0()
2184 0()
2184 0()
2184 0()
2184 0()
2184 0()
2184 0()
2165 8(2194 2195 2196 2197 2198 2199 2200 2201)
2193 0()
2193 0()
2193 0()
2193 0()
2193 0()
2193 0()
2193 0()
2193 0()
2165 8(2203 2204 2205 2206 2207 2208 2209 2210)
2202 0()
2202 0()
2202 0()
2202 0()
2202 0()
2202 0()
2202 0()
2202 0()
2165 8(2212 2213 2214 2215 2216 2217 2218 2219)
2211 0()
2211 0()
2211 0()
2211 0()
2211 0()
2211 0()
2211 0()
2211 0()
2165 8(2221 2222 2223 2224 2225 2226 2227 2228)
2220 0()
2220 0()
2220 0()
2220 0()
2220 0()
2220 0()
2220 0()
2220 0()
2164 0()
2164 0()
2164 0()
2164 0()
2164 0()
2164 0()
2164 0()
2237 0()
-1 8(2236 2238 2239 2240 2241 2242 2243 2244)
2237 0()
2237 0()
2237 0()
2237 0()
2237 0()
2237 0()
2237 0()
2246 0()
2247 8(2311 2312 2313 2314 2315 2245 2316 2317)
-1 8(2246 2248 2257 2266 2275 2284 2293 2302)
2247 8(2249 2250 2251 2252 2253 2254 2255 2256)
2248 0()
2248 0()
2248 0()
2248 0()
2248 0()
2248 0()
2248 0()
2248 0()
2247 8(2258 2259 2260 2261 2262 2263 2264 2265)
2257 0()
2257 0()
2257 0()
2257 0()
2257 0()
2257 0()
2257 0()
2257 0()
2247 8(2267 2268 2269 2270 2271 2272 2273 2274)
2266 0()
2266 0()
2266 0()
2266 0()
2266 0()
2266 0()
2266 0()
2266 0()
2247 8(2276 2277 2278 2279 2280 2281 2282 2283)
2275 0()
2275 0()
2275 0()
2275 0()
2275 0()
2275 0()
2275 0()
2275 0()
2247 8(2285 2286 2287 2288 2289 2290 2291 2292)
2284 0()
2284 0()
2284 0()
2284 0()
2284 0()
2284 0()
2284 0()
2284 0()
2247 8(2294 2295 2296 2297 2298 2299 2300 2301)
2293 0()
2293 0()
2293 0()
2293 0()
2293 0()
2293 0()
2293 0()
2293 0()
2247 8(2303 2304 2305 2306 2307 2308 2309 2310)
2302 0()
2302 0()
2302 0()
2302 0()
2302 0()
2302 0()
2302 0()
2302 0()
2246 0()
2246 0()
2246 0()
2246 0()
2246 0()
2246 0()
2246 0()
2319 0()
-1 8(2318 2320 2321 2322 2323 2324 2325 2326)
2319 0()
2319 0()
2319 0()
2319 0()
2319 0()
2319 0()
2319 0()
2328 0()
-1 8(2329 2330 2331 2332 2333 2327 2334 2335)
2328 0()
2328 0()
2328 0()
2328 0()
2328 0()
2328 0()
2328 0()
2337 0()
-1 8(2336 2338 2339 2340 2341 2342 2343 2344)
2337 0()
2337 0()
2337 0()
2337 0()
2337 0()
2337 0()
2337 0()
2346 0()
-1 8(2347 2348 2349 2350 2351 2345 2352 2353)
2346 0()
2346 0()
2346 0()
2346 0()
2346 0()
2346 0()
2346 0()
2355 0()
-1 8(2354 2356 2357 2358 2359 2360 2361 2362)
2355 0()
2355 0()
2355 0()
2355 0()
2355 0()
2355 0()
2355 0()
2364 0()
-1 8(2363 2365 2374 2375 2384 2385 2394 2395)
2364 8(2366 2367 2368 2369 2370 2371 2372 2373)
2365 0()
2365 0()
2365 0()
2365 0()
2365 0()
2365 0()
2365 0()
2365 0()
2364 0()
2364 8(2376 2377 2378 2379 2380 2381 2382 2383)
2375 0()
2375 0()
2375 0()
2375 0()
2375 0()
2375 0()
2375 0()
2375 0()
2364 0()
2364 8(2386 2387 2388 2389 2390 2391 2392 2393)
2385 0()
2385 0()
2385 0()
2385 0()
2385 0()
2385 0()
2385 0()
2385 0()
2364 0()
2364 8(2396 2397 2398 2399 2400 2401 2402 2403)
2395 0()
2395 0()
2395 0()
2395 0()
2395 0()
2395 0()
2395 0()
2395 0()
2405 0()
-1 8(2404 2406 2407 2408 2409 2410 2411 2412)
2405 0()
2405 0()
2405 0()
2405 0()
2405 0()
2405 0()
2405 0()
2414 0()
2415 8(2479 2480 2481 2482 2483 2484 2413 2485)
-1 8(2414 2416 2425 2434 2443 2452 2461 2470)
2415 8(2417 2418 2419 2420 2421 2422 2423 2424)
2416 0()
2416 0()
2416 0()
2416 0()
2416 0()
2416 0()
2416 0()
2416 0()
2415 8(2426 2427 2428 2429 2430 2431 2432 2433)
2425 0()
2425 0()
2425 0()
2425 0()
2425 0()
2425 0()
2425 0()
2425 0()
2415 8(2435 2436 2437 2438 2439 2440 2441 2442)
2434 0()
2434 0()
2434 0()
2434 0()
2434 0()
2434 0()
2434 0()
2434 0()
2415 8(2444 2445 2446 2447 2448 2449 2450 2451)
2443 0()
2443 0()
2443 0()
2443 0()
2443 0()
2443 0()
2443 0()
2443 0()
2415 8(2453 2454 2455 2456 2457 2458 2459 2460)
2452 0()
2452 0()
2452 0()
2452 0()
2452 0()
2452 0()
2452 0()
2452 0()
2415 8(2462 2463 2464 2465 2466 2467 2468 2469)
2461 0()
2461 0()
2461 0()
2461 0()
2461 0()
2461 0()
2461 0()
2461 0()
2415 8(2471 2472 2473 2474 2475 2476 2477 2478)
2470 0()
2470 0()
2470 0()
2470 0()
2470 0()
2470 0()
2470 0()
2470 0()
2414 0()
2414 0()
2414 0()
2414 0()
2414 0()
2414 0()
2414 0()
2487 0()
2488 8(2552 2553 2554 2555 2556 2557 2486 2558)
-1 8(2487 2489 2498 2507 2516 2525 2534 2543)
2488 8(2490 2491 2492 2493 2494 2495 2496 2497)
2489 0()
2489 0()
2489 0()
2489 0()
2489 0()
2489 0()
2489 0()
2489 0()
2488 8(2499 2500 2501 2502 2503 2504 2505 2506)
2498 0()
2498 0()
2498 0()
2498 0()
2498 0()
2498 0()
2498 0()
2498 0()
2488 8(2508 2509 2510 2511 2512 2513 2514 2515)
2507 0()
2507 0()
2507 0()
2507 0()
2507 0()
2507 0()
2507 0()
2507 0()
2488 8(2517 2518 2519 2520 2521 2522 2523 2524)
2516 0()
2516 0()
2516 0()
2516 0()
2516 0()
2516 0()
2516 0()
2516 0()
2488 8(2526 2527 2528 2529 2530 2531 2532 2533)
2525 0()
2525 0()
2525 0()
2525 0()
2525 0()
2525 0()
2525 0()
2525 0()
2488 8(2535 2536 2537 2538 2539 2540 2541 2542)
2534 0()
2534 0()
2534 0()
2534 0()
2534 0()
2534 0()
2534 0()
2534 0()
2488 8(2544 2545 2546 2547 2548 2549 2550 2551)
2543 0()
2543 0()
2543 0()
2543 0()
2543 0()
2543 0()
2543 0()
2543 0()
2487 0()
2487 0()
2487 0()
2487 0()
2487 0()
2487 0()
2487 0()
2560 0()
-1 8(2559 2561 2562 2563 2564 2565 2566 2567)
2560 0()
2560 0()
2560 0()
2560 0()
2560 0()
2560 0()
2560 0()
2569 0()
-1 8(2568 2570 2571 2572 2573 2574 2575 2576)
2569 0()
2569 0()
2569 0()
2569 0()
2569 0()
2569 0()
2569 0()
2578 0()
-1 8(2577 2579 2588 2589 2598 2599 2608 2609)
2578 8(2580 2581 2582 2583 2584 2585 2586 2587)
2579 0()
2579 0()
2579 0()
2579 0()
2579 0()
2579 0()
2579 0()
2579 0()
2578 0()
2578 8(2590 2591 2592 2593 2594 2595 2596 2597)
2589 0()
2589 0()
2589 0()
2589 0()
2589 0()
2589 0()
2589 0()
2589 0()
2578 0()
2578 8(2600 2601 2602 2603 2604 2605 2606 2607)
2599 0()
2599 0()
2599 0()
2599 0()
2599 0()
2599 0()
2599 0()
2599 0()
2578 0()
2578 8(2610 2611 2612 2613 2614 2615 2616 2617)
2609 0()
2609 0()
2609 0()
2609 0()
2609 0()
2609 0()
2609 0()
2609 0()
2619 0()
2620 8(2684 2685 2686 2687 2688 2618 2689 2690)
-1 8(2619 2621 2630 2639 2648 2657 2666 2675)
2620 8(2622 2623 2624 2625 2626 2627 2628 2629)
2621 0()
2621 0()
2621 0()
2621 0()
2621 0()
2621 0()
2621 0()
2621 0()
2620 8(2631 2632 2633 2634 2635 2636 2637 2638)
2630 0()
2630 0()
2630 0()
2630 0()
2630 0()
2630 0()
2630 0()
2630 0()
2620 8(2640 2641 2642 2643 2644 2645 2646 2647)
2639 0()
2639 0()
2639 0()
2639 0()
2639 0()
2639 0()
2639 0()
2639 0()
2620 8(2649 2650 2651 2652 2653 2654 2655 2656)
2648 0()
2648 0()
2648 0()
2648 0()
2648 0()
2648 0()
2648 0()
2648 0()
2620 8(2658 2659 2660 2661 2662 2663 2664 2665)
2657 0()
2657 0()
2657 0()
2657 0()
2657 0()
2657 0()
2657 0()
2657 0()
2620 8(2667 2668 2669 2670 2671 2672 2673 2674)
2666 0()
2666 0()
2666 0()
2666 0()
2666 0()
2666 0()
2666 0()
2666 0()
2620 8(2676 2677 2678 2679 2680 2681 2682 2683)
2675 0()
2675 0()
2675 0()
2675 0()
2675 0()
2675 0()
2675 0()
2675 0()
2619 0()
2619 0()
2619 0()
2619 0()
2619 0()
2619 0()
2619 0()
2692 0()
-1 8(2693 2694 2695 2696 2697 2691 2698 2699)
2692 0()
2692 0()
2692 0()
2692 0()
2692 0()
2692 0()
2692 0()
2701 0()
-1 8(2700 2702 2703 2704 2705 2706 2707 2708)
2701 0()
2701 0()
2701 0()
2701 0()
2701 0()
2701 0()
2701 0()
2710 0()
-1 8(2711 2712 2713 2714 2715 2709 2716 2717)
2710 0()
2710 0()
2710 0()
2710 0()
2710 0()
2710 0()
2710 0()
2719 0()
-1 8(2718 2720 2721 2722 2723 2724 2725 2726)
2719 0()
2719 0()
2719 0()
2719 0()
2719 0()
2719 0()
2719 0()
2728 0()
-1 8(2729 2730 2731 2732 2733 2727 2734 2735)
2728 0()
2728 0()
2728 0()
2728 0()
2728 0()
2728 0()
2728 0()
2737 0()
-1 8(2736 2738 2747 2748 2757 2758 2767 2768)
2737 8(2739 2740 2741 2742 2743 2744 2745 2746)
2738 0()
2738 0()
2738 0()
2738 0()
2738 0()
2738 0()
2738 0()
2738 0()
2737 0()
2737 8(2749 2750 2751 2752 2753 2754 2755 2756)
2748 0()
2748 0()
2748 0()
2748 0()
2748 0()
2748 0()
2748 0()
2748 0()
2737 0()
2737 8(2759 2760 2761 2762 2763 2764 2765 2766)
2758 0()
2758 0()
2758 0()
2758 0()
2758 0()
2758 0()
2758 0()
2758 0()
2737 0()
2737 8(2769 2770 2771 2772 2773 2774 2775 2776)
2768 0()
2768 0()
2768 0()
2768 0()
2768 0()
2768 0()
2768 0()
2768 0()
2778 0()
2779 8(2843 2844 2845 2846 2847 2848 2777 2849)
-1 8(2778 2780 2789 2798 2807 2816 2825 2834)
2779 8(2781 2782 2783 2784 2785 2786 2787 2788)
2780 0()
2780 0()
2780 0()
2780 0()
2780 0()
2780 0()
2780 0()
2780 0()
2779 8(2790 2791 2792 2793 2794 2795 2796 2797)
2789 0()
2789 0()
2789 0()
2789 0()
2789 0()
2789 0()
2789 0()
2789 0()
2779 8(2799 2800 2801 2802 2803 2804 2805 2806)
2798 0()
2798 0()
2798 0()
2798 0()
2798 0()
2798 0()
2798 0()
2798 0()
2779 8(2808 2809 2810 2811 2812 2813 2814 2815)
2807 0()
2807 0()
2807 0()
2807 0()
2807 0()
2807 0()
2807 0()
2807 0()
2779 8(2817 2818 2819 2820 2821 2822 2823 2824)
2816 0()
2816 0()
2816 0()
2816 0()
2816 0()
2816 0()
2816 0()
2816 0()
2779 8(2826 2827 2828 2829 2830 2831 2832 2833)
2825 0()
2825 0()
2825 0()
2825 0()
2825 0()
2825 0()
2825 0()
2825 0()
2779 8(2835 2836 2837 2838 2839 2840 2841 2842)
2834 0()
2834 0()
2834 0()
2834 0()
2834 0()
2834 0()
2834 0()
2834 0()
2778 0()
2778 0()
2778 0()
2778 0()
2778 0()
2778 0()
2778 0()
2851 0()
-1 8(2850 2852 2853 2854 2855 2856 2857 2858)
2851 0()
2851 0()
2851 0()
2851 0()
2851 0()
2851 0()
2851 0()
2860 0()
-1 8(2859 2861 2862 2863 2864 2865 2866 2867)
2860 0()
2860 0()
2860 0()
2860 0()
2860 0()
2860 0()
2860 0()
2869 0()
-1 8(2870 2868 2871 2872 2873 2874 2875 2876)
2869 0()
2869 0()
2869 0()
2869 0()
2869 0()
2869 0()
2869 0()
2878 0()
-1 8(2879 2880 2881 2882 2883 2877 2884 2885)
2878 0()
2878 0()
2878 0()
2878 0()
2878 0()
2878 0()
2878 0()
2887 0()
-1 8(2886 2888 2889 2890 2891 2892 2893 2894)
2887 0()
2887 0()
2887 0()
2887 0()
2887 0()
2887 0()
2887 0()
2896 0()
-1 8(2897 2898 2899 2900 2901 2895 2902 2903)
2896 0()
2896 0()
2896 0()
2896 0()
2896 0()
2896 0()
2896 0()
2905 0()
-1 8(2904 2906 2907 2908 2909 2910 2911 2912)
2905 0()
2905 0()
2905 0()
2905 0()
2905 0()
2905 0()
2905 0()
2914 0()
-1 8(2913 2915 2924 2925 2934 2935 2944 2945)
2914 8(2916 2917 2918 2919 2920 2921 2922 2923)
2915 0()
2915 0()
2915 0()
2915 0()
2915 0()
2915 0()
2915 0()
2915 0()
2914 0()
2914 8(2926 2927 2928 2929 2930 2931 2932 2933)
2925 0()
2925 0()
2925 0()
2925 0()
2925 0()
2925 0()
2925 0()
2925 0()
2914 0()
2914 8(2936 2937 2938 2939 2940 2941 2942 2943)
2935 0()
2935 0()
2935 0()
2935 0()
2935 0()
2935 0()
2935 0()
2935 0()
2914 0()
2914 8(2946 2947 2948 2949 2950 2951 2952 2953)
2945 0()
2945 0()
2945 0()
2945 0()
2945 0()
2945 0()
2945 0()
2945 0()
2955 0()
-1 8(2954 2956 2957 2958 2959 2960 2961 2962)
2955 0()
2955 0()
2955 0()
2955 0()
2955 0()
2955 0()
2955 0()
2964 0()
2965 8(3029 3030 3031 3032 3033 3034 2963 3035)
-1 8(2964 2966 2975 2984 2993 3002 3011 3020)
2965 8(2967 2968 2969 2970 2971 2972 2973 2974)
2966 0()
2966 0()
2966 0()
2966 0()
2966 0()
2966 0()
2966 0()
2966 0()
2965 8(2976 2977 2978 2979 2980 2981 2982 2983)
2975 0()
2975 0()
2975 0()
2975 0()
2975 0()
2975 0()
2975 0()
2975 0()
2965 8(2985 2986 2987 2988 2989 2990 2991 2992)
2984 0()
2984 0()
2984 0()
2984 0()
2984 0()
2984 0()
2984 0()
2984 0()
2965 8(2994 2995 2996 2997 2998 2999 3000 3001)
2993 0()
2993 0()
2993 0()
2993 0()
2993 0()
2993 0()
2993 0()
2993 0()
2965 8(3003 3004 3005 3006 3007 3008 3009 3010)
3002 0()
3002 0()
3002 0()
3002 0()
3002 0()
3002 0()
3002 0()
3002 0()
2965 8(3012 3013 3014 3015 3016 3017 3018 3019)
3011 0()
3011 0()
3011 0()
3011 0()
3011 0()
3011 0()
3011 0()
3011 0()
2965 8(3021 3022 3023 3024 3025 3026 3027 3028)
3020 0()
3020 0()
3020 0()
3020 0()
3020 0()
3020 0()
3020 0()
3020 0()
2964 0()
2964 0()
2964 0()
2964 0()
2964 0()
2964 0()
2964 0()
3037 0()
-1 8(3036 3038 3039 3040 3041 3042 3043 3044)
3037 0()
3037 0()
3037 0()
3037 0()
3037 0()
3037 0()
3037 0()
3046 0()
3047 8(3045 3111 3112 3113 3114 3115 3116 3117)
-1 8(3048 3057 3066 3075 3084 3046 3093 3102)
3047 8(3049 3050 3051 3052 3053 3054 3055 3056)
3048 0()
3048 0()
3048 0()
3048 0()
3048 0()
3048 0()
3048 0()
3048 0()
3047 8(3058 3059 3060 3061 3062 3063 3064 3065)
3057 0()
3057 0()
3057 0()
3057 0()
3057 0()
3057 0()
3057 0()
3057 0()
3047 8(3067 3068 3069 3070 3071 3072 3073 3074)
3066 0()
3066 0()
3066 0()
3066 0()
3066 0()
3066 0()
3066 0()
3066 0()
3047 8(3076 3077 3078 3079 3080 3081 3082 3083)
3075 0()
3075 0()
3075 0()
3075 0()
3075 0()
3075 0()
3075 0()
3075 0()
3047 8(3085 3086 3087 3088 3089 3090 3091 3092)
3084 0()
3084 0()
3084 0()
3084 0()
3084 0()
3084 0()
3084 0()
3084 0()
3047 8(3094 3095 3096 3097 3098 3099 3100 3101)
3093 0()
3093 0()
3093 0()
3093 0()
3093 0()
3093 0()
3093 0()
3093 0()
3047 8(3103 3104 3105 3106 3107 3108 3109 3110)
3102 0()
3102 0()
3102 0()
3102 0()
3102 0()
3102 0()
3102 0()
3102 0()
3046 0()
3046 0()
3046 0()
3046 0()
3046 0()
3046 0()
3046 0()
3119 0()
-1 8(3120 3121 3122 3123 3124 3118 3125 3126)
3119 0()
3119 0()
3119 0()
3119 0()
3119 0()
3119 0()
3119 0()
3128 0()
-1 8(3127 3129 3130 3131 3132 3133 3134 3135)
3128 0()
3128 0()
3128 0()
3128 0()
3128 0()
3128 0()
3128 0()
3137 0()
-1 8(3136 3138 3147 3148 3157 3158 3167 3168)
3137 8(3139 3140 3141 3142 3143 3144 3145 3146)
3138 0()
3138 0()
3138 0()
3138 0()
3138 0()
3138 0()
3138 0()
3138 0()
3137 0()
3137 8(3149 3150 3151 3152 3153 3154 3155 3156)
3148 0()
3148 0()
3148 0()
3148 0()
3148 0()
3148 0()
3148 0()
3148 0()
3137 0()
3137 8(3159 3160 3161 3162 3163 3164 3165 3166)
3158 0()
3158 0()
3158 0()
3158 0()
3158 0()
3158 0()
3158 0()
3158 0()
3137 0()
3137 8(3169 3170 3171 3172 3173 3174 3175 3176)
3168 0()
3168 0()
3168 0()
3168 0()
3168 0()
3168 0()
3168 0()
3168 0()
3178 0()
3179 8(3243 3244 3245 3246 3247 3248 3177 3249)
-1 8(3178 3180 3189 3198 3207 3216 3225 3234)
3179 8(3181 3182 3183 3184 3185 3186 3187 3188)
3180 0()
3180 0()
3180 0()
3180 0()
3180 0()
3180 0()
3180 0()
3180 0()
3179 8(3190 3191 3192 3193 3194 3195 3196 3197)
3189 0()
3189 0()
3189 0()
3189 0()
3189 0()
3189 0()
3189 0()
3189 0()
3179 8(3199 3200 3201 3202 3203 3204 3205 3206)
3198 0()
3198 0()
3198 0()
3198 0()
3198 0()
3198 0()
3198 0()
3198 0()
3179 8(3208 3209 3210 3211 3212 3213 3214 3215)
3207 0()
3207 0()
3207 0()
3207 0()
3207 0()
3207 0()
3207 0()
3207 0()
3179 8(3217 3218 3219 3220 3221 3222 3223 3224)
3216 0()
3216 0()
3216 0()
3216 0()
3216 0()
3216 0()
3216 0()
3216 0()
3179 8(3226 3227 3228 3229 3230 3231 3232 3233)
3225 0()
3225 0()
3225 0()
3225 0()
3225 0()
3225 0()
3225 0()
3225 0()
3179 8(3235 3236 3237 3238 3239 3240 3241 3242)
3234 0()
3234 0()
3234 0()
3234 0()
3234 0()
3234 0()
3234 0()
3234 0()
3178 0()
3178 0()
3178 0()
3178 0()
3178 0()
3178 0()
3178 0()
3251 0()
-1 8(3250 3252 3253 3254 3255 3256 3257 3258)
3251 0()
3251 0()
3251 0()
3251 0()
3251 0()
3251 0()
3251 0()
3260 0()
3261 8(3325 3326 3327 3328 3329 3330 3259 3331)
-1 8(3260 3262 3271 3280 3289 3298 3307 3316)
3261 8(3263 3264 3265 3266 3267 3268 3269 3270)
3262 0()
3262 0()
3262 0()
3262 0()
3262 0()
3262 0()
3262 0()
3262 0()
3261 8(3272 3273 3274 3275 3276 3277 3278 3279)
3271 0()
3271 0()
3271 0()
3271 0()
3271 0()
3271 0()
3271 0()
3271 0()
3261 8(3281 3282 3283 3284 3285 3286 3287 3288)
3280 0()
3280 0()
3280 0()
3280 0()
3280 0()
3280 0()
3280 0()
3280 0()
3261 8(3290 3291 3292 3293 3294 3295 3296 3297)
3289 0()
3289 0()
3289 0()
3289 0()
3289 0()
3289 0()
3289 0()
3289 0()
3261 8(3299 3300 3301 3302 3303 3304 3305 3306)
3298 0()
3298 0()
3298 0()
3298 0()
3298 0()
3298 0()
3298 0()
3298 0()
3261 8(3308 3309 3310 3311 3312 3313 3314 3315)
3307 0()
3307 0()
3307 0()
3307 0()
3307 0()
3307 0()
3307 0()
3307 0()
3261 8(3317 3318 3319 3320 3321 3322 3323 3324)
3316 0()
3316 0()
3316 0()
3316 0()
3316 0()
3316 0()
3316 0()
3316 0()
3260 0()
3260 0()
3260 0()
3260 0()
3260 0()
3260 0()
3260 0()
3333 0()
-1 8(3332 3334 3335 3336 3337 3338 3339 3340)
3333 0()
3333 0()
3333 0()
3333 0()
3333 0()
3333 0()
3333 0()
3342 0()
-1 8(3341 3343 3344 3345 3346 3347 3348 3349)
3342 0()
3342 0()
3342 0()
3342 0()
3342 0()
3342 0()
3342 0()
3351 0()
3352 8(3416 3417 3418 3419 3420 3421 3350 3422)
-1 8(3351 3353 3362 3371 3380 3389 3398 3407)
3352 8(3354 3355 3356 3357 3358 3359 3360 3361)
3353 0()
3353 0()
3353 0()
3353 0()
3353 0()
3353 0()
3353 0()
3353 0()
3352 8(3363 3364 3365 3366 3367 3368 3369 3370)
3362 0()
3362 0()
3362 0()
3362 0()
3362 0()
3362 0()
3362 0()
3362 0()
3352 8(3372 3373 3374 3375 3376 3377 3378 3379)
3371 0()
3371 0()
3371 0()
3371 0()
3371 0()
3371 0()
3371 0()
3371 0()
3352 8(3381 3382 3383 3384 3385 3386 3387 3388)
3380 0()
3380 0()
3380 0()
3380 0()
3380 0()
3380 0()
3380 0()
3380 0()
3352 8(3390 3391 3392 3393 3394 3395 3396 3397)
3389 0()
3389 0()
3389 0()
3389 0()
3389 0()
3389 0()
3389 0()
3389 0()
3352 8(3399 3400 3401 3402 3403 3404 3405 3406)
3398 0()
3398 0()
3398 0()
3398 0()
3398 0()
3398 0()
3398 0()
3398 0()
3352 8(3408 3409 3410 3411 3412 3413 3414 3415)
3407 0()
3407 0()
3407 0()
3407 0()
3407 0()
3407 0()
3407 0()
3407 0()
3351 0()
3351 0()
3351 0()
3351 0()
3351 0()
3351 0()
3351 0()
3424 0()
3425 8(3423 3489 3490 3491 3492 3493 3494 3495)
-1 8(3426 3435 3444 3453 3424 3462 3471 3480)
3425 8(3427 3428 3429 3430 3431 3432 3433 3434)
3426 0()
3426 0()
3426 0()
3426 0()
3426 0()
3426 0()
3426 0()
3426 0()
3425 8(3436 3437 3438 3439 3440 3441 3442 3443)
3435 0()
3435 0()
3435 0()
3435 0()
3435 0()
3435 0()
3435 0()
3435 0()
3425 8(3445 3446 3447 3448 3449 3450 3451 3452)
3444 0()
3444 0()
3444 0()
3444 0()
3444 0()
3444 0()
3444 0()
3444 0()
3425 8(3454 3455 3456 3457 3458 3459 3460 3461)
3453 0()
3453 0()
3453 0()
3453 0()
3453 0()
3453 0()
3453 0()
3453 0()
3425 8(3463 3464 3465 3466 3467 3468 3469 3470)
3462 0()
3462 0()
3462 0()
3462 0()
3462 0()
3462 0()
3462 0()
3462 0()
3425 8(3472 3473 3474 3475 3476 3477 3478 3479)
3471 0()
3471 0()
3471 0()
3471 0()
3471 0()
3471 0()
3471 0()
3471 0()
3425 8(3481 3482 3483 3484 3485 3486 3487 3488)
3480 0()
3480 0()
3480 0()
3480 0()
3480 0()
3480 0()
3480 0()
3480 0()
3424 0()
3424 0()
3424 0()
3424 0()
3424 0()
3424 0()
3424 0()
)

// visibleCells

4533
(
-1
-1
-1
-1
-1
-1
-1
-1
-1
-1
-1
-1
-1
-1
-1
-1
-1
-1
-1
-1
-1
-1
-1
-1
-1
-1
-1
-1
-1
-1
-1
-1
-1
-1
-1
-1
-1
-1
-1
-1
-1
-1
-1
-1
-1
-1
-1
-1
-1
-1
-1
-1
-1
-1
-1
-1
-1
-1
-1
-1
-1
-1
-1
-1
-1
-1
-1
-1
-1
-1
-1
-1
-1
-1
-1
-1
-1
-1
-1
-1
-1
-1
-1
-1
-1
-1
-1
-1
-1
-1
-1
-1
-1
-1
-1
-1
-1
-1
-1
-1
-1
-1
-1
-1
-1
-1
-1
-1
-1
-1
-1
-1
-1
-1
-1
-1
-1
-1
-1
-1
-1
-1
-1
-1
-1
-1
-1
-1
-1
-1
-1
-1
-1
-1
-1
-1
-1
-1
-1
-1
-1
-1
-1
-1
-1
-1
-1
-1
-1
-1
-1
-1
-1
-1
-1
-1
-1
-1
-1
-1
-1
-1
-1
-1
-1
-1
-1
-1
-1
-1
-1
-1
-1
-1
-1
-1
-1
-1
-1
-1
-1
-1
-1
-1
-1
-1
-1
-1
-1
-1
-1
-1
-1
-1
-1
-1
-1
-1
-1
-1
-1
-1
-1
-1
-1
-1
-1
-1
-1
-1
-1
-1
-1
-1
-1
-1
-1
-1
-1
-1
-1
-1
-1
-1
-1
-1
-1
-1
-1
-1
-1
-1
-1
-1
-1
-1
-1
-1
-1
-1
-1
-1
-1
-1
-1
-1
-1
-1
-1
-1
-1
-1
-1
-1
-1
-1
-1
-1
-1
-1
-1
-1
-1
-1
-1
-1
-1
-1
-1
-1
-1
-1
-1
-1
-1
-1
-1
-1
-1
-1
-1
-1
-1
-1
-1
-1
-1
-1
-1
-1
-1
-1
-1
-1
-1
-1
-1
-1
-1
-1
-1
-1
-1
-1
-1
-1
-1
-1
-1
-1
-1
-1
-1
-1
-1
-1
-1
-1
-1
-1
-1
-1
-1
-1
-1
-1
-1
-1
-1
-1
-1
-1
-1
-1
-1
-1
-1
-1
-1
-1
-1
-1
-1
-1
-1
-1
-1
-1
-1
-1
-1
-1
-1
-1
-1
-1
-1
-1
-1
-1
-1
-1
-1
-1
-1
-1
-1
-1
-1
-1
-1
-1
-1
-1
-1
-1
-1
-1
-1
-1
-1
-1
-1
-1
-1
-1
-1
-1
-1
-1
-1
-1
-1
-1
-1
-1
-1
-1
-1
-1
-1
-1
-1
-1
-1
-1
-1
-1
-1
-1
-1
-1
-1
-1
-1
-1
-1
-1
-1
-1
-1
-1
-1
-1
-1
-1
-1
-1
-1
-1
-1
-1
-1
-1
-1
-1
-1
-1
-1
-1
-1
-1
-1
-1
-1
-1
-1
-1
-1
-1
-1
-1
-1
-1
-1
-1
-1
-1
-1
-1
-1
-1
-1
-1
-1
-1
-1
-1
-1
-1
-1
-1
-1
-1
-1
-1
-1
-1
-1
-1
-1
-1
-1
-1
-1
-1
-1
-1
-1
-1
-1
-1
-1
-1
-1
-1
-1
-1
-1
-1
-1
-1
-1
-1
-1
-1
-1
-1
-1
-1
-1
-1
-1
-1
-1
-1
-1
-1
-1
-1
-1
-1
-1
-1
-1
-1
-1
-1
-1
-1
-1
-1
-1
-1
-1
-1
-1
-1
-1
-1
-1
-1
-1
-1
-1
-1
-1
-1
-1
-1
-1
-1
-1
-1
-1
-1
-1
-1
-1
-1
-1
-1
-1
-1
-1
-1
-1
-1
-1
-1
-1
0
2
3
4
-1
-1
-1
-1
-1
-1
-1
-1
-1
-1
-1
-1
-1
-1
9
11
12
13
-1
-1
-1
-1
-1
-1
-1
-1
-1
-1
-1
-1
-1
-1
-1
-1
-1
-1
5
6
-1
-1
-1
-1
-1
18
20
21
22
7
8
-1
-1
-1
-1
-1
-1
-1
-1
-1
27
29
30
31
-1
-1
-1
36
38
39
40
14
15
16
17
-1
-1
-1
-1
-1
-1
-1
-1
-1
-1
-1
-1
-1
-1
-1
23
24
-1
-1
-1
45
47
50
51
-1
-1
-1
-1
54
56
57
58
25
26
48
49
-1
-1
-1
-1
63
65
66
67
-1
-1
-1
72
74
75
76
32
33
34
35
-1
-1
81
83
84
85
41
42
43
44
90
92
93
94
-1
-1
-1
-1
-1
-1
-1
-1
-1
-1
-1
-1
59
60
-1
-1
-1
115
117
120
121
-1
-1
-1
124
52
53
126
129
130
-1
-1
-1
133
135
136
137
61
62
118
119
-1
-1
-1
142
144
145
146
68
69
70
71
-1
-1
151
153
154
155
77
78
79
80
160
162
163
164
-1
201
203
204
205
86
87
88
89
210
212
213
214
95
96
99
100
103
104
108
109
112
113
-1
-1
-1
-1
-1
-1
-1
-1
-1
138
139
-1
-1
-1
235
237
240
241
-1
-1
-1
244
122
123
246
249
250
-1
-1
-1
127
128
253
131
132
255
258
259
-1
-1
-1
140
141
238
239
-1
-1
262
264
265
266
147
148
149
150
271
273
274
275
-1
312
314
315
316
156
157
158
159
321
323
324
325
167
168
171
172
176
177
180
181
185
186
189
190
194
195
198
199
-1
206
207
208
209
362
364
365
366
215
216
219
220
223
224
228
229
232
233
101
105
379
110
114
381
98
102
107
111
-1
-1
-1
-1
-1
-1
-1
-1
-1
420
422
425
426
-1
-1
-1
429
242
243
431
434
435
-1
-1
-1
247
248
438
251
252
440
443
444
-1
-1
-1
256
400
257
401
447
260
261
449
452
453
-1
-1
-1
423
424
-1
456
458
459
460
267
268
269
270
465
467
468
469
278
279
282
283
287
288
291
292
296
297
300
301
305
306
309
310
-1
317
318
319
320
506
508
509
510
328
329
332
333
337
338
341
342
346
347
350
351
355
356
359
360
173
166
169
170
182
175
178
179
191
184
187
188
200
193
196
197
-1
531
533
534
535
367
368
369
372
373
376
377
221
225
540
230
234
542
218
222
227
231
385
388
384
389
394
397
393
398
383
386
392
395
-1
-1
-1
-1
-1
-1
427
-1
-1
-1
581
428
583
586
587
-1
-1
-1
432
433
590
436
437
592
595
596
-1
-1
-1
441
561
442
562
599
445
446
601
604
605
-1
-1
-1
608
404
406
408
410
610
413
415
417
419
450
629
451
630
649
454
455
651
654
655
-1
-1
-1
-1
461
462
463
464
658
660
661
662
472
473
476
477
481
482
485
486
490
491
494
495
499
500
503
504
284
277
280
281
293
286
289
290
302
295
298
299
311
304
307
308
-1
683
685
686
687
511
514
515
518
519
521
524
525
528
529
334
327
330
331
343
336
339
340
352
345
348
349
361
354
357
358
692
758
760
761
701
696
698
699
710
705
707
708
719
714
716
717
536
538
-1
537
539
765
374
378
767
375
768
371
546
549
545
550
555
558
554
559
544
547
553
556
390
387
399
396
-1
-1
-1
-1
-1
-1
584
588
-1
-1
-1
585
790
589
792
795
796
-1
-1
-1
593
778
594
779
799
597
598
801
804
805
-1
-1
-1
808
565
567
569
571
810
574
576
578
580
602
829
603
830
849
606
607
851
854
855
-1
-1
-1
613
614
617
618
409
403
405
407
622
623
626
627
418
412
414
416
858
633
635
637
639
860
642
644
646
648
652
879
653
880
899
656
657
901
904
905
-1
-1
-1
-1
908
910
911
912
663
666
667
670
671
673
676
677
680
681
478
471
474
475
487
480
483
484
496
489
492
493
505
498
501
502
917
983
985
986
926
921
923
924
935
930
932
933
944
939
941
942
688
690
-1
689
691
516
520
990
513
517
527
530
1001
523
526
1031
1097
1099
1100
1040
1035
1037
1038
1049
1044
1046
1047
1058
1053
1055
1056
759
762
763
764
697
700
702
703
706
709
711
712
715
718
720
721
1104
1107
1109
1111
-1
1106
1108
772
775
771
776
773
777
780
770
551
548
560
557
-1
-1
-1
-1
-1
-1
793
797
-1
-1
-1
1110
794
1113
798
1115
1118
1119
-1
-1
-1
1122
1124
783
785
787
789
802
1135
803
1136
1147
806
807
1149
1152
1153
-1
-1
-1
813
814
817
818
570
564
566
568
822
823
826
827
579
573
575
577
1156
833
835
837
839
1158
842
844
846
848
852
1177
853
1178
1197
856
857
1199
1202
1203
-1
-1
-1
619
612
615
616
728
723
725
726
628
621
624
625
737
732
734
735
863
864
867
868
638
632
634
636
872
873
876
877
647
641
643
645
1206
883
885
887
889
1208
892
894
896
898
902
1227
903
1228
1247
906
907
1249
1252
1253
-1
-1
-1
913
915
-1
914
916
668
672
1256
665
669
679
682
1267
675
678
1297
1363
1365
1366
1306
1301
1303
1304
1315
1310
1312
1313
1324
1319
1321
1322
984
987
988
989
922
925
927
928
931
934
936
937
940
943
945
946
1370
1373
1375
1377
-1
1372
1374
995
998
994
999
1011
993
996
1006
1008
1004
1010
1021
1003
1005
1098
1101
1102
1103
1036
1039
1041
1042
1045
1048
1050
1051
1054
1057
1059
1060
724
729
733
738
742
743
746
747
751
752
755
756
1379
1112
1382
1384
1386
-1
774
788
786
1125
-1
-1
-1
-1
-1
-1
1116
1120
-1
-1
-1
1381
1385
1117
1388
1121
1390
1393
1394
-1
-1
-1
1128
1129
1132
1133
782
784
1397
1137
1399
1140
1142
1144
1146
1150
1410
1151
1411
1422
1154
1155
1424
1427
1428
-1
-1
-1
819
812
815
816
1067
1062
1064
1065
828
821
824
825
1076
1071
1073
1074
1161
1162
1165
1166
838
832
834
836
1170
1171
1174
1175
847
841
843
845
1431
1181
1183
1185
1187
1433
1190
1192
1194
1196
1200
1452
1201
1453
1472
1204
1205
1474
1477
1478
-1
-1
-1
1481
1547
1549
1551
727
730
1491
1485
1487
1489
736
739
869
862
865
866
1517
1512
1514
1515
878
871
874
875
1526
1521
1523
1524
1211
1212
1215
1216
888
882
884
886
1220
1221
1224
1225
897
891
893
895
1554
1231
1233
1235
1237
1556
1240
1242
1244
1246
1250
1575
1251
1576
1595
1254
1255
1597
-1
1600
1601
-1
-1
-1
1604
1607
1609
1611
-1
1606
1608
1261
1264
1260
1265
1277
1259
1262
1272
1274
1270
1276
1287
1269
1271
1364
1367
1368
1369
1302
1305
1307
1308
1311
1314
1316
1317
1320
1323
1325
1326
949
950
953
954
958
959
962
963
967
968
971
972
976
977
980
981
1613
1376
1378
1616
1618
1620
-1
1000
1014
997
1018
1016
1020
1622
1009
1024
1007
1029
1027
1030
1633
1063
1068
1072
1077
1081
1082
1085
1086
1090
1091
1094
1095
748
741
744
745
757
750
753
754
1383
1663
1387
1666
1668
1670
-1
1130
1134
-1
-1
-1
-1
-1
-1
-1
1391
1395
-1
-1
-1
1665
1669
1392
1672
1396
1674
1677
1678
-1
-1
-1
1127
1131
1013
1015
1400
1143
1145
1643
1403
1404
1407
1408
1139
1141
1681
1412
1683
1415
1417
1419
1421
1425
1694
1426
1695
1706
1429
1430
1708
1711
1712
-1
-1
-1
1715
1781
1783
1785
1066
1069
1725
1719
1721
1723
1075
1078
1167
1160
1163
1164
1751
1746
1748
1749
1176
1169
1172
1173
1760
1755
1757
1758
1436
1437
1440
1441
1186
1180
1182
1184
1445
1446
1449
1450
1195
1189
1191
1193
1788
1456
1458
1460
1462
1790
1465
1467
1469
1471
1475
1809
1476
1810
1829
1479
1480
1831
-1
1834
1835
-1
-1
1548
1550
1552
1553
1486
1488
1490
1492
1838
1904
1906
1908
1513
1516
1518
1519
1848
1842
1844
1846
1522
1525
1527
1528
1217
1210
1213
1214
1874
1869
1871
1872
1226
1219
1222
1223
1883
1878
1880
1881
1559
1560
1563
1564
1236
1230
1232
1234
1568
1569
1572
1573
1245
1239
1241
1243
1911
1579
1581
1583
1585
1913
1588
1590
1592
1594
1598
1916
1917
1599
-1
1602
1603
-1
-1
-1
-1
1920
1610
1612
1923
1925
1927
-1
1266
1280
1263
1284
1282
1286
1929
1275
1290
1273
1295
1293
1296
1940
1329
1330
1333
1334
1338
1339
1342
1343
1347
1348
1351
1352
1356
1357
1360
1361
955
948
951
952
964
957
960
961
973
966
969
970
982
975
978
979
1615
1617
1970
1619
1621
1973
1975
1977
-1
1019
1627
1017
1630
1626
1631
1028
1025
1023
1638
1026
1640
1636
1642
1653
1087
1080
1083
1084
1096
1089
1092
1093
1499
1494
1496
1497
1508
1503
1505
1506
-1
1667
1979
1671
1982
1984
1986
-1
-1
1988
1996
1994
1995
-1
-1
-1
-1
-1
-1
-1
1675
1679
-1
-1
-1
1981
1985
1676
1997
1680
1999
2002
2003
-1
-1
-1
1625
1629
1405
1409
2006
1648
1650
1646
1652
1402
1406
1645
1647
1684
1418
1420
2027
1687
1688
1691
1692
1414
1416
2047
1696
2049
1699
1701
1703
1705
1709
2060
1710
2061
2072
1713
1714
2074
-1
2077
2078
-1
-1
1782
1784
1786
1787
1720
1722
1724
1726
2081
2147
2149
2151
1747
1750
1752
1753
2091
2085
2087
2089
1756
1759
1761
1762
1442
1435
1438
1439
2117
2112
2114
2115
1451
1444
1447
1448
2126
2121
2123
2124
1793
1794
1797
1798
1461
1455
1457
1459
1802
1803
1806
1807
1470
1464
1466
1468
2154
1813
1815
1817
1819
2156
1822
1824
1826
1828
1832
2159
2160
1833
-1
1836
1837
-1
-1
1495
1500
1504
1509
1905
1907
1909
1910
1531
1533
1535
1537
1843
1845
1847
1849
1540
1542
1544
1546
2163
2229
2231
2233
1870
1873
1875
1876
2173
2167
2169
2171
1879
1882
1884
1885
1565
1558
1561
1562
2199
2194
2196
2197
1574
1567
1570
1571
2208
2203
2205
2206
1914
1584
1578
1580
1582
1915
1593
1587
1589
1591
1990
1918
1919
1991
-1
-1
-1
-1
-1
-1
1922
1924
2236
1926
1928
2239
2241
2243
-1
1285
1281
1279
1934
1283
1937
1933
1938
1950
1294
1291
1289
1945
1292
1947
1943
1949
1960
1335
1328
1331
1332
1344
1337
1340
1341
1353
1346
1349
1350
1362
1355
1358
1359
2245
2311
2313
2314
2254
2249
2251
2252
2263
2258
2260
2261
2272
2267
2269
2270
-1
1972
1974
2318
1976
1978
2321
2323
2325
-1
1628
1632
1635
1637
1641
1656
1639
1661
1659
1662
2017
1733
1728
1730
1731
1742
1737
1739
1740
1498
1501
1507
1510
-1
2327
2335
2333
2334
-1
1983
2336
1987
2339
2341
2343
-1
-1
-1
1993
2345
2353
1992
2351
2352
-1
-1
-1
-1
-1
-1
-1
2000
2004
-1
-1
-1
2338
2342
2001
2354
2005
2356
-1
2359
2360
-1
-1
2011
2015
2010
2014
1651
1649
2009
2013
1689
1693
2363
2032
2034
2030
2036
2037
1686
1690
2029
2031
2050
1702
1704
2384
2053
2054
2057
2058
1698
1700
2404
2062
2406
2065
2067
2069
2071
2075
2409
2410
2076
-1
2079
2080
-1
-1
1729
1734
1738
1743
2148
2150
2152
2153
1765
1767
1769
1771
2086
2088
2090
2092
1774
1776
1778
1780
2413
2479
2481
2483
2113
2116
2118
2119
2423
2417
2419
2421
2122
2125
2127
2128
1799
1792
1795
1796
2449
2444
2446
2447
1808
1801
1804
1805
2458
2453
2455
2456
2157
1818
1812
1814
1816
2158
1827
1821
1823
1825
2347
2161
2162
2348
-1
-1
-1
1852
1853
1856
1857
1536
1530
1532
1534
1861
1862
1865
1866
1545
1539
1541
1543
2230
2232
2234
2235
1888
1890
1892
1894
2168
2170
2172
2174
1897
1899
1901
1903
2486
2552
2554
2556
2195
2198
2200
2201
2496
2490
2492
2494
2204
2207
2209
2210
2559
2522
2517
2519
2520
2561
2531
2526
2528
2529
2564
2565
-1
-1
-1
-1
-1
-1
-1
2238
2240
2568
2242
2244
2571
2573
2575
-1
1932
1935
1939
1953
1936
1957
1955
1959
2577
1942
1944
1948
1963
1946
1968
1966
1969
2588
2618
2684
2686
2687
2627
2622
2624
2625
2636
2631
2633
2634
2645
2640
2642
2643
2312
2315
2316
2317
2250
2253
2255
2256
2259
2262
2264
2265
2268
2271
2273
2274
-1
2691
2699
2697
2698
-1
2320
2322
2700
2324
2326
2703
2705
2707
-1
1660
1657
1732
1655
2022
1658
2024
2020
2026
1735
1741
1744
2563
2567
-1
-1
2330
2332
2329
2709
2717
2331
2715
2716
-1
2340
2718
2344
2721
2723
2725
-1
-1
-1
-1
2350
2727
2735
2349
2733
2734
-1
-1
-1
-1
-1
-1
-1
2357
-1
2361
-1
-1
2720
2724
2358
-1
2362
-1
-1
2016
2012
2368
2372
2367
2371
2374
2035
2040
2033
2046
2043
2045
2598
2366
2370
2055
2059
2736
2389
2391
2387
2393
2394
2052
2056
2386
2388
2407
2068
2070
2757
2408
2064
2066
2729
2411
2412
2730
-1
-1
-1
2095
2096
2099
2100
1770
1764
1766
1768
2104
2105
2108
2109
1779
1773
1775
1777
2480
2482
2484
2485
2131
2133
2135
2137
2418
2420
2422
2424
2140
2142
2144
2146
2777
2843
2845
2847
2445
2448
2450
2451
2787
2781
2783
2785
2454
2457
2459
2460
2850
2813
2808
2810
2811
2852
2822
2817
2819
2820
2855
2856
-1
-1
-1
1858
1851
1854
1855
2281
2276
2278
2279
1867
1860
1863
1864
2290
2285
2287
2288
2177
2178
2181
2182
1893
1887
1889
1891
2186
2187
2190
2191
1902
1896
1898
1900
2553
2555
2557
2558
2213
2215
2217
2219
2491
2493
2495
2497
2222
2224
2226
2228
2521
2524
2562
2518
2523
2530
2533
2527
2532
2566
-1
-1
-1
-1
-1
-1
-1
2570
2572
2608
2859
2574
2576
2862
2864
2866
-1
2690
1958
2688
1954
1952
2582
1956
2585
2581
2586
1967
2637
1964
2635
1962
2593
1965
2595
2591
2597
2685
2689
2623
2626
2628
2629
2632
2638
2641
2644
2646
2647
2277
2282
2286
2291
2295
2296
2299
2300
2304
2305
2308
2309
2868
2872
2874
2876
-1
-1
2694
2696
2693
2877
2885
2695
2883
2884
-1
2702
2704
2886
2706
2708
2889
2891
2893
-1
2019
2021
2025
2023
2544
2547
2548
2551
-1
-1
-1
2712
2714
2711
2895
2903
2713
2901
2902
-1
2722
2904
2726
2907
-1
2909
2911
-1
-1
-1
-1
2732
2910
2912
2731
-1
-1
-1
-1
-1
-1
-1
-1
-1
2906
-1
-1
-1
2373
2377
2369
2381
2379
2383
2913
2044
2042
2039
2603
2041
2605
2601
2607
2741
2745
2740
2744
2747
2392
2397
2390
2403
2400
2402
2934
2739
2743
2954
2762
2764
2760
2766
2767
2956
2759
2761
2959
2960
-1
-1
-1
2101
2094
2097
2098
2654
2649
2651
2652
2110
2103
2106
2107
2663
2658
2660
2661
2427
2428
2431
2432
2136
2130
2132
2134
2436
2437
2440
2441
2145
2139
2141
2143
2844
2846
2848
2849
2463
2465
2467
2469
2782
2784
2786
2788
2472
2474
2476
2478
2812
2815
2853
2809
2814
2821
2824
2854
2818
2823
2857
2858
-1
-1
-1
2963
3029
3031
3033
2280
2283
2973
2967
2969
2971
2289
2292
2183
2176
2179
2180
2999
2994
2996
2997
2192
2185
2188
2189
3008
3003
3005
3006
2500
2501
2504
2505
2218
2212
2214
2216
2509
2510
2513
2514
2227
2221
2223
2225
2538
2542
2535
2539
2870
2536
2540
2545
2549
2873
-1
-1
-1
-1
-1
-1
-1
2924
2611
2614
2616
2617
2861
2863
2944
3036
2865
2867
3039
3041
3043
-1
2655
2580
2653
2583
2587
2584
2672
2669
2667
2590
2670
2592
2596
2594
2650
2659
2664
2668
2673
2677
2678
2681
2682
2301
2294
2297
2298
2310
2303
2306
2307
3045
3114
3113
3117
3103
3106
3107
3110
2871
2875
-1
-1
-1
2880
2882
2879
3118
3126
2881
3124
3125
-1
2888
2890
3127
2892
2894
3130
-1
3132
3134
2546
2550
-1
-1
-1
-1
2898
2900
2897
3133
3135
2899
2908
-1
-1
-1
-1
-1
-1
-1
-1
-1
-1
-1
-1
-1
-1
-1
-1
-1
2382
2378
2376
2918
2380
2922
2917
2921
2600
2602
2606
2604
2746
2750
2742
2754
2752
2756
3136
2401
2399
2396
2939
2398
2941
2937
2943
2957
2765
2770
2763
2776
2773
2775
3157
2958
2961
2962
-1
-1
-1
3177
3243
3245
3247
2656
3187
3181
3183
3185
2662
2665
2433
2426
2429
2430
3213
3208
3210
3211
2442
2435
2438
2439
3222
3217
3219
3220
2791
2792
2795
2796
2468
2462
2464
2466
2800
2801
2804
2805
2477
2471
2473
2475
2829
2833
2826
2830
3250
2827
2831
2838
2842
2835
2839
3252
2836
2840
3255
3256
-1
-1
-1
3030
3032
3034
3035
2968
2970
2972
2974
3259
3325
3327
3329
2995
2998
3000
3001
3269
3263
3265
3267
3004
3007
3009
3010
2506
2499
2502
2503
3295
3290
3292
3293
2515
2508
2511
2512
3304
3299
3301
3302
3085
2537
2541
3088
3089
3092
-1
-1
-1
-1
-1
-1
-1
2927
2929
2931
2933
2615
2610
2612
2613
3147
2947
2950
2952
2953
3038
3040
3167
3332
3042
3044
3335
-1
3337
3339
3246
3249
3190
2671
2674
3192
3196
3194
2683
2676
2679
2680
2981
2976
2978
2979
2990
2985
2987
2988
2991
2989
3026
3021
3023
3024
3112
3116
3115
3111
3105
3108
3098
3109
3101
3104
3094
3097
3254
3258
-1
-1
-1
-1
3121
3123
3257
3120
3338
3340
3122
3129
3131
-1
-1
-1
-1
-1
-1
-1
-1
-1
-1
-1
-1
-1
-1
-1
-1
-1
-1
-1
-1
-1
-1
2916
2920
2923
2919
3214
3212
2755
2751
2749
3141
2753
3145
3140
3144
2936
2938
2942
2940
3341
2774
2772
2769
3162
2771
3164
3160
3166
3343
3346
3347
-1
-1
-1
3244
3248
3182
3184
3186
3188
3350
3416
3418
3420
3209
3215
3360
3354
3356
3358
3218
3221
3223
3224
2797
2790
2793
2794
3386
3381
3383
3384
2806
2799
2802
2803
3395
3390
3392
3393
3423
2828
2832
3491
3492
3495
3253
3463
2837
2841
3466
3467
3470
-1
-1
-1
2977
2982
2986
3326
3328
3330
3331
3013
3015
3017
3019
3264
3266
3268
3270
3022
3028
3055
3049
3051
3053
3291
3294
3296
3297
3064
3058
3060
3062
3300
3303
3305
3306
3087
3090
3091
3086
-1
-1
-1
-1
-1
-1
-1
2932
2926
2928
2930
3231
3226
3228
3229
3150
3152
3154
3156
2951
2946
2948
2949
3344
3170
3173
3175
3176
3334
3348
3336
-1
3193
3195
3191
3197
3204
3199
3201
3202
2980
2983
2992
3287
3281
3283
3285
3025
3027
3322
3317
3319
3320
3065
3059
3080
3082
3100
3083
3095
3077
3481
3096
3484
3099
3485
3488
-1
-1
-1
-1
3349
-1
-1
-1
-1
-1
-1
-1
-1
-1
-1
-1
-1
-1
-1
-1
-1
-1
-1
-1
-1
-1
-1
3422
3419
3139
3143
3146
3142
3387
3385
3159
3161
3165
3163
3345
-1
-1
-1
3200
3205
3417
3421
3227
3233
3355
3357
3359
3361
3236
3238
3240
3242
3433
3427
3429
3431
3382
3388
3442
3436
3438
3440
3391
3394
3396
3397
3490
3493
3494
3475
3489
3479
3472
3476
3465
3468
3469
3464
-1
-1
-1
3273
3274
3277
3278
3018
3012
3014
3016
3282
3286
3050
3052
3054
3056
3309
3311
3313
3315
3061
3063
3318
3324
-1
-1
-1
-1
-1
-1
-1
3369
3363
3365
3367
3230
3232
3155
3149
3151
3153
3404
3399
3401
3402
3174
3169
3171
3172
-1
3206
3203
3284
3288
3076
3078
3321
3323
3074
3079
3068
3081
3483
3071
3486
3073
3487
3482
-1
-1
-1
-1
-1
-1
-1
-1
-1
-1
-1
-1
-1
-1
-1
-1
-1
-1
-1
-1
-1
-1
-1
-1
-1
-1
3434
3430
-1
-1
-1
3364
3368
3373
3374
3377
3378
3241
3235
3237
3239
3428
3432
3400
3406
3437
3439
3441
3443
3409
3411
3413
3415
3477
3473
3474
3478
-1
-1
-1
3279
3272
3275
3276
3069
3072
3314
3308
3310
3312
-1
-1
-1
-1
-1
-1
-1
3366
3370
3451
3445
3447
3449
3403
3405
-1
3070
3458
3067
3460
3461
3455
-1
-1
-1
-1
-1
-1
-1
-1
-1
-1
-1
-1
-1
-1
-1
-1
-1
-1
-1
-1
-1
-1
-1
-1
-1
-1
-1
-1
-1
3379
3372
3375
3376
3446
3450
3456
3459
3414
3408
3410
3412
3452
-1
-1
-1
-1
-1
-1
-1
-1
-1
-1
3448
-1
3454
3457
-1
-1
-1
-1
-1
-1
-1
-1
-1
-1
-1
-1
-1
-1
-1
-1
-1
-1
-1
-1
-1
-1
-1
-1
-1
-1
-1
-1
-1
-1
-1
-1
-1
-1
-1
-1
-1
-1
-1
-1
-1
-1
-1
-1
-1
-1
-1
-1
-1
-1
-1
-1
-1
-1
-1
-1
-1
-1
-1
-1
-1
-1
-1
-1
-1
-1
-1
-1
-1
-1
-1
-1
-1
-1
-1
-1
-1
-1
-1
-1
-1
-1
-1
-1
-1
-1
-1
-1
-1
-1
-1
-1
-1
-1
-1
-1
-1
-1
-1
-1
-1
-1
-1
-1
-1
-1
-1
-1
-1
-1
-1
-1
-1
-1
-1
-1
-1
-1
-1
-1
-1
-1
-1
-1
-1
-1
-1
-1
-1
-1
-1
-1
-1
-1
-1
-1
-1
-1
-1
-1
-1
-1
-1
-1
-1
-1
-1
-1
-1
-1
-1
-1
-1
-1
-1
-1
-1
-1
-1
-1
-1
-1
-1
-1
-1
-1
-1
-1
-1
-1
-1
-1
-1
-1
-1
-1
-1
-1
-1
-1
-1
-1
-1
-1
-1
-1
-1
-1
-1
-1
-1
-1
-1
-1
-1
-1
-1
-1
-1
-1
-1
-1
-1
-1
-1
-1
-1
-1
-1
-1
-1
-1
-1
-1
-1
-1
-1
-1
-1
-1
-1
-1
-1
-1
-1
-1
-1
-1
-1
-1
-1
-1
-1
-1
-1
-1
-1
-1
-1
-1
-1
-1
-1
-1
-1
-1
-1
-1
-1
-1
-1
-1
-1
-1
-1
-1
-1
-1
-1
-1
-1
-1
-1
-1
-1
-1
-1
)


// ************************************************************************* //
