/*--------------------------------*- C++ -*----------------------------------*\
| =========                 |                                                 |
| \\      /  F ield         | OpenFOAM: The Open Source CFD Toolbox           |
|  \\    /   O peration     | Version:  2406                                  |
|   \\  /    A nd           | Website:  www.openfoam.com                      |
|    \\/     M anipulation  |                                                 |
\*---------------------------------------------------------------------------*/
FoamFile
{
    version     2.0;
    format      ascii;
    arch        "LSB;label=32;scalar=64";
    class       labelList;
    location    "constant/polyMesh";
    object      faceProcAddressing;
}
// * * * * * * * * * * * * * * * * * * * * * * * * * * * * * * * * * * * * * //


14748
(
1
2
3
4
5
6
7
8
9
10
11
12
13
14
15
16
17
18
19
20
21
22
23
24
25
26
27
28
29
30
31
32
33
34
35
36
37
38
39
40
41
42
43
44
45
46
47
48
50
51
52
53
54
55
56
57
58
59
60
61
62
63
64
65
66
67
68
69
70
71
72
73
74
75
76
77
78
79
80
81
82
83
84
85
86
87
88
89
90
91
92
93
94
95
96
97
98
99
104
105
107
108
109
110
111
112
113
114
115
116
117
118
119
120
121
122
123
124
125
126
127
128
129
131
132
133
134
135
136
137
138
139
140
141
142
143
144
145
146
147
148
149
150
151
152
153
154
155
156
157
158
159
160
161
162
163
164
165
166
167
168
169
170
171
172
173
174
185
186
188
189
191
192
193
194
195
196
197
198
199
200
201
202
203
204
205
206
207
208
209
210
211
212
213
214
215
216
217
218
219
224
225
227
228
229
230
231
232
233
234
235
236
237
238
239
240
241
242
243
244
245
246
247
248
249
250
251
252
253
254
255
256
257
258
259
260
261
262
263
264
265
266
267
268
269
270
271
272
273
274
275
276
296
297
299
300
302
303
305
306
307
308
309
310
311
312
313
314
315
316
317
318
319
320
321
322
323
324
325
326
327
328
329
330
331
332
333
334
335
336
337
338
339
349
351
353
354
356
357
358
359
360
361
362
363
364
365
366
367
368
369
370
371
372
373
374
375
376
377
378
379
380
381
382
383
384
385
387
388
389
390
391
392
393
394
395
396
397
398
399
400
401
402
403
404
405
406
407
408
440
441
443
444
446
447
449
450
452
453
454
455
456
457
458
459
460
461
462
463
464
465
466
467
468
469
470
471
472
474
475
476
477
478
479
480
481
482
483
484
485
486
487
488
489
490
491
492
511
513
515
516
518
519
520
521
522
523
524
525
526
527
528
529
530
531
532
533
534
535
536
537
538
539
540
541
542
543
544
545
546
550
552
553
554
555
556
557
558
559
560
561
562
563
564
565
566
567
568
569
570
571
572
573
620
621
623
624
626
627
629
630
632
633
635
636
637
639
640
641
642
643
644
645
646
647
648
649
650
651
652
653
654
655
656
657
661
663
664
665
666
667
668
669
670
671
672
673
674
675
676
677
678
679
680
681
709
711
713
714
716
717
718
719
720
721
722
723
724
725
726
727
728
729
730
731
732
733
734
735
736
737
738
739
740
741
742
743
744
751
753
754
755
756
757
758
759
760
761
762
763
764
765
766
767
768
769
770
771
772
773
774
840
842
843
845
846
848
849
851
852
854
855
857
858
862
864
865
866
867
868
869
870
871
872
873
874
875
876
877
878
879
880
881
882
889
891
892
893
894
895
896
897
898
899
900
901
902
903
904
905
906
907
908
909
946
948
950
951
953
954
955
956
957
958
959
960
961
962
963
964
965
966
967
968
969
970
971
972
973
974
975
976
977
978
979
980
981
991
993
994
995
996
997
998
999
1000
1001
1002
1003
1004
1005
1006
1007
1008
1009
1010
1011
1012
1013
1014
1103
1105
1106
1108
1109
1111
1112
1114
1115
1117
1118
1120
1121
1128
1130
1131
1132
1133
1134
1135
1136
1137
1138
1139
1140
1141
1142
1143
1144
1145
1146
1147
1148
1158
1160
1161
1162
1163
1164
1165
1166
1167
1168
1169
1170
1171
1172
1173
1174
1175
1176
1177
1178
1224
1226
1228
1229
1231
1232
1233
1234
1235
1236
1237
1238
1239
1240
1241
1242
1243
1244
1245
1246
1247
1248
1249
1250
1251
1252
1253
1254
1255
1256
1257
1258
1259
1272
1274
1275
1276
1277
1278
1279
1280
1281
1282
1283
1284
1285
1286
1287
1288
1289
1290
1291
1292
1293
1294
1295
1407
1409
1410
1412
1413
1415
1416
1418
1419
1421
1422
1424
1425
1435
1437
1438
1439
1440
1441
1442
1443
1444
1445
1446
1447
1448
1449
1450
1451
1452
1453
1454
1455
1468
1470
1471
1472
1473
1474
1475
1476
1477
1478
1479
1480
1481
1482
1483
1484
1485
1486
1487
1488
1542
1544
1546
1547
1549
1550
1551
1552
1553
1554
1555
1556
1557
1558
1559
1560
1561
1562
1563
1564
1565
1566
1567
1568
1569
1570
1571
1572
1573
1574
1575
1576
1577
1590
1592
1593
1594
1595
1596
1597
1598
1599
1600
1601
1602
1603
1604
1605
1606
1607
1608
1609
1610
1611
1612
1613
1748
1750
1751
1753
1754
1756
1757
1759
1760
1762
1763
1765
1766
1779
1781
1782
1783
1784
1785
1786
1787
1788
1789
1790
1791
1792
1793
1794
1795
1796
1797
1798
1799
1814
1816
1817
1818
1819
1820
1821
1822
1823
1824
1825
1826
1827
1828
1829
1830
1831
1832
1833
1834
1894
1896
1898
1899
1901
1902
1903
1904
1905
1906
1907
1908
1909
1910
1911
1912
1913
1914
1915
1916
1917
1918
1919
1920
1921
1922
1923
1924
1925
1926
1927
1928
1929
1942
1944
1945
1946
1947
1948
1949
1950
1951
1952
1953
1954
1955
1956
1957
1958
1959
1960
1961
1962
1963
1964
1965
2123
2125
2126
2128
2129
2131
2132
2134
2135
2137
2138
2140
2141
2156
2158
2159
2160
2161
2162
2163
2164
2165
2166
2167
2168
2169
2170
2171
2172
2173
2174
2175
2176
2191
2193
2194
2195
2196
2197
2198
2199
2200
2201
2202
2203
2204
2205
2206
2207
2208
2209
2210
2211
2277
2279
2281
2282
2284
2285
2286
2287
2288
2289
2290
2291
2292
2293
2294
2295
2296
2297
2298
2299
2300
2301
2302
2303
2304
2305
2306
2307
2308
2309
2310
2311
2312
2325
2327
2328
2329
2330
2331
2332
2333
2334
2335
2336
2337
2338
2339
2340
2341
2342
2343
2344
2345
2346
2347
2348
2528
2530
2531
2533
2534
2536
2537
2539
2540
2542
2543
2545
2546
2561
2563
2564
2565
2566
2567
2568
2569
2570
2571
2572
2573
2574
2575
2576
2577
2578
2579
2580
2581
2596
2598
2599
2600
2601
2602
2603
2604
2605
2606
2607
2608
2609
2610
2611
2612
2613
2614
2615
2616
2688
2690
2692
2693
2695
2696
2697
2698
2699
2700
2701
2702
2703
2704
2705
2706
2707
2708
2709
2710
2711
2712
2713
2714
2715
2716
2717
2718
2719
2720
2721
2722
2723
2736
2738
2739
2740
2741
2742
2743
2744
2745
2746
2747
2748
2749
2750
2751
2752
2753
2754
2755
2756
2757
2758
2759
2958
2960
2961
2963
2964
2966
2967
2969
2970
2972
2973
2975
2976
2991
2993
2994
2995
2996
2997
2998
2999
3000
3001
3002
3003
3004
3005
3006
3007
3008
3009
3010
3011
3026
3028
3029
3030
3031
3032
3033
3034
3035
3036
3037
3038
3039
3040
3041
3042
3043
3044
3045
3046
3124
3126
3128
3129
3131
3132
3133
3134
3135
3136
3137
3138
3139
3140
3141
3142
3143
3144
3145
3146
3147
3148
3149
3150
3151
3152
3153
3154
3155
3156
3157
3158
3159
3172
3174
3175
3176
3177
3178
3179
3180
3181
3182
3183
3184
3185
3186
3187
3188
3189
3190
3191
3192
3193
3194
3195
3409
3411
3412
3414
3415
3417
3418
3420
3421
3423
3424
3426
3427
3442
3444
3445
3446
3447
3448
3449
3450
3451
3452
3453
3454
3455
3456
3457
3458
3459
3460
3461
3462
3477
3479
3480
3481
3482
3483
3484
3485
3486
3487
3488
3489
3490
3491
3492
3493
3494
3495
3496
3497
3578
3580
3582
3583
3585
3586
3587
3588
3589
3590
3591
3592
3593
3594
3595
3596
3597
3598
3599
3600
3601
3602
3603
3604
3605
3606
3607
3608
3609
3610
3611
3612
3613
3626
3628
3629
3630
3631
3632
3633
3634
3635
3636
3637
3638
3639
3640
3641
3642
3643
3644
3645
3646
3647
3648
3649
3872
3874
3875
3877
3878
3880
3881
3883
3884
3886
3887
3889
3890
3905
3907
3908
3909
3910
3911
3912
3913
3914
3915
3916
3917
3918
3919
3920
3921
3922
3923
3924
3925
3940
3942
3943
3944
3945
3946
3947
3948
3949
3950
3951
3952
3953
3954
3955
3956
3957
3958
3959
3960
4041
4043
4045
4046
4048
4049
4050
4051
4052
4053
4054
4055
4056
4057
4058
4059
4060
4061
4062
4063
4064
4065
4066
4067
4068
4069
4070
4071
4072
4073
4074
4075
4076
4089
4091
4092
4093
4094
4095
4096
4097
4098
4099
4100
4101
4102
4103
4104
4105
4106
4107
4108
4109
4110
4111
4112
4336
4338
4339
4341
4342
4344
4345
4347
4348
4350
4351
4353
4354
4369
4371
4372
4373
4374
4375
4376
4377
4378
4379
4380
4381
4382
4383
4384
4385
4386
4387
4388
4389
4404
4406
4407
4408
4409
4410
4411
4412
4413
4414
4415
4416
4417
4418
4419
4420
4421
4422
4423
4424
4505
4507
4509
4510
4512
4513
4514
4515
4516
4517
4518
4519
4520
4521
4522
4523
4524
4525
4526
4527
4528
4529
4530
4531
4532
4533
4534
4535
4536
4537
4538
4539
4540
4553
4555
4556
4557
4558
4559
4560
4561
4562
4563
4564
4565
4566
4567
4568
4569
4570
4571
4572
4573
4574
4575
4576
4577
4578
4579
4580
4581
4582
4806
4808
4809
4811
4812
4814
4815
4817
4818
4820
4821
4823
4824
4839
4841
4842
4843
4844
4845
4846
4847
4848
4849
4850
4851
4852
4853
4854
4855
4856
4857
4858
4859
4874
4876
4877
4878
4879
4880
4881
4882
4883
4884
4885
4886
4887
4888
4889
4890
4891
4892
4893
4894
4895
4896
4897
4898
4899
4900
4981
4983
4985
4986
4988
4989
4990
4991
4992
4993
4994
4995
4996
4997
4998
4999
5000
5001
5002
5003
5004
5005
5006
5007
5008
5009
5010
5011
5012
5013
5014
5015
5016
5017
5018
5019
5032
5034
5035
5036
5037
5038
5039
5040
5041
5042
5043
5044
5045
5046
5047
5048
5049
5050
5051
5052
5053
5054
5055
5056
5057
5058
5059
5060
5061
5062
5063
5064
5065
5066
5067
5068
5069
5070
5071
5072
5073
5074
5075
5076
5300
5302
5303
5305
5306
5308
5309
5311
5312
5314
5315
5317
5318
5333
5335
5336
5337
5338
5339
5340
5341
5342
5343
5344
5345
5346
5347
5348
5349
5350
5351
5352
5353
5354
5355
5356
5357
5358
5359
5374
5376
5377
5378
5379
5380
5381
5382
5383
5384
5385
5386
5387
5388
5389
5390
5391
5392
5393
5394
5395
5396
5397
5398
5399
5400
5401
5402
5403
5404
5405
5406
5407
5408
5409
5410
5411
5412
5413
5414
5415
5496
5498
5500
5501
5503
5504
5505
5506
5507
5508
5509
5510
5511
5512
5513
5514
5515
5516
5517
5518
5519
5520
5521
5522
5523
5524
5525
5526
5527
5528
5529
5530
5531
5532
5533
5534
5535
5536
5537
5538
5539
5540
5553
5555
5556
5557
5558
5559
5560
5561
5562
5563
5564
5565
5566
5567
5568
5569
5570
5571
5572
5573
5574
5575
5576
5577
5578
5579
5580
5581
5582
5583
5584
5585
5586
5587
5588
5589
5590
5591
5592
5593
5594
5595
5596
5597
5598
5599
5600
5601
5602
5603
5827
5829
5830
5832
5833
5835
5836
5837
5838
5839
5841
5842
5843
5844
5845
5847
5848
5850
5851
5866
5868
5869
5870
5871
5872
5873
5874
5875
5876
5877
5878
5879
5880
5881
5882
5883
5884
5885
5886
5887
5888
5889
5890
5891
5892
5893
5894
5895
5896
5897
5898
5899
5900
5901
5902
5903
5904
5905
5906
5907
5922
5924
5925
5926
5927
5928
5929
5930
5931
5932
5933
5934
5935
5936
5937
5938
5939
5940
5941
5942
5943
5944
5945
5946
5947
5948
5949
5950
5951
5952
5953
5954
5955
5956
5957
5958
5959
5960
5961
5962
5963
5964
5965
5966
5967
5968
5969
5970
5971
5972
6053
6055
6057
6058
6060
6061
6062
6063
6064
6065
6066
6067
6068
6069
6070
6071
6072
6073
6074
6075
6076
6077
6078
6079
6080
6081
6082
6083
6084
6085
6086
6087
6088
6089
6090
6091
6092
6093
6094
6095
6096
6097
6098
6099
6100
6101
6102
6103
6104
6105
6106
6107
6108
6109
6122
6124
6125
6126
6127
6128
6129
6130
6131
6132
6133
6134
6135
6136
6137
6138
6139
6140
6141
6142
6143
6144
6145
6146
6147
6148
6149
6150
6151
6152
6153
6154
6155
6156
6157
6158
6159
6160
6161
6162
6163
6164
6165
6166
6167
6168
6169
6170
6171
6172
6173
6174
6175
6176
6177
6178
6408
6410
6411
6413
6414
6415
6416
6417
6418
6419
6420
6421
6422
6423
6424
6426
6427
6428
6430
6431
6432
6434
6435
6437
6438
6439
6440
6441
6443
6444
6446
6447
6462
6464
6465
6466
6467
6468
6469
6470
6471
6472
6473
6474
6475
6476
6477
6478
6479
6480
6481
6482
6483
6484
6485
6486
6487
6488
6489
6490
6491
6492
6493
6494
6495
6496
6497
6498
6499
6500
6501
6502
6503
6504
6505
6506
6507
6508
6509
6510
6511
6512
6527
6529
6530
6531
6532
6533
6534
6535
6536
6537
6538
6539
6540
6541
6542
6543
6544
6545
6546
6547
6548
6549
6550
6551
6552
6553
6554
6555
6556
6557
6558
6559
6560
6561
6562
6563
6564
6565
6566
6567
6568
6569
6570
6571
6572
6573
6574
6575
6576
6577
6578
6579
6580
6581
6582
6583
6584
6585
6586
6587
6588
6589
6590
6591
6592
6673
6674
6676
6677
6678
6680
6681
6683
6684
6685
6686
6687
6688
6689
6690
6691
6692
6693
6694
6695
6696
6697
6698
6699
6700
6701
6702
6703
6704
6705
6706
6707
6708
6709
6710
6711
6712
6713
6714
6715
6716
6717
6718
6719
6720
6721
6722
6723
6724
6725
6726
6727
6728
6729
6730
6731
6732
6733
6734
6735
6736
6737
6738
6739
6740
6741
6742
6743
6744
6760
6761
6762
6764
6765
6766
6767
6769
6770
6771
6772
6773
6774
6775
6776
6777
6778
6779
6780
6781
6782
6783
6784
6785
6786
6787
6788
6789
6790
6791
6792
6793
6794
6795
6796
6797
6798
6799
6800
6801
6802
6803
6804
6805
6806
6807
6808
6809
6810
6811
6812
6813
6814
6815
6816
6817
6818
6819
7070
7072
7073
7074
7075
7076
7077
7078
7079
7080
7081
7082
7083
7085
7086
7088
7089
7090
7091
7093
7094
7095
7096
7097
7098
7100
7101
7102
7103
7105
7106
7108
7109
7110
7111
7112
7114
7115
7117
7118
7133
7135
7136
7137
7138
7139
7140
7141
7142
7143
7144
7145
7146
7147
7148
7149
7150
7151
7152
7153
7154
7155
7156
7157
7158
7159
7160
7161
7162
7163
7164
7165
7166
7167
7168
7169
7170
7171
7172
7173
7174
7175
7176
7177
7178
7179
7180
7181
7182
7183
7184
7185
7186
7187
7188
7189
7190
7191
7192
7193
7194
7195
7196
7197
7198
7216
7217
7219
7220
7221
7222
7223
7225
7226
7227
7228
7229
7230
7231
7232
7233
7234
7235
7236
7237
7238
7239
7240
7241
7242
7243
7244
7245
7246
7247
7248
7249
7250
7251
7252
7253
7254
7255
7256
7257
7258
7259
7260
7261
7262
7263
7264
7265
7266
7267
7268
7269
7270
7271
7272
7273
7274
7275
7276
7277
7278
7279
7280
7281
7282
7283
7284
7285
7286
7287
7288
7289
7290
7291
7292
7293
7294
7295
7296
7297
7298
7299
7383
7384
7386
7387
7388
7390
7391
7392
7393
7394
7396
7397
7399
7400
7401
7402
7403
7404
7405
7406
7407
7408
7409
7410
7411
7412
7413
7414
7415
7416
7417
7418
7419
7420
7421
7422
7423
7424
7425
7426
7427
7428
7429
7430
7431
7432
7433
7434
7435
7436
7437
7438
7439
7440
7441
7442
7443
7444
7445
7446
7447
7448
7449
7450
7451
7452
7453
7454
7455
7456
7457
7458
7459
7460
7461
7462
7463
7464
7465
7466
7467
7468
7469
7494
7495
7497
7498
7499
7500
7501
7502
7503
7504
7505
7506
7507
7508
7509
7510
7511
7512
7513
7514
7515
7516
7517
7518
7519
7520
7521
7522
7523
7524
7525
7526
7527
7528
7529
7530
7531
7532
7533
7534
7535
7536
7537
7538
7539
7540
7541
7542
7543
7544
7825
7826
7827
7828
7829
7830
7831
7832
7833
7834
7835
7837
7838
7840
7841
7842
7843
7844
7845
7846
7847
7849
7850
7852
7853
7854
7855
7856
7858
7859
7860
7861
7862
7863
7864
7866
7867
7868
7870
7871
7872
7873
7875
7876
7878
7879
7880
7881
7882
7884
7885
7887
7888
7906
7907
7909
7910
7911
7912
7913
7915
7916
7917
7918
7919
7920
7921
7922
7923
7924
7925
7926
7927
7928
7929
7930
7931
7932
7933
7934
7935
7936
7937
7938
7939
7940
7941
7942
7943
7944
7945
7946
7947
7948
7949
7950
7951
7952
7953
7954
7955
7956
7957
7958
7959
7960
7961
7962
7963
7964
7965
7966
7967
7968
7969
7970
7971
7972
7973
7974
7975
7976
7977
7978
7979
7980
7981
7982
7983
7984
7985
7986
7987
7988
7989
7990
7991
7992
7993
7994
7995
8022
8023
8025
8026
8027
8028
8029
8031
8032
8033
8034
8035
8036
8037
8038
8039
8040
8041
8042
8043
8044
8045
8046
8047
8048
8049
8050
8051
8052
8053
8054
8055
8056
8057
8058
8059
8060
8061
8062
8063
8064
8065
8066
8067
8068
8069
8070
8071
8072
8073
8074
8075
8076
8077
8078
8079
8080
8081
8082
8083
8084
8085
8086
8087
8088
8089
8090
8091
8092
8093
8094
8095
8096
8097
8098
8099
8100
8101
8102
8103
8104
8105
8106
8107
8108
8109
8110
8111
8112
8113
8114
8115
8116
8117
8118
8119
8120
8121
8122
8123
8124
8125
8126
8127
8128
8129
8222
8223
8224
8226
8227
8228
8230
8231
8232
8233
8235
8236
8237
8238
8239
8241
8242
8244
8245
8246
8247
8248
8249
8250
8251
8252
8253
8254
8255
8256
8257
8258
8259
8260
8261
8262
8263
8264
8265
8266
8267
8268
8269
8270
8271
8272
8273
8274
8275
8276
8277
8278
8279
8280
8281
8282
8283
8284
8285
8286
8287
8288
8289
8290
8291
8292
8293
8294
8295
8296
8297
8298
8299
8300
8301
8302
8303
8304
8305
8306
8307
8308
8309
8310
8311
8312
8313
8314
8315
8316
8317
8318
8319
8320
8321
8322
8323
8351
8352
8353
8355
8356
8357
8358
8359
8360
8361
8362
8363
8364
8365
8366
8367
8368
8369
8370
8371
8372
8373
8374
8375
8376
8377
8378
8379
8380
8381
8382
8383
8384
8385
8386
8387
8388
8389
8390
8391
8392
8393
8394
8395
8722
8723
8725
8726
8727
8728
8731
8733
8734
8735
8736
8737
8738
8739
8740
8742
8743
8745
8746
8747
8748
8749
8750
8751
8752
8753
8754
8755
8757
8758
8759
8760
8761
8762
8764
8765
8766
8767
8768
8769
8770
8771
8772
8773
8775
8777
8778
8779
8780
8781
8782
8783
8784
8785
8786
8787
8789
8790
8791
8793
8794
8795
8796
8798
8799
8801
8802
8803
8804
8805
8807
8808
8810
8811
8838
8839
8841
8842
8843
8844
8845
8847
8848
8849
8850
8851
8852
8853
8854
8855
8856
8857
8858
8859
8860
8861
8862
8863
8864
8865
8866
8867
8868
8869
8870
8871
8872
8873
8874
8875
8876
8877
8878
8879
8880
8881
8882
8883
8884
8885
8886
8887
8888
8889
8890
8891
8892
8893
8894
8895
8896
8897
8898
8899
8900
8901
8902
8903
8904
8905
8906
8907
8908
8909
8910
8911
8912
8913
8914
8915
8916
8917
8918
8919
8920
8921
8922
8923
8924
8925
8926
8927
8928
8929
8930
8931
8932
8933
8934
8935
8936
8937
8938
8939
8940
8941
8942
8943
8944
8945
8946
8947
8948
8949
8950
8951
8952
8953
8954
8955
8956
8957
8958
8959
8960
8961
8962
8963
8964
8965
8966
8967
8968
8969
9005
9006
9008
9009
9010
9011
9012
9014
9015
9016
9017
9018
9019
9020
9021
9022
9023
9024
9025
9026
9027
9028
9029
9030
9031
9032
9033
9034
9035
9036
9037
9038
9039
9040
9041
9042
9043
9044
9045
9046
9047
9048
9049
9050
9051
9052
9053
9054
9055
9056
9057
9058
9059
9060
9061
9062
9063
9064
9065
9066
9067
9068
9069
9070
9071
9072
9073
9074
9075
9076
9077
9078
9079
9080
9081
9082
9083
9084
9085
9086
9087
9088
9089
9090
9091
9092
9093
9094
9095
9096
9097
9098
9099
9100
9101
9102
9103
9104
9105
9106
9107
9108
9109
9110
9111
9112
9113
9114
9115
9116
9117
9118
9119
9120
9121
9122
9123
9124
9125
9126
9127
9128
9129
9130
9131
9132
9133
9134
9135
9136
9137
9138
9139
9140
9141
9142
9143
9144
9145
9146
9147
9148
9149
9150
9151
9152
9153
9154
9262
9263
9265
9266
9267
9269
9270
9271
9272
9273
9274
9276
9277
9278
9279
9281
9282
9283
9284
9285
9287
9288
9290
9291
9292
9293
9294
9295
9296
9297
9298
9299
9300
9301
9302
9303
9304
9305
9306
9307
9308
9309
9310
9311
9312
9313
9314
9315
9316
9317
9318
9319
9320
9321
9322
9323
9324
9325
9326
9327
9328
9329
9330
9331
9332
9333
9334
9335
9336
9337
9338
9339
9340
9341
9342
9343
9344
9345
9346
9347
9348
9349
9350
9351
9352
9353
9354
9355
9356
9357
9358
9359
9360
9361
9362
9363
9364
9365
9366
9367
9368
9369
9370
9371
9372
9373
9374
9375
9406
9407
9408
9409
9410
9411
9412
9413
9414
9415
9416
9417
9418
9419
9420
9421
9422
9423
9424
9425
9426
9427
9428
9429
9430
9431
9432
9433
9434
9435
9436
9437
9438
9439
9440
9441
9442
9443
9444
9847
9848
9850
9851
9852
9853
9856
9858
9859
9860
9861
9862
9863
9864
9865
9866
9867
9868
9869
9870
9871
9873
9874
9875
9876
9877
9879
9880
9881
9882
9883
9884
9885
9886
9887
9888
9889
9890
9891
9892
9893
9894
9895
9896
9897
9898
9899
9901
9902
9903
9904
9905
9907
9908
9909
9910
9911
9912
9913
9914
9915
9916
9917
9918
9919
9921
9922
9923
9924
9925
9927
9928
9929
9930
9931
9932
9933
9934
9935
9936
9937
9938
9939
9940
9942
9944
9945
9946
9947
9948
9949
9950
9951
9952
9953
9954
9956
9957
9958
9960
9961
9962
9963
9965
9966
9968
9969
9970
9971
9972
9974
9975
9977
9978
10014
10015
10017
10018
10019
10020
10021
10022
10023
10024
10025
10026
10027
10029
10030
10031
10032
10033
10034
10035
10036
10037
10038
10039
10040
10041
10042
10043
10044
10045
10046
10047
10048
10049
10050
10051
10052
10053
10054
10055
10056
10057
10058
10059
10060
10061
10062
10063
10064
10065
10066
10067
10068
10069
10070
10071
10072
10073
10074
10075
10076
10077
10078
10079
10080
10081
10082
10083
10084
10085
10086
10087
10088
10089
10090
10091
10092
10093
10094
10095
10096
10097
10098
10099
10100
10101
10102
10103
10104
10105
10106
10107
10108
10109
10110
10111
10112
10113
10114
10115
10116
10117
10118
10119
10120
10121
10122
10123
10124
10125
10126
10127
10128
10129
10130
10131
10132
10133
10134
10135
10136
10137
10138
10139
10140
10141
10142
10143
10144
10145
10146
10147
10148
10149
10150
10151
10152
10153
10154
10155
10156
10157
10158
10159
10160
10161
10162
10163
10164
10165
10166
10167
10168
10169
10170
10171
10172
10173
10174
10175
10176
10177
10178
10179
10180
10181
10182
10183
10184
10185
10186
10187
10188
10189
10190
10191
10192
10193
10194
10195
10196
10197
10198
10199
10200
10201
10202
10203
10204
10205
10256
10257
10258
10260
10261
10262
10263
10264
10265
10266
10267
10268
10269
10270
10271
10272
10273
10274
10276
10278
10279
10280
10281
10282
10283
10284
10285
10286
10287
10288
10289
10290
10291
10292
10293
10294
10295
10296
10297
10298
10299
10300
10301
10302
10303
10304
10305
10306
10307
10308
10309
10310
10311
10312
10313
10314
10315
10316
10317
10318
10319
10320
10321
10322
10323
10324
10325
10326
10327
10328
10329
10330
10331
10332
10333
10334
10335
10336
10337
10338
10339
10340
10341
10342
10343
10344
10345
10346
10347
10348
10349
10350
10351
10352
10353
10354
10355
10356
10357
10358
10359
10360
10361
10362
10363
10364
10365
10366
10367
10368
10369
10370
10371
10372
10373
10374
10375
10376
10377
10378
10379
10380
10381
10382
10383
10384
10385
10386
10387
10388
10389
10390
10391
10392
10393
10394
10395
10396
10397
10398
10399
10400
10401
10402
10403
10404
10405
10406
10407
10408
10409
10410
10411
10412
10413
10414
10415
10416
10417
10418
10419
10420
10421
10422
10423
10424
10425
10426
10427
10428
10429
10430
10431
10432
10433
10434
10435
10436
10437
10438
10439
10440
10441
10442
10443
10444
10445
10446
10447
10576
10577
10578
10580
10581
10582
10583
10585
10586
10588
10589
10590
10591
10592
10593
10594
10596
10597
10598
10599
10601
10602
10603
10604
10605
10607
10608
10610
10611
10612
10613
10614
10615
10616
10617
10618
10619
10620
10621
10622
10623
10624
10625
10626
10627
10628
10629
10630
10631
10632
10633
10634
10635
10636
10637
10638
10639
10640
10641
10642
10643
10644
10645
10646
10647
10648
10649
10650
10651
10652
10653
10654
10655
10656
10657
10658
10659
10660
10661
10662
10663
10664
10665
10666
10667
10668
10669
10670
10671
10672
10673
10674
10675
10676
10677
10678
10679
10680
10681
10682
10683
10684
10685
10686
10687
10688
10689
10690
10691
10692
10693
10694
10695
10696
10697
10698
10699
10700
10701
10726
10727
10728
10729
10730
10731
10732
10733
10734
10735
10736
10737
10738
10739
10740
10741
10742
10743
10744
10745
10746
10747
10748
10749
10750
10751
10752
10753
10754
10755
10756
10757
10758
10759
10760
10761
10762
10763
10764
11280
11281
11283
11284
11285
11286
11287
11288
11289
11290
11291
11292
11295
11296
11297
11298
11300
11301
11302
11303
11304
11305
11306
11307
11308
11309
11310
11311
11312
11313
11314
11315
11316
11317
11318
11319
11320
11321
11322
11323
11324
11325
11326
11327
11328
11329
11330
11331
11332
11333
11335
11336
11337
11338
11339
11341
11342
11343
11344
11345
11346
11348
11349
11351
11352
11353
11354
11355
11356
11357
11358
11360
11361
11362
11363
11364
11365
11366
11367
11368
11369
11370
11371
11372
11373
11374
11375
11376
11377
11378
11379
11380
11381
11383
11384
11385
11387
11388
11389
11390
11391
11392
11393
11394
11395
11396
11397
11398
11399
11400
11401
11402
11403
11404
11405
11406
11408
11409
11410
11411
11412
11413
11414
11415
11416
11418
11419
11421
11422
11423
11424
11425
11426
11427
11428
11429
11430
11431
11432
11433
11435
11437
11438
11439
11440
11441
11442
11443
11444
11445
11446
11447
11449
11450
11451
11453
11454
11455
11456
11458
11459
11461
11462
11463
11464
11465
11467
11468
11470
11471
11528
11529
11530
11531
11532
11533
11534
11536
11537
11538
11539
11541
11542
11543
11544
11545
11546
11547
11548
11549
11550
11551
11552
11553
11554
11555
11556
11557
11558
11560
11562
11563
11564
11565
11566
11567
11568
11569
11570
11571
11572
11573
11574
11575
11576
11577
11578
11579
11580
11581
11582
11583
11584
11585
11586
11587
11588
11589
11590
11591
11592
11593
11594
11595
11596
11597
11598
11599
11600
11601
11602
11603
11604
11605
11606
11607
11608
11609
11610
11611
11612
11613
11614
11615
11616
11617
11618
11619
11620
11621
11622
11623
11624
11625
11626
11627
11628
11629
11630
11631
11632
11633
11634
11635
11636
11637
11638
11639
11640
11641
11642
11643
11644
11645
11646
11647
11648
11649
11650
11651
11652
11653
11654
11655
11656
11657
11658
11659
11660
11661
11662
11663
11664
11665
11666
11667
11668
11669
11670
11671
11672
11673
11674
11675
11676
11677
11678
11679
11680
11681
11682
11683
11684
11685
11686
11687
11688
11689
11690
11691
11692
11693
11694
11695
11696
11697
11698
11699
11700
11701
11702
11703
11704
11705
11706
11707
11708
11709
11710
11711
11712
11713
11714
11715
11716
11717
11718
11719
11720
11721
11722
11723
11724
11725
11726
11727
11728
11729
11730
11731
11732
11733
11734
11735
11736
11737
11738
11739
11740
11741
11742
11743
11744
11745
11746
11747
11748
11749
11750
11751
11752
11753
11754
11755
11756
11757
11758
11759
11760
11761
11762
11763
11764
11765
11766
11767
11768
11769
11770
11771
11772
11773
11774
11775
11776
11777
11778
11779
11860
11861
11863
11864
11865
11866
11867
11868
11870
11871
11872
11873
11874
11875
11876
11877
11878
11879
11880
11881
11882
11883
11884
11885
11887
11888
11889
11890
11891
11892
11893
11894
11895
11896
11897
11898
11899
11900
11901
11902
11903
11904
11905
11906
11907
11908
11909
11910
11911
11912
11913
11914
11915
11916
11917
11918
11919
11920
11921
11922
11923
11924
11925
11926
11927
11928
11929
11930
11931
11932
11933
11934
11935
11936
11937
11938
11939
11940
11941
11942
11943
11944
11945
11946
11947
11948
11949
11950
11951
11952
11953
11954
11955
11956
11957
11958
11959
11960
11961
11962
11963
11964
11965
11966
11967
11968
11969
11970
11971
11972
11973
11974
11975
11976
11977
11978
11979
11980
11981
11982
11983
11984
11985
11986
11987
11988
11989
11990
11991
11992
11993
11994
11995
11996
11997
11998
11999
12000
12001
12002
12003
12004
12005
12006
12007
12008
12009
12010
12011
12012
12013
12014
12015
12016
12017
12018
12019
12020
12021
12022
12023
12024
12025
12026
12027
12028
12029
12030
12031
12032
12033
12034
12035
12036
12037
12038
12039
12040
12041
12042
12043
12044
12045
12046
12047
12048
12049
12050
12051
12052
12053
12054
12055
12056
12057
12058
12059
12060
12061
12062
12063
12064
12065
12066
12067
12068
12069
12070
12071
12072
12073
12074
12075
12076
12077
12078
12232
12233
12235
12236
12238
12239
12240
12241
12242
12243
12244
12245
12246
12247
12248
12249
12250
12251
12253
12254
12256
12257
12258
12259
12260
12261
12262
12264
12265
12266
12267
12269
12270
12271
12272
12273
12275
12276
12278
12279
12280
12281
12282
12283
12284
12285
12286
12287
12288
12289
12290
12291
12292
12293
12294
12295
12296
12297
12298
12299
12300
12301
12302
12303
12304
12305
12306
12307
12308
12309
12310
12311
12312
12313
12314
12315
12316
12317
12318
12319
12320
12321
12322
12323
12324
12325
12326
12327
12328
12329
12330
12331
12332
12333
12334
12335
12336
12337
12338
12339
12340
12341
12342
12343
12344
12345
12346
12347
12348
12349
12350
12351
12352
12353
12354
12355
12356
12357
12358
12359
12360
12361
12362
12363
12364
12365
12366
12367
12368
12369
12370
12371
12372
12373
12374
12375
12376
12377
12378
12379
12380
12381
12382
12383
12384
12385
12386
12387
12399
12400
12401
12402
12403
12404
12405
12406
12407
12408
12409
12410
12411
12412
12413
12414
12415
12416
12417
12418
12419
12420
12421
12422
12423
12424
12425
12426
12427
12428
12429
12430
12431
12432
12433
12434
13128
13129
13130
13131
13132
13133
13134
13136
13137
13138
13139
13141
13142
13143
13144
13145
13146
13147
13148
13149
13150
13151
13152
13153
13154
13155
13156
13157
13160
13162
13163
13165
13166
13167
13168
13169
13170
13172
13173
13175
13176
13177
13178
13179
13180
13181
13182
13183
13184
13185
13186
13187
13188
13189
13190
13191
13192
13193
13194
13195
13196
13197
13198
13199
13200
13201
13202
13203
13204
13205
13207
13208
13209
13210
13211
13213
13214
13215
13216
13217
13218
13220
13221
13223
13224
13225
13226
13227
13228
13229
13230
13231
13233
13234
13235
13236
13237
13238
13239
13240
13241
13242
13243
13244
13245
13247
13248
13249
13250
13251
13252
13253
13254
13255
13256
13257
13258
13259
13260
13261
13262
13263
13264
13265
13266
13267
13268
13269
13270
13271
13272
13273
13274
13275
13276
13277
13279
13280
13281
13283
13284
13285
13286
13287
13288
13290
13291
13293
13294
13295
13296
13297
13298
13299
13300
13301
13302
13303
13304
13305
13306
13307
13308
13309
13310
13311
13312
13313
13314
13316
13317
13318
13319
13320
13321
13322
13323
13324
13326
13327
13329
13330
13331
13332
13333
13334
13335
13336
13337
13338
13339
13340
13341
13343
13345
13346
13347
13348
13349
13350
13351
13352
13353
13354
13355
13357
13358
13359
13361
13362
13363
13364
13366
13367
13369
13370
13371
13372
13373
13375
13376
13378
13379
13478
13479
13480
13481
13482
13483
13484
13486
13487
13488
13489
13491
13492
13493
13494
13495
13496
13497
13498
13499
13500
13501
13502
13503
13504
13505
13506
13507
13508
13510
13512
13513
13514
13515
13516
13517
13518
13519
13520
13521
13522
13523
13524
13525
13526
13527
13528
13529
13530
13531
13532
13533
13534
13535
13536
13537
13538
13539
13540
13541
13542
13543
13544
13545
13546
13547
13548
13549
13550
13551
13552
13553
13554
13555
13556
13557
13558
13559
13560
13561
13562
13563
13564
13565
13566
13567
13568
13569
13570
13571
13572
13573
13574
13575
13576
13577
13578
13579
13580
13581
13582
13583
13584
13585
13586
13587
13588
13589
13590
13591
13592
13593
13594
13595
13596
13597
13598
13599
13600
13601
13602
13603
13604
13605
13606
13607
13608
13609
13610
13611
13612
13613
13614
13615
13616
13617
13618
13619
13620
13621
13622
13623
13624
13625
13626
13627
13628
13629
13630
13631
13632
13633
13634
13635
13636
13637
13638
13639
13640
13641
13642
13643
13644
13645
13646
13647
13648
13649
13650
13651
13652
13653
13654
13655
13656
13657
13658
13659
13660
13661
13662
13663
13664
13665
13666
13667
13668
13669
13670
13671
13672
13673
13674
13675
13676
13677
13678
13679
13680
13681
13682
13683
13684
13685
13686
13687
13688
13689
13690
13691
13692
13693
13694
13695
13696
13697
13698
13699
13700
13701
13702
13703
13704
13705
13706
13707
13708
13709
13710
13711
13712
13713
13714
13715
13716
13717
13718
13719
13720
13721
13722
13723
13724
13725
13726
13727
13728
13729
13730
13731
13732
13733
13734
13735
13736
13737
13738
13739
13740
13741
13742
13743
13744
13745
13746
13747
13748
13749
13750
13751
13752
13753
13754
13755
13756
13757
13758
13759
13760
13761
13762
13763
13764
13765
13867
13868
13869
13871
13872
13873
13874
13875
13876
13877
13878
13880
13881
13882
13883
13884
13885
13886
13887
13888
13889
13890
13891
13892
13894
13895
13896
13897
13898
13899
13900
13901
13902
13903
13904
13905
13906
13907
13908
13909
13910
13911
13912
13913
13914
13915
13916
13917
13918
13919
13920
13921
13922
13923
13924
13925
13926
13927
13928
13929
13930
13931
13932
13933
13934
13935
13936
13937
13938
13939
13940
13941
13942
13943
13944
13945
13946
13947
13948
13949
13950
13951
13952
13953
13954
13955
13956
13957
13958
13959
13960
13961
13962
13963
13964
13965
13966
13967
13968
13969
13970
13971
13972
13973
13974
13975
13976
13977
13978
13979
13980
13981
13982
13983
13984
13985
13986
13987
13988
13989
13990
13991
13992
13993
13994
13995
13996
13997
13998
13999
14000
14001
14002
14003
14004
14005
14006
14007
14008
14009
14010
14011
14012
14013
14014
14015
14016
14017
14018
14019
14020
14021
14022
14023
14024
14025
14026
14027
14028
14029
14030
14031
14032
14033
14034
14035
14036
14037
14038
14039
14040
14041
14042
14043
14044
14045
14046
14047
14048
14049
14050
14051
14052
14053
14054
14055
14056
14057
14058
14059
14060
14061
14062
14063
14064
14065
14066
14067
14068
14069
14070
14071
14072
14073
14074
14075
14076
14261
14262
14264
14265
14266
14267
14268
14269
14270
14271
14272
14273
14275
14276
14278
14279
14280
14281
14282
14283
14284
14285
14286
14287
14288
14289
14290
14291
14292
14293
14294
14295
14296
14297
14298
14300
14301
14303
14304
14305
14306
14307
14308
14309
14310
14311
14312
14313
14314
14315
14316
14318
14319
14321
14322
14323
14324
14325
14326
14327
14329
14330
14331
14332
14334
14335
14336
14337
14338
14340
14341
14343
14344
14345
14346
14347
14348
14349
14350
14351
14352
14353
14354
14355
14356
14357
14358
14359
14360
14361
14362
14363
14364
14365
14366
14367
14368
14369
14370
14371
14372
14373
14374
14375
14376
14377
14378
14379
14380
14381
14382
14383
14384
14385
14386
14387
14388
14389
14390
14391
14392
14393
14394
14395
14396
14397
14398
14399
14400
14401
14402
14403
14404
14405
14406
14407
14408
14409
14410
14411
14412
14413
14414
14415
14416
14417
14418
14419
14420
14421
14422
14423
14424
14425
14426
14427
14428
14429
14430
14431
14432
14433
14434
14435
14436
14437
14438
14439
14440
14441
14442
14443
14444
14445
14446
14447
14448
14449
14450
14451
14452
14453
14454
14455
14456
14457
14458
14459
14460
14461
14462
14463
14464
14465
14466
14467
14468
14469
14470
14471
14472
14473
14479
14480
14481
14482
14483
14484
14485
14486
14487
14488
14489
14490
14491
14492
14493
14494
14495
14496
14497
14498
14499
14500
14501
14502
14503
14504
14505
15441
15442
15443
15444
15445
15446
15447
15449
15450
15451
15452
15454
15455
15456
15457
15458
15459
15460
15461
15462
15463
15464
15465
15466
15467
15468
15469
15470
15473
15475
15476
15478
15479
15480
15481
15482
15483
15485
15486
15488
15489
15490
15491
15492
15493
15494
15495
15496
15497
15498
15499
15500
15501
15502
15503
15504
15505
15506
15507
15508
15509
15510
15511
15512
15513
15514
15515
15516
15517
15518
15520
15521
15522
15523
15524
15526
15527
15528
15529
15530
15531
15532
15534
15536
15537
15538
15539
15540
15541
15542
15543
15544
15545
15546
15548
15549
15550
15551
15552
15553
15554
15555
15556
15557
15558
15559
15560
15561
15562
15563
15564
15565
15566
15567
15568
15569
15570
15571
15572
15573
15574
15575
15576
15577
15578
15580
15581
15582
15584
15585
15586
15587
15588
15589
15591
15592
15594
15595
15596
15597
15598
15599
15600
15601
15602
15603
15604
15605
15606
15607
15608
15609
15610
15611
15612
15613
15614
15615
15616
15617
15618
15619
15620
15621
15622
15623
15624
15625
15626
15628
15629
15630
15632
15633
15634
15635
15636
15637
15639
15640
15642
15643
15644
15645
15646
15647
15648
15649
15650
15651
15652
15653
15654
15655
15656
15657
15658
15659
15660
15661
15662
15663
15665
15666
15667
15668
15669
15670
15671
15672
15673
15675
15676
15678
15679
15680
15681
15682
15683
15684
15685
15686
15687
15688
15689
15690
15692
15694
15695
15696
15697
15698
15699
15700
15701
15702
15703
15704
15706
15707
15708
15710
15711
15712
15713
15715
15716
15718
15719
15720
15721
15722
15724
15725
15727
15728
15857
15858
15859
15860
15861
15862
15863
15865
15866
15867
15868
15870
15871
15872
15873
15874
15875
15876
15877
15878
15879
15880
15881
15882
15883
15884
15885
15886
15887
15889
15891
15892
15893
15894
15895
15896
15897
15898
15899
15900
15901
15902
15903
15904
15905
15906
15907
15908
15909
15910
15911
15912
15913
15914
15915
15916
15917
15918
15919
15920
15921
15922
15923
15924
15925
15926
15927
15928
15929
15930
15931
15932
15933
15934
15935
15936
15937
15938
15939
15940
15941
15942
15943
15944
15945
15946
15947
15948
15949
15950
15951
15952
15953
15954
15955
15956
15957
15958
15959
15960
15961
15962
15963
15964
15965
15966
15967
15968
15969
15970
15971
15972
15973
15974
15975
15976
15977
15978
15979
15980
15981
15982
15983
15984
15985
15986
15987
15988
15989
15990
15991
15992
15993
15994
15995
15996
15997
15998
15999
16000
16001
16002
16003
16004
16005
16006
16007
16008
16009
16010
16011
16012
16013
16014
16015
16016
16017
16018
16019
16020
16021
16022
16023
16024
16025
16026
16027
16028
16029
16030
16031
16032
16033
16034
16035
16036
16037
16038
16039
16040
16041
16042
16043
16044
16045
16046
16047
16048
16049
16050
16051
16052
16053
16054
16055
16056
16057
16058
16059
16060
16061
16062
16063
16064
16065
16066
16067
16068
16069
16070
16071
16072
16073
16074
16075
16076
16077
16078
16079
16080
16081
16082
16083
16084
16085
16086
16087
16088
16089
16090
16091
16092
16093
16094
16095
16096
16097
16098
16099
16100
16101
16102
16103
16104
16105
16106
16107
16108
16109
16110
16111
16112
16113
16114
16115
16116
16117
16118
16119
16120
16121
16122
16123
16124
16125
16126
16127
16128
16129
16130
16131
16132
16133
16134
16135
16136
16137
16138
16139
16140
16141
16142
16143
16144
16145
16146
16147
16148
16149
16150
16151
16152
16153
16154
16155
16156
16157
16158
16159
16160
16161
16162
16163
16164
16165
16280
16281
16282
16283
16284
16285
16287
16288
16289
16290
16291
16292
16293
16294
16295
16296
16297
16298
16299
16300
16301
16302
16303
16304
16305
16306
16307
16308
16309
16310
16311
16312
16313
16314
16315
16316
16317
16318
16319
16320
16321
16322
16323
16324
16325
16326
16327
16328
16329
16330
16331
16332
16333
16334
16335
16336
16337
16338
16339
16340
16341
16342
16343
16344
16345
16346
16347
16348
16349
16350
16351
16352
16353
16354
16355
16356
16357
16358
16359
16360
16361
16362
16363
16364
16365
16366
16367
16368
16369
16370
16371
16372
16373
16374
16375
16376
16377
16378
16379
16380
16381
16382
16383
16384
16385
16386
16387
16388
16389
16390
16391
16392
16393
16394
16395
16396
16397
16398
16399
16400
16401
16402
16403
16404
16405
16406
16407
16408
16409
16410
16411
16412
16413
16414
16415
16416
16417
16418
16419
16420
16421
16422
16423
16424
16425
16426
16427
16428
16429
16430
16431
16432
16433
16434
16435
16436
16437
16438
16439
16440
16441
16442
16443
16444
16445
16446
16447
16691
16692
16693
16694
16695
16696
16697
16699
16700
16701
16702
16704
16705
16706
16707
16708
16709
16710
16712
16713
16715
16716
16717
16718
16719
16720
16721
16722
16723
16724
16725
16726
16727
16728
16729
16730
16731
16732
16733
16734
16735
16736
16737
16738
16739
16740
16742
16743
16744
16745
16746
16747
16748
16749
16750
16751
16753
16754
16756
16757
16758
16759
16760
16761
16762
16763
16764
16765
16766
16767
16768
16769
16770
16771
16772
16773
16774
16775
16776
16778
16779
16781
16782
16783
16784
16785
16786
16787
16788
16789
16790
16791
16792
16793
16794
16796
16797
16799
16800
16801
16802
16803
16804
16805
16807
16808
16809
16810
16812
16813
16814
16815
16816
16818
16819
16821
16822
16823
16824
16825
16826
16827
16828
16829
16830
16831
16832
16833
16834
16835
16836
16837
16838
16839
16840
16841
16842
16843
16844
16845
16846
16847
16848
16849
16850
16851
16852
16853
16854
16855
16856
16857
16858
16859
16860
16861
16862
16863
16864
16865
16866
16867
16868
16869
16870
16871
16872
16873
16874
16875
16876
16877
16878
16879
16880
16881
16882
16883
16884
16885
16886
16887
16888
16889
16890
16891
16892
16893
16894
16895
16896
16897
16898
16899
16900
16901
16902
16903
16904
16905
16906
16907
16908
16909
16910
16911
16912
16913
16914
16915
16916
16917
16918
16919
16920
16921
16922
16923
16924
16925
16926
16927
16928
16929
16930
16931
16932
16933
16934
16935
16936
16937
16938
16939
16940
16941
16942
16943
16944
16945
16946
16947
16948
16949
16950
16951
16952
16953
16954
16955
16956
16957
16958
16959
16960
16961
16962
16963
16964
16965
16966
16967
16968
16969
16970
16971
16972
16973
16974
16975
16976
16977
16978
16979
16980
16981
16982
16983
16984
16985
16986
16987
16988
16989
16990
16991
18181
18182
18183
18184
18185
18186
18187
18189
18190
18191
18192
18194
18195
18196
18197
18198
18199
18200
18201
18202
18203
18204
18205
18206
18207
18208
18209
18210
18213
18215
18216
18218
18219
18220
18221
18222
18223
18225
18226
18228
18229
18230
18231
18232
18233
18234
18235
18236
18237
18238
18239
18240
18241
18242
18243
18244
18245
18246
18247
18248
18249
18250
18251
18252
18254
18255
18256
18257
18258
18260
18261
18262
18263
18265
18266
18267
18268
18269
18270
18271
18272
18273
18274
18275
18276
18277
18278
18279
18280
18281
18282
18283
18284
18285
18286
18287
18288
18289
18290
18291
18292
18293
18294
18296
18297
18298
18300
18301
18302
18303
18304
18305
18307
18308
18310
18311
18312
18313
18314
18315
18316
18317
18318
18319
18320
18321
18322
18323
18324
18325
18326
18327
18328
18329
18330
18331
18332
18333
18334
18335
18336
18337
18338
18339
18340
18341
18342
18344
18345
18346
18348
18349
18350
18351
18352
18353
18355
18356
18358
18359
18360
18361
18362
18363
18364
18365
18366
18367
18368
18369
18370
18371
18372
18373
18374
18375
18376
18377
18378
18379
18380
18381
18382
18383
18384
18385
18386
18387
18388
18389
18390
18392
18393
18394
18396
18397
18398
18399
18400
18401
18403
18404
18406
18407
18408
18409
18410
18411
18412
18413
18414
18415
18416
18417
18418
18419
18420
18421
18422
18423
18424
18425
18426
18427
18429
18430
18431
18432
18433
18434
18435
18436
18437
18439
18440
18442
18443
18444
18445
18446
18447
18448
18449
18450
18451
18452
18453
18454
18456
18458
18459
18460
18461
18462
18463
18464
18465
18466
18467
18468
18470
18471
18472
18474
18476
18477
18478
18479
18480
18482
18483
18485
18486
18488
18489
18636
18637
18638
18639
18640
18641
18642
18643
18645
18646
18647
18649
18650
18651
18652
18653
18654
18655
18656
18657
18658
18659
18660
18661
18662
18663
18664
18665
18666
18668
18670
18671
18672
18673
18674
18675
18676
18677
18678
18679
18680
18681
18682
18683
18684
18685
18686
18687
18688
18689
18690
18691
18692
18693
18694
18695
18696
18697
18698
18699
18700
18701
18702
18703
18704
18705
18706
18707
18708
18709
18710
18711
18712
18713
18714
18715
18716
18717
18718
18719
18720
18721
18722
18723
18724
18725
18726
18727
18728
18729
18730
18731
18732
18733
18734
18735
18736
18737
18738
18739
18740
18741
18742
18743
18744
18745
18746
18747
18748
18749
18750
18751
18752
18753
18754
18755
18756
18757
18758
18759
18760
18761
18762
18763
18764
18765
18766
18767
18768
18769
18770
18771
18772
18773
18774
18775
18776
18777
18778
18779
18780
18781
18782
18783
18784
18785
18786
18787
18788
18789
18790
18791
18792
18793
18794
18795
18796
18797
18798
18799
18800
18801
18802
18803
18804
18805
18806
18807
18808
18809
18810
18811
18812
18813
18814
18815
18816
18817
18818
18819
18820
18821
18822
18823
18824
18825
18826
18827
18828
18829
18830
18831
18832
18833
18834
18835
18836
18837
18838
18839
18840
18841
18842
18843
18844
18845
18846
18847
18848
18849
18850
18851
18852
18853
18854
18855
18856
18857
18858
18859
18860
18861
18862
18863
18864
18865
18866
18867
18868
18869
18870
18871
18872
18873
18874
18875
18876
18877
18878
18879
18880
18881
18882
18883
18884
18885
18886
18887
18888
18889
18890
18891
18892
18893
18894
18895
18896
18897
18898
18899
18900
18901
18902
18903
18904
18905
18906
18907
18908
18909
18910
18911
18912
18913
18914
18915
18916
18917
18918
18919
18920
18921
18922
18923
18924
18925
18926
18927
18928
18929
18930
18931
18932
18933
18934
18935
18936
18937
18938
19029
19030
19031
19032
19033
19034
19035
19036
19037
19038
19039
19040
19041
19042
19043
19044
19045
19046
19047
19048
19049
19050
19051
19052
19053
19054
19055
19056
19057
19058
19059
19060
19061
19062
19063
19064
19065
19066
19067
19068
19069
19070
19071
19072
19073
19074
19075
19076
19077
19078
19079
19080
19081
19082
19083
19084
19085
19086
19087
19088
19089
19090
19091
19092
19093
19094
19095
19096
19097
19098
19099
19100
19101
19102
19103
19104
19105
19106
19107
19108
19109
19110
19111
19112
19113
19114
19115
19116
19117
19118
19119
19120
19121
19122
19123
19124
19125
19126
19127
19128
19129
19130
19131
19132
19133
19134
19135
19136
19137
19138
19139
19140
19141
19142
19143
19144
19145
19146
19147
19148
19149
19150
19151
19152
19153
19495
19496
19497
19498
19499
19500
19501
19503
19504
19505
19506
19508
19509
19510
19511
19512
19513
19514
19516
19517
19518
19520
19521
19522
19523
19524
19525
19526
19527
19528
19529
19530
19531
19532
19533
19534
19535
19536
19537
19538
19539
19540
19541
19542
19543
19544
19545
19546
19547
19548
19549
19551
19552
19553
19554
19556
19557
19558
19559
19560
19561
19562
19564
19565
19567
19568
19569
19570
19571
19572
19573
19574
19575
19576
19577
19578
19579
19580
19581
19582
19583
19584
19585
19586
19587
19588
19589
19590
19591
19592
19594
19595
19596
19597
19598
19599
19600
19601
19602
19603
19605
19606
19608
19609
19610
19611
19612
19613
19614
19615
19616
19617
19618
19619
19620
19621
19622
19623
19624
19625
19626
19627
19628
19630
19631
19633
19634
19635
19636
19637
19638
19639
19640
19641
19642
19643
19644
19645
19646
19648
19649
19651
19652
19653
19654
19655
19656
19657
19659
19660
19661
19662
19664
19665
19666
19667
19668
19670
19671
19673
19674
19675
19676
19677
19678
19679
19680
19681
19682
19683
19684
19685
19686
19687
19688
19689
19690
19691
19692
19693
19694
19695
19696
19697
19698
19699
19700
19701
19702
19703
19704
19705
19706
19707
19708
19709
19710
19711
19712
19713
19714
19715
19716
19717
19718
19719
19720
19721
19722
19723
19724
19725
19726
19727
19728
19729
19730
19731
19732
19733
19734
19735
19736
19737
19738
19739
19740
19741
19742
19743
19744
19745
19746
19747
19748
19749
19750
19751
19752
19753
19754
19755
19756
19757
19758
19759
19760
19761
19762
19763
19764
19765
19766
19767
19768
19769
19770
19771
19772
19773
19774
19775
19776
19777
19778
19779
19780
19781
19782
19783
19784
19785
19786
19787
19788
19789
19790
19791
19792
19793
19794
19795
19796
19797
19798
19799
19800
19801
19802
19803
19804
19805
19806
19807
19808
19809
19810
19811
19812
19813
19814
19815
19816
19817
19818
19819
19820
19821
19822
19823
19824
19825
19826
19827
19828
19829
19830
19831
19832
19833
19834
19835
19836
19837
19838
19839
19840
21249
21250
21251
21252
21253
21254
21255
21257
21258
21259
21260
21262
21263
21264
21265
21266
21267
21268
21269
21270
21271
21272
21273
21274
21275
21276
21277
21278
21281
21283
21284
21286
21287
21288
21289
21290
21291
21293
21294
21296
21297
21298
21299
21300
21301
21302
21303
21304
21305
21306
21307
21308
21309
21310
21311
21312
21313
21315
21316
21317
21318
21319
21321
21322
21323
21324
21325
21326
21327
21328
21329
21330
21331
21332
21333
21334
21335
21336
21337
21338
21339
21340
21341
21342
21343
21344
21346
21347
21348
21350
21351
21353
21354
21355
21356
21357
21358
21359
21360
21361
21362
21363
21364
21365
21366
21367
21368
21369
21370
21371
21372
21373
21374
21375
21376
21377
21378
21379
21380
21381
21382
21383
21384
21385
21386
21388
21389
21390
21392
21393
21394
21395
21396
21397
21399
21400
21402
21403
21404
21405
21406
21407
21408
21409
21410
21411
21412
21413
21414
21415
21416
21417
21418
21419
21420
21421
21422
21423
21424
21425
21426
21427
21428
21429
21430
21431
21432
21433
21434
21436
21437
21438
21440
21441
21442
21443
21444
21445
21447
21448
21450
21451
21452
21453
21454
21455
21456
21457
21458
21459
21460
21461
21462
21463
21464
21465
21466
21467
21468
21469
21470
21471
21472
21473
21474
21475
21476
21477
21478
21479
21480
21481
21482
21484
21485
21486
21488
21489
21490
21491
21492
21493
21495
21496
21498
21499
21500
21501
21502
21503
21504
21505
21506
21507
21508
21509
21510
21511
21512
21513
21514
21515
21516
21518
21519
21520
21521
21522
21523
21525
21526
21528
21529
21530
21531
21532
21533
21534
21535
21536
21538
21539
21540
21542
21544
21545
21546
21547
21549
21550
21551
21552
21554
21556
21557
21559
21560
21707
21708
21709
21710
21711
21712
21714
21715
21716
21717
21718
21719
21720
21721
21722
21723
21724
21725
21727
21729
21730
21731
21732
21733
21734
21735
21736
21737
21738
21739
21740
21741
21742
21743
21744
21745
21746
21747
21748
21749
21750
21751
21752
21753
21754
21755
21756
21757
21758
21759
21760
21761
21762
21763
21764
21765
21766
21767
21768
21769
21770
21771
21772
21773
21774
21775
21776
21777
21778
21779
21780
21781
21782
21783
21784
21785
21786
21787
21788
21789
21790
21791
21792
21793
21794
21795
21796
21797
21798
21799
21800
21801
21802
21803
21804
21805
21806
21807
21808
21809
21810
21811
21812
21813
21814
21815
21816
21817
21818
21819
21820
21821
21822
21823
21824
21825
21826
21827
21828
21829
21830
21831
21832
21833
21834
21835
21836
21837
21838
21839
21840
21841
21842
21843
21844
21845
21846
21847
21848
21849
21850
21851
21852
21853
21854
21855
21856
21857
21858
21859
21860
21861
21862
21863
21864
21865
21866
21867
21868
21869
21870
21871
21872
21873
21874
21875
21876
21877
21878
21879
21880
21881
21882
21883
21884
21885
21886
21887
21888
21889
21890
21891
21892
21893
21894
21895
21896
21897
21898
21899
21900
21901
21902
21903
21904
21905
21906
21907
21908
21909
21910
21911
21912
21913
21914
21915
21916
21917
21918
21919
21920
21921
21922
21923
21924
21925
21926
21927
21928
21929
21930
21931
21932
21933
21934
21935
21936
21937
21938
21939
21940
21941
21942
21943
21944
21945
21946
21947
21948
21949
21950
21951
21952
21953
21954
21955
21956
21957
21958
21959
21960
21961
21962
21963
21964
21965
21966
21967
21968
21969
22029
22030
22031
22032
22033
22034
22035
22036
22037
22038
22039
22040
22041
22042
22043
22044
22045
22046
22047
22048
22049
22050
22051
22052
22053
22054
22055
22056
22057
22058
22059
22060
22061
22062
22063
22064
22065
22066
22067
22068
22069
22070
22071
22072
22073
22074
22075
22076
22077
22078
22079
22080
22081
22082
22083
22084
22085
22086
22087
22088
22089
22090
22091
22092
22093
22094
22095
22096
22097
22098
22099
22100
22101
22102
22103
22104
22105
22106
22107
22108
22109
22110
22111
22112
22113
22114
22115
22116
22117
22118
22119
22120
22121
22580
22581
22582
22583
22584
22585
22586
22588
22589
22590
22591
22593
22594
22595
22597
22598
22599
22600
22601
22602
22603
22604
22605
22606
22607
22608
22609
22610
22611
22612
22613
22614
22615
22616
22617
22618
22619
22620
22621
22622
22624
22625
22626
22627
22629
22630
22631
22632
22633
22634
22635
22637
22638
22640
22641
22642
22643
22644
22645
22646
22647
22648
22649
22650
22651
22652
22653
22654
22655
22656
22657
22658
22659
22660
22661
22662
22663
22664
22665
22666
22667
22668
22669
22670
22672
22673
22674
22675
22677
22678
22679
22680
22681
22682
22683
22685
22686
22688
22689
22690
22691
22692
22693
22694
22695
22696
22697
22698
22699
22700
22701
22702
22703
22704
22705
22706
22707
22708
22709
22710
22711
22712
22713
22715
22716
22717
22718
22719
22720
22721
22722
22723
22724
22726
22727
22729
22730
22731
22732
22733
22734
22735
22736
22737
22738
22739
22740
22741
22742
22743
22744
22745
22746
22747
22748
22749
22751
22752
22754
22755
22756
22757
22758
22759
22760
22761
22762
22763
22764
22765
22766
22767
22769
22770
22772
22773
22774
22775
22776
22777
22778
22780
22781
22782
22784
22785
22786
22788
22789
22791
22792
22793
22794
22795
22796
22797
22798
22799
22800
22801
22802
22803
22804
22805
22806
22807
22808
22809
22810
22811
22812
22813
22814
22815
22816
22817
22818
22819
22820
22821
22822
22823
22824
22825
22826
22827
22828
22829
22830
22831
22832
22833
22834
22835
22836
22837
22838
22839
22840
22841
22842
22843
22844
22845
22846
22847
22848
22849
22850
22851
22852
22853
22854
22855
22856
22857
22858
22859
22860
22861
22862
22863
22864
22865
22866
22867
22868
22869
22870
22871
22872
22873
22874
22875
22876
22877
22878
22879
22880
22881
22882
22883
22884
22885
22886
22887
22888
22889
22890
22891
22892
22893
22894
22895
22896
22897
22898
22899
22900
22901
22902
22903
22904
22905
22906
22907
22908
22909
22910
22911
22912
22913
22914
22915
22916
22917
22918
22919
22920
22921
22922
22923
22924
22925
22926
22927
22928
22929
22930
22931
22932
22933
22934
22935
22936
22938
22939
22940
22941
22942
22943
22944
22945
24505
24506
24507
24508
24509
24510
24511
24513
24514
24515
24516
24518
24519
24520
24521
24522
24523
24524
24525
24526
24527
24528
24529
24530
24531
24532
24533
24534
24537
24539
24540
24542
24543
24544
24545
24546
24547
24549
24550
24552
24553
24554
24555
24556
24557
24558
24559
24561
24562
24563
24564
24565
24566
24567
24568
24569
24570
24571
24572
24573
24574
24575
24576
24577
24578
24579
24580
24581
24582
24584
24585
24586
24588
24589
24590
24591
24592
24593
24594
24595
24596
24597
24598
24599
24600
24601
24602
24603
24604
24605
24606
24607
24608
24609
24610
24611
24612
24613
24614
24615
24616
24617
24618
24620
24621
24622
24624
24625
24626
24627
24628
24629
24631
24632
24634
24635
24636
24637
24638
24639
24640
24641
24642
24643
24644
24645
24646
24647
24648
24649
24650
24651
24652
24653
24654
24655
24656
24657
24658
24659
24660
24661
24662
24663
24664
24665
24666
24668
24669
24670
24672
24673
24674
24675
24676
24677
24679
24680
24682
24683
24684
24685
24686
24687
24688
24689
24690
24691
24692
24693
24694
24695
24696
24697
24698
24699
24700
24701
24702
24703
24704
24705
24706
24707
24708
24709
24710
24711
24712
24713
24714
24716
24717
24718
24720
24721
24722
24723
24724
24725
24727
24728
24730
24731
24732
24733
24734
24735
24736
24737
24738
24739
24740
24741
24742
24743
24744
24745
24746
24747
24748
24749
24750
24752
24753
24754
24755
24756
24757
24759
24761
24762
24763
24764
24765
24766
24767
24768
24770
24771
24772
24774
24776
24777
24779
24780
24781
24782
24784
24785
24786
24787
24788
24789
24791
24793
24794
24796
24797
24950
24951
24952
24953
24954
24955
24956
24958
24960
24961
24962
24963
24964
24965
24966
24967
24968
24969
24970
24971
24972
24973
24974
24975
24976
24977
24978
24979
24980
24981
24982
24983
24984
24985
24986
24987
24988
24989
24990
24991
24992
24993
24994
24995
24996
24997
24998
24999
25000
25001
25002
25003
25004
25005
25006
25007
25008
25009
25010
25011
25012
25013
25014
25015
25016
25017
25018
25019
25020
25021
25022
25023
25024
25025
25026
25027
25028
25029
25030
25031
25032
25033
25034
25035
25036
25037
25038
25039
25040
25041
25042
25043
25044
25045
25046
25047
25048
25049
25050
25051
25052
25053
25054
25055
25056
25057
25058
25059
25060
25061
25062
25063
25064
25065
25066
25067
25068
25069
25070
25071
25072
25073
25074
25075
25076
25077
25078
25079
25080
25081
25082
25083
25084
25085
25086
25087
25088
25089
25090
25091
25092
25093
25094
25095
25096
25097
25098
25099
25100
25101
25102
25103
25104
25105
25106
25107
25108
25109
25110
25111
25112
25113
25114
25115
25116
25117
25118
25119
25120
25121
25122
25123
25124
25125
25126
25127
25128
25129
25130
25131
25132
25133
25134
25135
25136
25137
25138
25139
25140
25141
25142
25143
25144
25145
25146
25147
25148
25149
25150
25151
25152
25153
25154
25155
25156
25157
25158
25159
25160
25161
25162
25163
25164
25165
25166
25167
25168
25169
25170
25171
25172
25173
25174
25175
25176
25177
25213
25214
25215
25216
25217
25218
25219
25220
25221
25222
25223
25224
25225
25226
25227
25228
25229
25230
25231
25232
25233
25234
25235
25236
25237
25238
25239
25240
25241
25242
25243
25244
25245
25246
25247
25248
25249
25250
25251
25252
25253
25254
25255
25256
25257
25258
25259
25260
25261
25262
25263
25264
25265
25267
25268
25269
25270
25271
25272
25835
25836
25837
25838
25839
25840
25841
25842
25844
25845
25846
25848
25849
25850
25851
25852
25853
25854
25855
25856
25857
25858
25859
25860
25861
25862
25863
25864
25865
25867
25868
25869
25870
25872
25873
25874
25875
25876
25877
25878
25880
25881
25883
25884
25885
25886
25887
25888
25889
25890
25891
25892
25893
25894
25895
25896
25897
25898
25899
25900
25901
25902
25903
25904
25905
25906
25907
25908
25909
25910
25911
25912
25913
25915
25916
25917
25918
25920
25921
25922
25923
25924
25925
25926
25928
25929
25931
25932
25933
25934
25935
25936
25937
25938
25939
25940
25941
25942
25943
25944
25945
25946
25947
25948
25949
25950
25951
25952
25953
25954
25955
25956
25957
25958
25959
25960
25961
25963
25964
25965
25966
25968
25969
25970
25971
25972
25973
25974
25976
25977
25979
25980
25981
25982
25983
25984
25985
25986
25987
25988
25989
25990
25991
25992
25993
25994
25995
25996
25997
25998
25999
26000
26001
26002
26003
26004
26006
26007
26008
26009
26010
26011
26012
26014
26015
26017
26018
26019
26020
26021
26022
26023
26024
26025
26026
26027
26028
26029
26030
26031
26032
26033
26034
26036
26037
26039
26040
26041
26042
26043
26044
26045
26047
26048
26049
26051
26053
26054
26056
26057
26058
26059
26060
26061
26062
26063
26064
26065
26066
26067
26068
26069
26070
26071
26072
26073
26074
26075
26076
26077
26078
26079
26080
26081
26082
26083
26084
26085
26086
26087
26088
26089
26090
26091
26092
26093
26094
26095
26096
26097
26098
26099
26100
26101
26102
26103
26104
26105
26106
26107
26108
26109
26110
26111
26112
26113
26114
26115
26116
26117
26118
26119
26120
26121
26122
26123
26124
26125
26126
26127
26128
26129
26130
26131
26132
26133
26134
26135
26136
26137
26138
26139
26140
26141
26142
26143
26144
26145
26147
26148
26149
26150
26151
26152
26153
26154
26155
26156
26157
26158
26159
26160
26166
26167
26168
26169
26170
26171
26172
26173
27810
27811
27812
27813
27814
27815
27816
27818
27819
27820
27821
27823
27824
27825
27826
27827
27828
27829
27830
27831
27832
27833
27834
27835
27836
27837
27838
27839
27842
27844
27845
27847
27848
27849
27850
27851
27852
27854
27855
27857
27858
27859
27860
27861
27862
27863
27864
27865
27867
27868
27869
27870
27871
27872
27873
27874
27875
27876
27877
27878
27879
27881
27882
27883
27884
27885
27886
27887
27888
27889
27890
27891
27892
27893
27894
27895
27896
27897
27898
27899
27900
27901
27902
27903
27904
27905
27906
27907
27908
27909
27910
27911
27913
27914
27915
27917
27918
27919
27920
27921
27922
27924
27925
27927
27928
27929
27930
27931
27932
27933
27934
27935
27936
27937
27938
27939
27940
27941
27942
27943
27944
27945
27946
27947
27948
27949
27950
27951
27952
27953
27954
27955
27956
27957
27958
27959
27961
27962
27963
27965
27966
27967
27968
27969
27970
27972
27973
27975
27976
27977
27978
27979
27980
27981
27982
27983
27984
27985
27986
27987
27988
27989
27990
27991
27992
27993
27994
27995
27996
27997
27998
27999
28000
28001
28002
28003
28004
28005
28006
28007
28009
28010
28011
28013
28014
28015
28016
28017
28018
28020
28021
28023
28024
28025
28026
28027
28028
28029
28030
28031
28032
28033
28034
28035
28036
28037
28038
28039
28040
28041
28042
28043
28044
28045
28047
28048
28049
28050
28051
28052
28053
28054
28056
28058
28059
28060
28061
28062
28063
28064
28065
28067
28068
28069
28071
28073
28074
28076
28077
28079
28080
28081
28082
28084
28086
28087
28088
28089
28090
28091
28093
28094
28096
28097
28226
28227
28228
28229
28230
28231
28232
28234
28235
28237
28238
28239
28240
28241
28242
28243
28244
28245
28246
28247
28248
28249
28250
28251
28252
28253
28254
28255
28256
28257
28258
28259
28260
28261
28262
28263
28264
28265
28266
28267
28268
28269
28270
28271
28272
28273
28274
28275
28276
28277
28278
28279
28280
28281
28282
28283
28284
28285
28286
28287
28288
28289
28290
28291
28292
28293
28294
28295
28296
28297
28298
28299
28300
28301
28302
28303
28304
28305
28306
28307
28308
28309
28310
28311
28312
28313
28314
28315
28316
28317
28318
28319
28320
28321
28322
28323
28324
28325
28326
28327
28328
28329
28330
28331
28332
28333
28334
28335
28336
28337
28338
28339
28340
28341
28342
28343
28344
28345
28346
28347
28348
28349
28350
28351
28352
28353
28354
28355
28356
28357
28358
28359
28360
28361
28362
28363
28364
28365
28366
28367
28368
28369
28370
28371
28372
28373
28374
28375
28376
28377
28378
28379
28380
28381
28382
28383
28384
28385
28386
28387
28388
28389
28390
28391
28392
28393
28394
28395
28396
28397
28398
28399
28400
28401
28402
28403
28404
28405
28406
28407
28408
28409
28410
28411
28412
28413
28414
28415
28416
28417
28418
28419
28420
28421
28422
28423
28424
28425
28427
28428
28429
28430
28431
28432
28461
28462
28463
28464
28465
28466
28467
28468
28469
28470
28471
28473
28474
28475
28476
28477
28478
28479
28480
28481
28482
28483
28484
28485
28486
28487
28488
28489
28490
28491
28492
28493
28495
28497
28505
28506
28507
28508
28509
28510
29144
29145
29146
29147
29148
29149
29151
29152
29153
29154
29155
29156
29157
29158
29159
29161
29162
29163
29164
29166
29167
29168
29169
29170
29171
29172
29174
29175
29177
29178
29179
29180
29181
29182
29183
29184
29185
29186
29187
29188
29189
29190
29191
29192
29193
29194
29195
29196
29197
29198
29199
29200
29201
29203
29204
29205
29206
29208
29209
29210
29211
29212
29213
29214
29216
29217
29219
29220
29221
29222
29223
29224
29225
29226
29227
29228
29229
29230
29231
29232
29233
29234
29235
29236
29237
29238
29239
29240
29241
29242
29243
29244
29245
29246
29247
29248
29249
29251
29252
29253
29254
29256
29257
29258
29259
29260
29261
29262
29264
29265
29267
29268
29269
29270
29271
29272
29273
29274
29275
29276
29277
29278
29279
29280
29281
29282
29283
29284
29285
29286
29287
29288
29289
29290
29291
29292
29293
29295
29296
29297
29298
29299
29300
29301
29303
29305
29306
29307
29308
29309
29310
29311
29312
29313
29314
29315
29316
29317
29319
29321
29322
29323
29325
29327
29328
29330
29331
29332
29333
29334
29335
29336
29337
29338
29339
29340
29341
29342
29343
29344
29345
29346
29347
29348
29349
29350
29351
29352
29353
29354
29355
29356
29357
29358
29359
29360
29361
29362
29363
29364
29365
29366
29367
29368
29369
29370
29371
29372
29373
29374
29375
29376
29377
29378
29379
29380
29381
29382
29383
29384
29385
29386
29387
29388
29389
29390
29391
29392
29396
29398
29399
29400
29401
29402
29403
29404
29405
29406
29407
29408
29409
29410
29411
29417
29418
29419
29420
29421
29422
29423
29424
31097
31098
31099
31100
31101
31102
31103
31105
31106
31107
31108
31110
31111
31112
31113
31114
31115
31116
31117
31118
31119
31120
31121
31122
31123
31124
31125
31126
31129
31131
31132
31134
31135
31136
31137
31138
31139
31140
31142
31144
31145
31146
31147
31148
31149
31150
31151
31152
31153
31154
31156
31157
31158
31159
31160
31161
31162
31163
31164
31165
31166
31167
31168
31169
31170
31171
31172
31173
31174
31175
31176
31177
31178
31179
31180
31181
31182
31183
31184
31185
31186
31188
31189
31190
31192
31193
31194
31195
31196
31197
31199
31200
31202
31203
31204
31205
31206
31207
31208
31209
31210
31211
31212
31213
31214
31215
31216
31217
31218
31219
31220
31221
31222
31223
31224
31225
31226
31227
31228
31229
31230
31231
31232
31233
31234
31236
31237
31238
31240
31241
31242
31243
31244
31245
31247
31248
31250
31251
31252
31253
31254
31255
31256
31257
31258
31259
31260
31261
31262
31263
31264
31265
31266
31267
31268
31269
31270
31271
31272
31273
31274
31275
31276
31277
31278
31279
31280
31281
31282
31284
31285
31286
31288
31289
31290
31291
31292
31293
31295
31296
31298
31299
31300
31301
31302
31303
31304
31305
31306
31307
31308
31309
31310
31311
31312
31313
31314
31315
31316
31317
31318
31319
31321
31322
31323
31324
31326
31327
31328
31329
31330
31331
31332
31334
31335
31336
31337
31338
31339
31340
31342
31343
31344
31346
31348
31349
31351
31352
31354
31355
31357
31358
31359
31360
31361
31363
31364
31365
31367
31368
31370
31371
31372
31373
31374
31377
31378
31380
31381
31499
31500
31501
31503
31504
31505
31506
31507
31508
31509
31510
31511
31512
31513
31514
31515
31516
31517
31518
31519
31520
31521
31522
31523
31524
31525
31526
31527
31528
31529
31530
31531
31532
31533
31534
31535
31536
31537
31538
31539
31540
31541
31542
31543
31544
31545
31546
31547
31548
31549
31550
31551
31552
31553
31554
31555
31556
31557
31558
31559
31560
31561
31562
31563
31564
31565
31566
31567
31568
31569
31570
31571
31572
31573
31574
31575
31576
31577
31578
31579
31580
31581
31582
31583
31584
31585
31586
31587
31588
31589
31590
31591
31592
31593
31594
31595
31596
31597
31598
31599
31600
31601
31602
31603
31604
31605
31606
31607
31608
31609
31610
31611
31612
31613
31614
31615
31616
31617
31618
31619
31620
31621
31622
31623
31624
31625
31626
31627
31628
31630
31631
31632
31633
31634
31635
31636
31637
31638
31639
31640
31641
31642
31643
31644
31645
31646
31647
31648
31649
31650
31652
31654
31662
31663
31664
31665
31666
31667
31690
31691
31695
31697
31698
31699
31700
31701
31702
31703
31704
31705
31706
31707
31708
31709
31716
31731
31732
31733
31734
31735
31736
32388
32389
32390
32391
32392
32393
32394
32396
32397
32398
32399
32401
32402
32403
32404
32405
32406
32408
32409
32411
32412
32413
32414
32415
32416
32417
32418
32419
32420
32421
32422
32423
32424
32426
32427
32428
32429
32431
32432
32433
32434
32435
32436
32437
32439
32440
32442
32443
32444
32445
32446
32447
32448
32449
32450
32451
32452
32453
32454
32455
32456
32457
32458
32459
32460
32461
32462
32463
32464
32465
32466
32468
32469
32470
32471
32473
32474
32475
32476
32477
32478
32479
32481
32482
32484
32485
32486
32487
32488
32489
32490
32491
32492
32493
32494
32495
32496
32497
32498
32499
32500
32501
32502
32503
32504
32505
32506
32507
32508
32509
32510
32511
32513
32514
32515
32516
32517
32518
32519
32520
32522
32524
32525
32526
32527
32528
32529
32530
32531
32532
32533
32534
32535
32536
32538
32540
32542
32543
32545
32546
32547
32548
32549
32550
32551
32552
32553
32554
32555
32556
32557
32558
32559
32560
32561
32562
32563
32564
32565
32566
32567
32568
32569
32570
32571
32572
32573
32574
32575
32576
32577
32578
32579
32580
32581
32588
32590
32591
32592
32593
32594
32595
32596
32597
32598
32599
32600
32601
32602
32603
32609
32610
32611
32612
32613
32614
32615
32616
34324
34325
34326
34327
34328
34329
34330
34331
34333
34334
34335
34337
34338
34339
34340
34341
34342
34343
34344
34345
34346
34347
34350
34352
34353
34355
34356
34357
34358
34360
34361
34362
34363
34364
34365
34366
34367
34368
34369
34370
34371
34372
34373
34374
34375
34376
34377
34378
34379
34380
34381
34382
34383
34384
34385
34386
34387
34388
34389
34391
34392
34393
34395
34396
34397
34398
34399
34400
34402
34403
34405
34406
34407
34408
34409
34410
34411
34412
34413
34414
34415
34416
34417
34418
34419
34420
34421
34422
34423
34424
34425
34426
34427
34428
34429
34430
34431
34432
34433
34434
34435
34436
34437
34439
34440
34441
34443
34444
34445
34446
34447
34448
34450
34451
34453
34454
34455
34456
34457
34458
34459
34460
34461
34462
34463
34464
34465
34466
34467
34468
34469
34470
34471
34472
34473
34474
34475
34476
34477
34478
34479
34480
34481
34482
34483
34484
34485
34487
34488
34489
34491
34492
34493
34494
34495
34496
34498
34499
34501
34502
34503
34504
34505
34506
34507
34508
34509
34510
34511
34512
34513
34514
34515
34516
34517
34518
34519
34520
34521
34522
34523
34524
34525
34526
34527
34528
34529
34531
34532
34533
34535
34536
34537
34538
34539
34541
34542
34543
34544
34545
34546
34547
34549
34550
34551
34552
34553
34554
34556
34557
34559
34562
34564
34565
34567
34568
34570
34571
34573
34574
34575
34576
34577
34578
34580
34581
34582
34586
34595
34596
34598
34599
34696
34697
34698
34699
34700
34701
34702
34703
34704
34705
34706
34707
34708
34709
34710
34711
34712
34713
34714
34715
34716
34717
34718
34719
34720
34721
34722
34723
34724
34725
34726
34727
34728
34729
34730
34731
34732
34733
34734
34735
34736
34737
34738
34739
34740
34741
34742
34743
34744
34745
34746
34747
34748
34749
34750
34751
34752
34753
34754
34755
34756
34757
34758
34759
34760
34761
34762
34763
34764
34765
34766
34767
34768
34769
34770
34771
34773
34774
34775
34776
34778
34779
34783
34785
34786
34787
34788
34789
34790
34791
34792
34793
34794
34795
34796
34797
34798
34806
34821
34822
34823
34824
34825
34826
34855
34857
34858
34859
34860
34861
34862
34863
34864
34865
34866
34867
34868
34869
34893
34894
34895
34896
34897
34898
35518
35519
35520
35521
35522
35523
35525
35526
35527
35529
35530
35531
35532
35533
35534
35536
35537
35538
35540
35541
35542
35543
35544
35545
35546
35547
35548
35550
35551
35552
35553
35555
35556
35557
35558
35559
35560
35562
35563
35565
35566
35567
35568
35569
35570
35571
35572
35573
35574
35575
35576
35577
35578
35580
35581
35582
35583
35585
35586
35587
35588
35589
35590
35591
35593
35594
35596
35597
35598
35599
35600
35601
35602
35603
35604
35605
35606
35607
35608
35609
35610
35611
35612
35613
35614
35615
35616
35618
35619
35620
35621
35622
35624
35625
35626
35627
35628
35630
35632
35633
35635
35636
35637
35638
35639
35640
35641
35642
35643
35644
35645
35646
35647
35648
35649
35650
35651
35652
35653
35654
35655
35656
35657
35658
35659
35660
35661
35662
35663
35673
35675
35676
35677
35678
35679
35680
35681
35682
35683
35684
35685
35686
35687
35688
35694
35695
35696
35697
35698
35699
35700
35701
37421
37422
37423
37424
37425
37427
37428
37429
37430
37431
37434
37436
37437
37439
37440
37441
37442
37443
37444
37445
37446
37447
37448
37449
37450
37451
37452
37453
37454
37455
37456
37457
37458
37459
37461
37462
37463
37465
37466
37468
37469
37470
37471
37472
37473
37474
37475
37476
37477
37478
37479
37480
37481
37482
37483
37484
37485
37486
37487
37488
37489
37490
37491
37492
37493
37494
37495
37496
37497
37498
37499
37500
37501
37503
37504
37505
37507
37508
37509
37510
37511
37512
37514
37515
37517
37518
37519
37520
37521
37522
37523
37524
37525
37526
37527
37528
37529
37530
37531
37532
37533
37534
37535
37536
37537
37538
37539
37540
37541
37542
37543
37544
37545
37546
37547
37548
37549
37551
37552
37553
37555
37556
37557
37558
37559
37560
37562
37563
37565
37566
37567
37568
37569
37570
37571
37572
37573
37574
37575
37576
37577
37578
37579
37580
37581
37582
37583
37584
37585
37586
37587
37588
37589
37591
37592
37594
37595
37597
37598
37599
37600
37601
37603
37604
37605
37606
37607
37609
37610
37611
37612
37614
37615
37616
37617
37619
37622
37629
37631
37632
37634
37635
37637
37638
37640
37641
37642
37666
37667
37669
37670
37732
37733
37734
37735
37736
37737
37738
37739
37740
37741
37742
37743
37744
37745
37746
37747
37748
37749
37750
37751
37752
37753
37754
37755
37756
37757
37758
37759
37760
37761
37762
37763
37764
37765
37766
37767
37768
37769
37770
37771
37772
37773
37775
37776
37794
37796
37797
37798
37799
37800
37801
37802
37803
37804
37805
37806
37807
37808
37837
37838
37839
37840
37841
37842
37874
37876
37877
37878
37879
37880
37881
37882
37883
37884
37885
37886
37887
37888
37912
37913
37914
37915
37916
37917
38485
38486
38487
38488
38489
38490
38492
38493
38494
38496
38497
38499
38500
38501
38502
38503
38504
38505
38507
38508
38509
38511
38512
38513
38514
38515
38516
38518
38519
38521
38522
38523
38524
38525
38526
38527
38528
38529
38530
38532
38533
38534
38535
38537
38538
38539
38540
38541
38542
38544
38545
38547
38548
38549
38550
38551
38552
38553
38554
38555
38557
38559
38561
38562
38564
38565
38566
38567
38568
38569
38570
38571
38572
38573
38574
38575
38576
38577
38578
38579
38580
38581
38582
38583
38584
38585
38586
38587
38588
38589
38590
38591
38592
38605
38607
38608
38609
38610
38611
38612
38613
38614
38615
38616
38617
38618
38619
38620
38621
38622
38623
38624
38625
38626
38627
38628
40307
40310
40312
40313
40314
40315
40316
40317
40318
40319
40320
40321
40322
40323
40324
40326
40327
40328
40330
40331
40332
40333
40334
40335
40336
40337
40338
40339
40340
40341
40342
40343
40344
40345
40346
40347
40348
40349
40350
40351
40352
40353
40354
40356
40357
40358
40360
40361
40362
40363
40364
40365
40367
40368
40370
40371
40372
40373
40374
40375
40376
40377
40378
40379
40380
40381
40382
40383
40384
40385
40386
40387
40388
40389
40390
40391
40392
40393
40394
40395
40396
40397
40398
40399
40400
40401
40402
40404
40405
40406
40408
40409
40410
40411
40412
40413
40415
40416
40418
40419
40420
40421
40422
40423
40424
40425
40426
40427
40428
40429
40430
40431
40432
40433
40434
40435
40436
40437
40439
40440
40442
40450
40451
40453
40454
40455
40457
40458
40460
40461
40462
40463
40464
40465
40466
40469
40471
40493
40495
40496
40498
40499
40501
40502
40504
40505
40536
40537
40539
40540
40579
40580
40581
40582
40583
40584
40585
40586
40591
40592
40611
40613
40614
40615
40616
40617
40618
40619
40620
40621
40622
40623
40624
40625
40655
40656
40657
40658
40659
40660
40689
40691
40692
40693
40694
40695
40696
40697
40698
40699
40700
40701
40702
40703
40712
40713
40714
40715
40716
40717
41259
41260
41262
41263
41265
41266
41267
41268
41269
41270
41272
41273
41274
41276
41277
41278
41280
41281
41283
41284
41285
41286
41287
41289
41290
41292
41293
41294
41295
41296
41297
41299
41300
41302
41303
41304
41305
41307
41309
41310
41312
41313
41314
41315
41316
41317
41318
41319
41320
41321
41322
41323
41324
41325
41326
41327
41328
41329
41330
41331
41332
41333
41334
41335
41336
41337
41338
41339
41340
41353
41355
41356
41357
41358
41359
41360
41361
41362
41363
41364
41365
41366
41367
41368
41369
41370
41371
41372
41373
41374
41375
41376
43013
43014
43017
43019
43020
43022
43025
43026
43027
43028
43029
43030
43031
43032
43033
43034
43035
43036
43038
43039
43040
43042
43043
43044
43046
43047
43049
43053
43055
43056
43057
43058
43059
43060
43061
43062
43063
43064
43065
43066
43067
43068
43069
43070
43071
43072
43073
43074
43075
43077
43078
43080
43081
43082
43083
43084
43085
43087
43088
43090
43091
43092
43093
43094
43095
43096
43097
43098
43102
43103
43108
43110
43117
43118
43120
43121
43122
43127
43130
43134
43161
43163
43164
43166
43167
43169
43170
43172
43173
43206
43207
43209
43210
43251
43253
43254
43255
43256
43257
43258
43259
43260
43261
43262
43263
43264
43265
43280
43281
43282
43283
43284
43285
43301
43303
43304
43305
43306
43307
43308
43309
43310
43311
43312
43313
43314
43315
43316
43317
43318
43319
43320
43321
43815
43816
43818
43819
43821
43822
43823
43824
43825
43827
43828
43829
43831
43832
43834
43835
43837
43839
43841
43842
43844
43845
43846
43847
43848
43849
43850
43851
43852
43853
43854
43855
43856
43857
43858
43859
43860
43861
43862
43863
43864
43865
43866
43867
43868
43869
43870
43871
43872
43885
43887
43888
43889
43890
43891
43892
43893
43894
43895
43896
43897
43898
43899
43900
43901
43902
43903
43904
43905
43906
43907
43908
45547
45548
45549
45551
45552
45556
45571
45572
45573
45574
45575
45576
45577
45578
45579
45580
45582
45583
45584
45586
45587
45589
45590
45592
45596
45604
45605
45617
45619
45623
45666
45668
45669
45671
45672
45674
45675
45677
45678
45699
45700
45702
45703
45720
45722
45723
45724
45725
45726
45727
45728
45729
45730
45731
45732
45733
45734
45735
45736
45737
45738
45739
45740
45755
45757
45758
45759
45760
45761
45762
45763
45764
45765
45766
45767
45768
45769
45770
45771
45772
45773
45774
45775
46179
46181
46183
46185
46186
46188
46189
46190
46191
46192
46193
46194
46195
46196
46197
46198
46199
46200
46201
46202
46203
46204
46205
46206
46207
46208
46209
46210
46211
46212
46213
46214
46215
46216
46229
46231
46232
46233
46234
46235
46236
46237
46238
46239
46240
46241
46242
46243
46244
46245
46246
46247
46248
46249
46250
46251
47869
47941
47943
47944
47946
47947
47949
47950
47952
47953
47957
47958
47960
47961
47976
47978
47979
47980
47981
47982
47983
47984
47985
47986
47987
47988
47989
47990
47991
47992
47993
47994
47995
47996
48011
48013
48014
48015
48016
48017
48018
48019
48020
48021
48022
48023
48024
48025
48026
48027
48028
48029
48030
48319
48321
48323
48324
48326
48327
48328
48329
48330
48331
48332
48333
48334
48335
48336
48337
48338
48339
48340
48341
48342
48343
48344
48345
48346
48347
48348
48349
48350
48351
48352
48353
48366
48368
48369
48370
48371
48372
48373
48374
48375
48376
48377
48378
48379
48380
48381
48382
48383
48384
49874
49876
49877
49879
49880
49882
49883
49885
49886
49888
49889
49891
49892
49907
49909
49910
49911
49912
49913
49914
49915
49916
49917
49918
49919
49920
49921
49922
49923
49924
49925
49926
49941
49943
49944
49945
49946
49947
49948
49949
49950
49951
49952
49953
49954
49955
49956
49957
50163
50165
50167
50168
50170
50171
50172
50173
50174
50175
50176
50177
50178
50179
50180
50181
50182
50183
50184
50185
50186
50187
50188
50189
50190
50191
50192
50193
50206
50208
50209
50210
50211
50212
50213
50214
50215
50216
50217
50218
50219
50220
51362
51364
51365
51367
51368
51370
51371
51373
51374
51376
51377
51379
51394
51396
51397
51398
51399
51400
51401
51402
51403
51404
51405
51406
51407
51408
51409
51410
51425
51427
51428
51429
51430
51431
51432
51433
51434
51435
51436
51437
51438
51595
51597
51599
51600
51602
51603
51604
51605
51606
51607
51608
51609
51610
51611
51612
51613
51614
51615
51616
51617
51618
51631
51633
51634
51635
51636
51637
51638
51639
51640
51641
52365
52367
52368
52370
52371
52373
52374
52376
52377
52379
52394
52396
52397
52398
52399
52400
52401
52402
52403
52404
52405
52406
52407
52422
52424
52425
52426
52427
52428
52429
52430
52431
52432
52550
52552
52554
52555
52557
52558
52559
52560
52561
52562
52563
52564
52577
52579
52580
52581
52582
52583
52584
53009
53011
53012
53014
53015
53017
53018
53020
53035
53037
53038
53039
53040
53041
53042
53043
53044
53045
53060
53062
53063
53064
53065
53066
53067
53154
53156
53158
53159
53160
53173
53175
53176
53177
53425
53427
53428
53430
53431
53433
53448
53450
53451
53452
53453
53454
53455
53470
53472
53473
53474
53550
53564
53767
53769
53770
53772
53787
53789
53790
53791
53806
54075
54077
54092
55181
55182
55183
55184
55189
55190
55191
55192
55197
55198
55199
55200
55205
55206
55207
55208
55213
55214
55215
55216
55221
55222
55223
55224
55229
55230
55231
55232
55237
55238
55239
55240
55245
55246
55247
55248
55253
55254
55255
55256
55261
55262
55263
55264
55269
55270
55271
55272
55277
55278
55279
55280
55285
55286
55287
55288
55293
55294
55295
55296
55301
55302
55303
55304
55309
55310
55311
55312
55317
55318
55319
55320
55325
55326
55327
55328
55333
55334
55335
55336
55341
55342
55343
55344
55349
55350
55351
55352
55357
55358
55359
55360
55365
55366
55367
55368
55373
55374
55375
55376
55381
55382
55383
55384
55389
55390
55391
55392
55397
55398
55399
55400
55405
55406
55407
55408
55413
55414
55415
55416
55421
55422
55423
55424
55429
55430
55431
55432
55437
55438
55439
55440
55445
55446
55447
55448
55453
55454
55455
55456
55461
55462
55463
55464
55469
55470
55471
55472
55477
55478
55479
55480
55485
55486
55487
55488
55493
55494
55495
55496
55505
55506
55507
55508
55513
55514
55515
55516
55521
55522
55523
55524
55529
55530
55531
55532
55537
55538
55539
55540
55545
55546
55547
55548
55553
55554
55555
55556
55561
55562
55563
55564
55569
55570
55571
55572
55577
55578
55579
55580
55585
55586
55587
55588
55593
55594
55595
55596
55601
55602
55603
55604
55609
55610
55611
55612
55617
55618
55619
55620
55625
55626
55627
55628
55633
55634
55635
55636
55641
55642
55643
55644
55649
55650
55651
55652
55657
55658
55659
55660
55665
55666
55667
55668
55673
55674
55675
55676
55681
55682
55683
55684
55689
55690
55691
55692
55697
55698
55699
55700
55705
55706
55707
55708
55713
55714
55715
55716
55721
55722
55723
55724
55729
55730
55731
55732
55737
55738
55739
55740
55745
55746
55747
55748
55753
55754
55755
55756
55761
55762
55763
55764
55769
55770
55771
55772
55777
55778
55779
55780
55785
55786
55787
55788
55793
55794
55795
55796
55801
55802
55803
55804
55809
55810
55811
55812
55817
55818
55819
55820
56493
56494
56495
56496
56501
56502
56503
56504
56509
56510
56511
56512
56517
56518
56519
56520
56525
56526
56527
56528
56533
56534
56535
56536
56541
56542
56543
56544
56601
56602
56603
56604
56609
56610
56611
56612
56617
56618
56619
56620
56653
56654
56655
56656
56661
56662
56663
56664
56669
56670
56671
56672
56677
56678
56679
56680
56685
56686
56687
56688
56693
56694
56695
56696
56701
56702
56703
56704
56761
56762
56763
56764
56769
56770
56771
56772
56777
56778
56779
56780
130
223
226
350
352
355
386
473
512
514
517
551
638
662
710
712
715
752
839
863
890
947
949
952
992
1102
1129
1159
1225
1227
1230
1273
1406
1436
1469
1543
1545
1548
1591
1747
1780
1815
1895
1897
1900
1943
2122
2157
2192
2278
2280
2283
2326
2527
2562
2597
2689
2691
2694
2737
2957
2992
3027
3125
3127
3130
3173
3408
3443
3478
3579
3581
3584
3627
3871
3906
3941
4042
4044
4047
4090
4335
4370
4405
4506
4508
4511
4554
4805
4840
4875
4982
4984
4987
5033
5299
5334
5375
5497
5499
5502
5554
5826
5867
5923
6054
6056
6059
6123
6407
6463
6528
6675
6679
6682
6763
6768
7069
7134
7218
7224
7385
7389
7395
7398
7496
7824
7908
7914
8024
8030
8225
8229
8234
8240
8243
8354
8724
8730
8840
8846
9007
9013
9264
9268
9275
9280
9286
9289
9849
9855
10016
10028
10259
10275
10277
10579
10584
10587
10595
10600
10606
10609
11282
11294
11535
11540
11559
11561
11862
11869
11886
12234
12237
12252
12255
12263
12268
12274
12277
13135
13140
13159
13161
13485
13490
13509
13511
13870
13879
13893
14263
14274
14277
14299
14302
14317
14320
14328
14333
14339
14342
15448
15453
15472
15474
15864
15869
15888
15890
16286
16698
16703
16711
16714
16741
16752
16755
16777
16780
16795
16798
16806
16811
16817
16820
18188
18193
18212
18214
18644
18648
18667
18669
19502
19507
19515
19519
19550
19555
19563
19566
19593
19604
19607
19629
19632
19647
19650
19658
19663
19669
19672
21256
21261
21280
21282
21713
21726
21728
22587
22592
22596
22623
22628
22636
22639
22671
22676
22684
22687
22714
22725
22728
22750
22753
22768
22771
22779
22783
22787
22790
22937
24512
24517
24536
24538
24957
24959
25266
25843
25847
25866
25871
25879
25882
25914
25919
25927
25930
25962
25967
25975
25978
26005
26013
26016
26035
26038
26046
26050
26052
26055
26146
27817
27822
27841
27843
28233
28236
28426
28472
28494
28496
29150
29160
29165
29173
29176
29202
29207
29215
29218
29250
29255
29263
29266
29294
29302
29304
29318
29320
29324
29326
29329
29397
31104
31109
31128
31130
31375
31502
31629
31651
31653
31696
31717
32395
32400
32407
32410
32425
32430
32438
32441
32467
32472
32480
32483
32512
32521
32523
32537
32539
32541
32544
32589
34332
34336
34349
34351
34561
34583
34585
34772
34777
34784
34799
34807
34856
35524
35528
35535
35539
35549
35554
35561
35564
35579
35584
35592
35595
35617
35623
35629
35631
35634
35674
37426
37433
37435
37590
37613
37618
37621
37628
37643
37651
37774
37777
37795
37875
38491
38495
38498
38506
38510
38517
38520
38531
38536
38543
38546
38556
38558
38560
38563
38606
40309
40311
40438
40441
40468
40470
40492
40593
40612
40690
41261
41264
41271
41275
41279
41282
41288
41291
41298
41301
41306
41308
41311
41354
43016
43018
43021
43024
43045
43050
43052
43054
43104
43109
43129
43133
43160
43252
43302
43817
43820
43826
43830
43833
43836
43838
43840
43843
43886
45550
45554
45555
45558
45588
45593
45595
45597
45606
45620
45624
45665
45721
45756
46180
46182
46184
46187
46230
47871
47872
47940
47977
48012
48320
48322
48325
48367
49873
49908
49942
50164
50166
50169
50207
51361
51395
51426
51596
51598
51601
51632
52364
52395
52423
52551
52553
52556
52578
53008
53036
53061
53155
53157
53174
53424
53449
53471
53551
53565
53766
53788
53807
54074
54093
54345
49
103
106
184
187
190
295
298
301
304
439
442
445
448
451
619
622
625
628
631
634
838
841
844
847
850
853
856
1101
1104
1107
1110
1113
1116
1119
1405
1408
1411
1414
1417
1420
1423
1746
1749
1752
1755
1758
1761
1764
2121
2124
2127
2130
2133
2136
2139
2526
2529
2532
2535
2538
2541
2544
2956
2959
2962
2965
2968
2971
2974
3407
3410
3413
3416
3419
3422
3425
3870
3873
3876
3879
3882
3885
3888
4334
4337
4340
4343
4346
4349
4352
4804
4807
4810
4813
4816
4819
4822
5298
5301
5304
5307
5310
5313
5316
5825
5828
5831
5834
5840
5846
5849
6406
6409
6412
6425
6429
6433
6436
6442
6445
7068
7071
7084
7087
7092
7099
7104
7107
7113
7116
7823
7836
7839
7848
7851
7857
7865
7869
7874
7877
7883
7886
8729
8732
8741
8744
8756
8763
8774
8776
8788
8792
8797
8800
8806
8809
9854
9857
9872
9878
9900
9906
9920
9926
9941
9943
9955
9959
9964
9967
9973
9976
11293
11299
11334
11340
11347
11350
11359
11382
11386
11407
11417
11420
11434
11436
11448
11452
11457
11460
11466
11469
13158
13164
13171
13174
13206
13212
13219
13222
13232
13246
13278
13282
13289
13292
13315
13325
13328
13342
13344
13356
13360
13365
13368
13374
13377
15471
15477
15484
15487
15519
15525
15533
15535
15547
15579
15583
15590
15593
15627
15631
15638
15641
15664
15674
15677
15691
15693
15705
15709
15714
15717
15723
15726
18211
18217
18224
18227
18253
18259
18264
18295
18299
18306
18309
18343
18347
18354
18357
18391
18395
18402
18405
18428
18438
18441
18455
18457
18469
18473
18475
18481
18484
18487
21279
21285
21292
21295
21314
21320
21345
21349
21352
21387
21391
21398
21401
21435
21439
21446
21449
21483
21487
21494
21497
21517
21524
21527
21537
21541
21543
21548
21553
21555
21558
24535
24541
24548
24551
24560
24583
24587
24619
24623
24630
24633
24667
24671
24678
24681
24715
24719
24726
24729
24751
24758
24760
24769
24773
24775
24778
24783
24790
24792
24795
27840
27846
27853
27856
27866
27880
27912
27916
27923
27926
27960
27964
27971
27974
28008
28012
28019
28022
28046
28055
28057
28066
28070
28072
28075
28078
28083
28085
28092
28095
31127
31133
31141
31143
31155
31187
31191
31198
31201
31235
31239
31246
31249
31283
31287
31294
31297
31320
31325
31333
31341
31345
31347
31350
31353
31356
31362
31366
31369
31376
31379
34348
34354
34359
34390
34394
34401
34404
34438
34442
34449
34452
34486
34490
34497
34500
34530
34534
34540
34548
34555
34558
34560
34563
34566
34569
34572
34579
34584
34594
34597
37432
37438
37460
37464
37467
37502
37506
37513
37516
37550
37554
37561
37564
37593
37596
37602
37608
37620
37623
37627
37630
37633
37636
37639
37650
37665
37668
40308
40325
40329
40355
40359
40366
40369
40403
40407
40414
40417
40452
40456
40459
40467
40491
40494
40497
40500
40503
40535
40538
43015
43023
43037
43041
43048
43051
43076
43079
43086
43089
43119
43128
43159
43162
43165
43168
43171
43205
43208
45553
45557
45581
45585
45591
45594
45618
45664
45667
45670
45673
45676
45698
45701
47870
47939
47942
47945
47948
47951
47956
47959
49872
49875
49878
49881
49884
49887
49890
51360
51363
51366
51369
51372
51375
51378
52363
52366
52369
52372
52375
52378
53007
53010
53013
53016
53019
53423
53426
53429
53432
53765
53768
53771
54073
54076
54344
)


// ************************************************************************* //
