/*--------------------------------*- C++ -*----------------------------------*\
| =========                 |                                                 |
| \\      /  F ield         | OpenFOAM: The Open Source CFD Toolbox           |
|  \\    /   O peration     | Version:  2406                                  |
|   \\  /    A nd           | Website:  www.openfoam.com                      |
|    \\/     M anipulation  |                                                 |
\*---------------------------------------------------------------------------*/
FoamFile
{
    version     2.0;
    format      ascii;
    arch        "LSB;label=32;scalar=64";
    note        "nPoints:5772  nCells:4533  nFaces:14748  nInternalFaces:13242";
    class       labelList;
    location    "constant/polyMesh";
    object      neighbour;
}
// * * * * * * * * * * * * * * * * * * * * * * * * * * * * * * * * * * * * * //


13242
(
1
2
3
4
5
6
7
8
9
10
6
9
11
12
7
10
12
13
14
15
16
15
17
18
16
18
19
20
21
22
21
23
24
22
24
25
17
23
26
27
18
24
27
28
19
25
28
29
30
31
30
32
33
31
33
34
32
35
36
33
36
37
34
37
38
39
40
41
40
42
43
41
43
44
26
42
45
43
45
46
44
46
47
35
48
49
36
45
49
50
37
46
50
51
38
47
51
52
53
54
54
55
53
56
57
54
57
58
55
58
59
56
60
61
57
61
62
58
62
63
59
63
64
65
66
65
67
68
66
68
69
48
67
70
68
70
71
69
71
72
49
70
73
71
73
74
72
74
75
60
76
77
61
77
78
62
73
78
79
63
74
79
80
64
75
80
81
82
83
83
84
84
85
82
86
87
83
87
88
84
88
89
85
89
90
86
91
92
87
92
93
88
93
94
89
94
95
90
95
96
97
98
98
99
76
97
100
98
100
101
99
101
102
77
100
103
101
103
104
102
104
105
78
103
106
104
106
107
105
107
108
91
109
110
92
110
111
93
111
112
94
106
112
113
95
107
113
114
96
108
114
115
116
117
117
118
118
119
119
120
116
121
122
117
122
123
118
123
124
119
124
125
120
125
126
121
127
128
122
128
129
123
129
130
124
130
131
125
131
132
126
132
133
109
134
134
135
135
136
110
134
137
135
137
138
136
138
139
111
137
140
138
140
141
139
141
142
112
140
143
141
143
144
142
144
145
127
146
128
146
147
129
147
148
130
148
149
131
143
149
150
132
144
150
151
133
145
151
152
153
154
154
155
155
156
156
157
157
158
153
159
160
154
160
161
155
161
162
156
162
163
157
163
164
158
164
165
159
166
160
166
167
161
167
168
162
168
169
163
169
170
164
170
171
165
171
172
146
173
173
174
174
175
147
173
176
174
176
177
175
177
178
148
176
179
177
179
180
178
180
181
149
179
182
180
182
183
181
183
184
166
185
167
185
186
168
186
187
169
187
188
170
182
188
189
171
183
189
190
172
184
190
191
192
193
193
194
194
195
195
196
196
197
197
198
192
199
193
199
200
194
200
201
195
201
202
196
202
203
197
203
204
198
204
205
199
206
200
206
207
201
207
208
202
208
209
203
209
210
204
210
211
205
211
212
185
213
213
214
214
215
186
213
216
214
216
217
215
217
218
187
216
219
217
219
220
218
220
221
188
219
222
220
222
223
221
223
224
206
225
207
225
226
208
226
227
209
227
228
210
222
228
229
211
223
229
230
212
224
230
231
232
232
233
233
234
234
235
235
236
236
237
237
238
232
239
233
239
240
234
240
241
235
241
242
236
242
243
237
243
244
238
244
245
239
246
240
246
247
241
247
248
242
248
249
243
249
250
244
250
251
245
251
252
225
253
253
254
254
255
226
253
256
254
256
257
255
257
258
227
256
259
257
259
260
258
260
261
228
259
262
260
262
263
261
263
264
246
265
247
265
266
248
266
267
249
267
268
250
262
268
269
251
263
269
270
252
264
270
271
272
272
273
273
274
274
275
275
276
276
277
277
278
272
279
273
279
280
274
280
281
275
281
282
276
282
283
277
283
284
278
284
285
279
286
280
286
287
281
287
288
282
288
289
283
289
290
284
290
291
285
291
292
265
293
293
294
294
295
266
293
296
294
296
297
295
297
298
267
296
299
297
299
300
298
300
301
268
299
302
300
302
303
301
303
304
286
305
287
305
306
288
306
307
289
307
308
290
302
308
309
291
303
309
310
292
304
310
311
312
312
313
313
314
314
315
315
316
316
317
317
318
312
319
313
319
320
314
320
321
315
321
322
316
322
323
317
323
324
318
324
325
319
326
320
326
327
321
327
328
322
328
329
323
329
330
324
330
331
325
331
332
305
333
333
334
334
335
306
333
336
334
336
337
335
337
338
307
336
339
337
339
340
338
340
341
308
339
342
340
342
343
341
343
344
326
345
327
345
346
328
346
347
329
347
348
330
342
348
349
331
343
349
350
332
344
350
351
352
352
353
353
354
354
355
355
356
356
357
357
358
352
359
353
359
360
354
360
361
355
361
362
356
362
363
357
363
364
358
364
365
359
366
360
366
367
361
367
368
362
368
369
363
369
370
364
370
371
365
371
372
345
373
373
374
374
375
346
373
376
374
376
377
375
377
378
347
376
379
377
379
380
378
380
381
348
379
382
380
382
383
381
383
384
366
385
367
385
386
368
386
387
369
387
388
370
382
388
389
371
383
389
390
372
384
390
391
392
392
393
393
394
394
395
395
396
396
397
397
398
392
399
393
399
400
394
400
401
395
401
402
396
402
403
397
403
404
398
404
405
399
406
400
406
407
401
407
408
402
408
409
403
409
410
404
410
411
405
411
412
385
413
413
414
414
415
386
413
416
414
416
417
415
417
418
387
416
419
417
419
420
418
420
421
388
419
422
420
422
423
421
423
424
406
425
407
425
426
408
426
427
409
427
428
410
422
428
429
411
423
429
430
412
424
430
431
432
432
433
433
434
434
435
435
436
436
437
437
438
432
439
433
439
440
434
440
441
435
441
442
436
442
443
437
443
444
438
444
445
439
446
440
446
447
441
447
448
442
448
449
443
449
450
444
450
451
445
451
452
425
453
453
454
454
455
426
453
456
454
456
457
455
457
458
427
456
459
457
459
460
458
460
461
428
459
462
460
462
463
461
463
464
446
465
447
465
466
448
466
467
449
467
468
450
462
468
469
451
463
469
470
452
464
470
471
472
472
473
473
474
474
475
475
476
476
477
477
478
472
479
473
479
480
474
480
481
475
481
482
476
482
483
477
483
484
478
484
485
479
486
480
486
487
481
487
488
482
488
489
483
489
490
484
490
491
485
491
492
465
493
493
494
494
495
466
493
496
494
496
497
495
497
498
467
496
499
497
499
500
498
500
501
468
499
502
500
502
503
501
503
504
486
505
487
505
506
488
506
507
489
507
508
490
502
508
509
491
503
509
510
492
504
510
511
512
512
513
513
514
514
515
515
516
516
517
517
518
512
519
513
519
520
514
520
521
515
521
522
516
522
523
517
523
524
518
524
525
519
526
520
526
527
521
527
528
522
528
529
523
529
530
524
530
531
525
531
532
505
533
533
534
534
535
506
533
536
534
536
537
535
537
538
507
536
539
537
539
540
538
540
541
508
539
542
540
542
543
541
543
544
526
545
527
545
546
528
546
547
529
547
548
530
542
548
549
531
543
549
550
532
544
550
551
552
552
553
553
554
554
555
555
556
556
557
557
558
552
559
553
559
560
554
560
561
555
561
562
556
562
563
557
563
564
558
564
565
559
566
560
566
567
561
567
568
562
568
569
563
569
570
564
570
571
565
571
572
545
573
573
574
574
575
546
573
576
574
576
577
575
577
578
547
576
579
577
579
580
578
580
581
548
579
582
580
582
583
581
583
584
566
585
567
585
586
568
586
587
569
587
588
570
582
588
589
571
583
589
590
572
584
590
591
592
592
593
593
594
594
595
595
596
596
597
597
598
592
599
593
599
600
594
600
601
595
601
602
596
602
603
597
603
604
598
604
605
599
606
600
606
607
601
607
608
602
608
609
603
609
610
604
610
611
605
611
612
585
613
613
614
614
615
586
613
616
614
616
617
615
617
618
587
616
619
617
619
620
618
620
621
588
619
622
620
622
623
621
623
624
606
625
607
625
626
608
626
627
609
627
628
629
630
631
610
622
629
631
632
633
634
611
623
634
635
612
624
635
636
637
637
638
638
639
639
640
640
641
641
642
642
643
637
644
638
644
645
639
645
646
640
646
647
641
647
648
642
648
649
643
649
650
644
651
645
651
652
646
652
653
647
653
654
655
656
657
648
655
657
658
659
660
649
660
661
650
661
662
625
663
663
664
664
665
626
663
666
664
666
667
665
667
668
627
666
669
667
669
670
668
670
671
628
629
632
669
672
673
670
673
674
671
674
675
651
676
652
676
677
653
677
678
679
680
681
629
630
672
679
631
632
631
654
681
682
633
655
633
672
683
658
682
684
660
673
683
684
685
686
687
661
674
687
688
662
675
688
689
690
690
691
691
692
692
693
693
694
694
695
695
696
690
697
691
697
698
692
698
699
693
699
700
701
702
703
694
701
703
704
705
706
695
706
707
696
707
708
697
709
698
709
710
699
710
711
712
713
714
655
656
712
715
657
658
657
700
714
716
659
701
659
715
717
704
716
718
706
717
718
719
720
721
707
721
722
708
722
723
676
724
724
725
725
726
677
724
727
725
727
728
726
728
729
678
679
727
730
731
732
728
732
733
729
733
734
682
731
735
683
685
732
735
736
737
733
737
738
734
738
739
709
740
710
740
741
742
743
744
679
680
730
742
681
731
681
711
744
745
712
746
715
746
747
684
685
735
686
717
747
686
736
748
719
749
750
721
737
748
750
751
752
753
722
738
753
754
723
739
754
755
756
756
757
757
758
758
759
760
761
762
760
762
763
764
765
765
766
766
767
756
768
757
768
769
758
769
770
771
772
773
701
702
771
774
703
704
703
759
773
775
705
760
705
774
776
763
775
777
765
776
777
778
779
780
766
780
781
767
781
782
768
783
769
783
784
785
786
787
712
713
785
788
714
789
714
770
787
790
771
791
716
789
792
774
791
793
718
719
792
720
776
793
720
794
795
778
796
797
780
795
797
798
799
800
781
800
801
782
801
802
740
803
803
804
804
805
741
742
803
806
807
808
804
808
809
805
809
810
731
745
807
811
746
812
808
811
812
813
814
815
809
815
816
810
816
817
736
747
812
749
814
818
748
751
815
818
819
820
816
820
821
817
821
822
783
823
824
825
826
742
743
806
824
744
807
744
784
826
827
785
828
746
788
828
829
789
830
749
792
830
750
751
818
794
831
832
752
795
832
752
819
833
798
834
835
800
820
833
835
836
837
838
801
821
838
839
802
822
839
840
841
841
842
842
843
844
845
846
760
761
844
847
762
763
762
846
848
764
764
847
849
848
850
849
850
851
852
853
853
854
854
855
841
856
842
856
857
858
859
860
771
772
858
861
773
862
773
843
860
863
844
864
775
862
865
847
864
866
777
778
865
779
849
866
779
867
868
851
869
870
853
868
870
871
872
873
854
873
874
855
874
875
856
876
877
878
879
785
786
877
880
787
881
787
857
879
882
858
883
789
790
881
884
791
885
791
861
883
886
862
887
793
794
885
796
865
887
796
888
889
797
798
888
867
890
891
799
868
890
799
892
893
871
894
895
873
893
895
896
897
898
874
898
899
875
899
900
823
824
901
902
903
903
904
904
905
807
827
902
906
828
907
903
906
907
908
909
910
904
910
911
905
911
912
812
813
829
907
814
830
814
909
913
914
831
915
910
913
915
916
917
918
911
918
919
912
919
920
819
832
915
834
917
921
833
836
918
921
922
923
919
923
924
920
924
925
824
825
901
826
902
826
876
926
877
927
828
880
927
928
881
929
830
884
914
929
831
885
889
914
930
834
888
930
835
836
921
892
931
932
837
893
932
837
922
933
896
934
935
898
923
933
935
936
937
938
899
924
938
939
900
925
939
940
941
941
942
943
944
945
844
845
943
946
846
947
846
945
948
949
848
947
950
949
951
850
851
950
852
951
852
952
953
954
955
953
955
956
957
958
958
959
959
960
941
961
962
963
964
858
859
962
965
860
966
860
942
964
967
943
968
862
863
966
969
864
970
864
946
968
971
947
972
866
867
970
869
950
972
869
973
974
870
871
973
952
975
976
872
953
975
872
977
978
956
979
980
958
978
980
981
982
983
959
983
984
960
984
985
877
878
986
879
987
879
961
988
962
989
881
882
987
990
883
991
883
965
989
992
966
993
885
886
991
994
887
889
887
969
993
995
996
997
998
891
970
890
892
999
891
994
999
894
973
1000
974
995
998
1000
1001
1002
894
1003
1004
895
896
1003
977
1005
1006
897
978
1005
897
1007
1008
981
1009
1010
983
1008
1010
1011
1012
1013
984
1013
1014
985
1014
1015
902
926
1016
927
1017
1016
1017
1018
1019
1020
1020
1021
1021
1022
907
908
928
1017
909
929
909
1019
1023
1024
1025
1026
1020
1023
1026
1027
1028
1029
1021
1029
1030
1022
1030
1031
915
916
1026
1032
994
1025
1032
917
930
917
1028
1033
1034
931
1035
1029
1033
1035
1036
1037
1038
1030
1038
1039
1031
1039
1040
922
932
1035
934
1037
1041
933
936
1038
1041
1042
1043
1039
1043
1044
1040
1044
1045
927
986
1046
987
1047
929
990
1024
1047
991
1025
931
999
1032
1004
1034
1048
934
1003
1048
935
936
1041
1007
1049
1050
937
1008
1050
937
1042
1051
1011
1052
1053
1013
1043
1051
1053
1054
1055
1056
1014
1044
1056
1057
1015
1045
1057
1058
1059
1060
1061
1062
943
944
1060
1063
945
1064
945
1062
1065
1066
947
948
1064
1067
949
1068
949
1066
1069
1070
951
952
1068
954
1070
954
1071
1072
955
956
1071
1073
1074
957
1073
957
1075
1076
1077
1078
1076
1078
1079
1080
1081
1081
1082
1082
1083
962
963
1084
964
1085
964
1059
1086
1060
1087
966
967
1085
1088
968
1089
968
1063
1087
1090
1064
1091
970
971
1089
1092
1093
1094
1095
972
974
972
1067
1091
1096
1097
1098
1099
976
1068
975
977
1100
976
1092
1094
1100
1101
1102
979
1071
1103
1072
1096
1099
1103
1104
1105
979
1106
1107
980
981
1106
1075
1108
1109
982
1076
1108
982
1110
1111
1079
1112
1113
1081
1111
1113
1114
1115
1116
1082
1116
1117
1083
1117
1118
987
988
1119
989
1120
989
1084
1121
1085
1122
991
992
1120
1123
993
1124
993
1088
1122
1125
1126
1127
1128
1089
1129
1130
1131
1132
995
997
1002
1124
1133
1134
997
998
1002
997
998
1093
1130
1135
1131
1133
1001
1094
1000
1004
1134
1006
1100
1136
1137
1138
1139
1002
1101
1135
1137
1133
1138
1005
1007
1140
1006
1140
1141
1009
1106
1142
1107
1142
1143
1144
1145
1146
1009
1147
1148
1010
1011
1147
1110
1149
1150
1012
1111
1149
1012
1151
1152
1114
1153
1154
1116
1152
1154
1155
1156
1157
1117
1157
1158
1118
1158
1159
1017
1018
1046
1019
1047
1019
1160
1161
1162
1163
1160
1163
1164
1165
1166
1166
1167
1167
1168
1026
1027
1163
1169
1025
1123
1162
1169
1124
1170
1028
1170
1028
1165
1171
1172
1173
1174
1166
1171
1174
1175
1176
1177
1167
1177
1178
1168
1178
1179
1034
1134
1170
1035
1036
1174
1180
1141
1173
1180
1037
1048
1037
1176
1181
1182
1049
1183
1177
1181
1183
1184
1185
1186
1178
1186
1187
1179
1187
1188
1042
1050
1183
1052
1185
1189
1051
1054
1186
1189
1190
1191
1187
1191
1192
1188
1192
1193
1047
1119
1161
1120
1162
1049
1140
1180
1148
1182
1194
1052
1147
1194
1053
1054
1189
1151
1195
1196
1055
1152
1196
1055
1190
1197
1155
1198
1199
1157
1191
1197
1199
1200
1201
1202
1158
1192
1202
1203
1159
1193
1203
1204
1060
1061
1205
1062
1206
1062
1207
1208
1064
1065
1206
1209
1066
1210
1066
1208
1211
1212
1068
1069
1210
1213
1214
1215
1216
1070
1072
1070
1212
1217
1218
1219
1220
1074
1073
1075
1221
1074
1213
1215
1221
1222
1223
1077
1224
1217
1220
1224
1225
1226
1077
1227
1228
1078
1079
1227
1229
1230
1080
1229
1080
1231
1232
1233
1234
1232
1234
1235
1236
1237
1237
1238
1238
1239
1085
1086
1240
1087
1241
1087
1205
1242
1206
1243
1089
1090
1241
1244
1245
1246
1247
1091
1248
1249
1250
1251
1091
1209
1243
1252
1253
1254
1255
1210
1256
1257
1258
1259
1094
1095
1096
1102
1094
1095
1249
1260
1101
1098
1251
1261
1098
1099
1105
1098
1099
1214
1257
1262
1258
1263
1104
1215
1103
1107
1264
1265
1266
1267
1102
1260
1265
1105
1261
1266
1109
1221
1268
1269
1270
1271
1105
1222
1262
1269
1263
1270
1108
1110
1272
1109
1272
1273
1274
1275
1276
1112
1227
1277
1228
1277
1278
1279
1280
1281
1112
1282
1283
1113
1114
1282
1231
1284
1285
1115
1232
1284
1115
1286
1287
1235
1288
1289
1237
1287
1289
1290
1291
1292
1238
1292
1293
1239
1293
1294
1120
1121
1295
1122
1296
1122
1240
1297
1298
1299
1300
1241
1301
1302
1303
1304
1124
1125
1127
1296
1305
1306
1307
1129
1131
1308
1309
1310
1127
1128
1129
1306
1127
1128
1245
1302
1311
1303
1305
1132
1246
1312
1131
1132
1309
1131
1132
1249
1313
1308
1250
1314
1135
1308
1315
1136
1138
1141
1310
1315
1316
1260
1313
1317
1138
1139
1143
1316
1138
1139
1265
1317
1315
1145
1267
1318
1142
1148
1319
1143
1146
1319
1320
1321
1322
1150
1272
1323
1324
1325
1326
1145
1146
1321
1145
1146
1274
1324
1327
1275
1328
1320
1325
1149
1151
1329
1150
1329
1330
1153
1282
1331
1283
1331
1332
1333
1334
1335
1153
1336
1337
1154
1155
1336
1286
1338
1339
1156
1287
1338
1156
1340
1341
1290
1342
1343
1292
1341
1343
1344
1345
1346
1293
1346
1347
1294
1347
1348
1163
1164
1349
1162
1295
1349
1296
1350
1165
1350
1165
1351
1352
1353
1354
1351
1354
1355
1356
1357
1357
1358
1358
1359
1170
1172
1307
1350
1173
1310
1174
1175
1354
1360
1173
1353
1360
1361
1322
1362
1176
1362
1176
1356
1363
1364
1365
1366
1357
1363
1366
1367
1368
1369
1358
1369
1370
1359
1370
1371
1182
1319
1362
1183
1184
1366
1372
1330
1365
1372
1185
1194
1185
1368
1373
1374
1195
1375
1369
1373
1375
1376
1377
1378
1370
1378
1379
1371
1379
1380
1190
1196
1375
1198
1377
1381
1197
1200
1378
1381
1382
1383
1379
1383
1384
1380
1384
1385
1195
1329
1372
1337
1374
1386
1198
1336
1386
1199
1200
1381
1340
1387
1388
1201
1341
1388
1201
1382
1389
1344
1390
1391
1346
1383
1389
1391
1392
1393
1394
1347
1384
1394
1395
1348
1385
1395
1396
1206
1207
1397
1208
1398
1208
1399
1400
1210
1211
1398
1401
1402
1403
1404
1212
1405
1406
1407
1408
1212
1400
1409
1410
1411
1412
1413
1414
1415
1416
1215
1216
1217
1223
1215
1216
1406
1417
1222
1219
1408
1418
1219
1220
1226
1219
1220
1414
1419
1415
1420
1225
1224
1228
1421
1422
1423
1424
1223
1417
1422
1226
1418
1423
1230
1425
1426
1427
1428
1226
1419
1426
1420
1427
1229
1231
1429
1230
1429
1430
1431
1432
1433
1233
1434
1434
1435
1436
1437
1438
1233
1439
1440
1234
1235
1439
1441
1442
1236
1441
1236
1443
1444
1445
1446
1444
1446
1447
1448
1449
1449
1450
1450
1451
1241
1242
1452
1453
1454
1455
1243
1456
1457
1458
1459
1243
1397
1460
1461
1462
1463
1398
1464
1465
1466
1467
1246
1247
1248
1252
1468
1246
1247
1457
1469
1250
1470
1254
1459
1471
1250
1251
1256
1472
1250
1251
1473
1474
1258
1475
1254
1255
1256
1476
1254
1255
1402
1465
1477
1466
1478
1259
1403
1479
1258
1259
1480
1258
1259
1406
1481
1482
1407
1483
1261
1473
1484
1263
1475
1485
1263
1417
1481
1486
1482
1487
1266
1267
1268
1273
1488
1266
1267
1484
1270
1485
1275
1489
1270
1271
1278
1490
1270
1271
1422
1486
1487
1280
1424
1491
1277
1283
1492
1493
1494
1495
1275
1276
1278
1496
1275
1276
1493
1497
1498
1281
1494
1499
1285
1429
1500
1501
1502
1503
1280
1281
1504
1280
1281
1431
1501
1505
1432
1506
1502
1507
1284
1286
1508
1285
1508
1509
1510
1511
1512
1288
1439
1513
1440
1513
1514
1515
1516
1517
1288
1518
1519
1289
1290
1518
1443
1520
1521
1291
1444
1520
1291
1522
1523
1447
1524
1525
1449
1523
1525
1526
1527
1528
1450
1528
1529
1451
1529
1530
1296
1297
1299
1531
1532
1533
1301
1303
1534
1535
1536
1299
1300
1301
1532
1299
1300
1453
1537
1531
1304
1454
1538
1303
1304
1535
1303
1304
1457
1539
1534
1458
1540
1306
1311
1534
1541
1309
1312
1542
1310
1361
1536
1541
1542
1543
1544
1309
1313
1545
1314
1546
1322
1545
1546
1547
1548
1312
1469
1539
1549
1314
1470
1550
1314
1473
1551
1474
1552
1316
1317
1545
1318
1321
1548
1318
1484
1551
1328
1489
1553
1323
1325
1330
1554
1555
1556
1321
1327
1554
1557
1328
1558
1361
1556
1557
1558
1559
1560
1325
1326
1332
1555
1325
1326
1493
1561
1554
1334
1495
1562
1328
1497
1561
1563
1498
1564
1331
1337
1565
1332
1335
1565
1566
1567
1568
1339
1508
1569
1570
1571
1572
1334
1335
1567
1334
1335
1510
1570
1573
1511
1574
1566
1571
1338
1340
1575
1339
1575
1576
1342
1518
1577
1519
1577
1578
1579
1580
1581
1342
1582
1583
1343
1344
1582
1522
1584
1585
1345
1523
1584
1345
1586
1587
1526
1588
1589
1528
1587
1589
1590
1591
1592
1529
1592
1593
1530
1593
1594
1350
1352
1533
1353
1536
1354
1355
1595
1353
1595
1596
1597
1598
1356
1597
1356
1599
1600
1601
1602
1599
1602
1603
1604
1605
1605
1606
1606
1607
1362
1364
1597
1608
1598
1608
1609
1610
1611
1612
1365
1556
1366
1367
1602
1613
1365
1601
1613
1614
1568
1615
1368
1615
1368
1604
1616
1617
1618
1619
1605
1616
1619
1620
1621
1622
1606
1622
1623
1607
1623
1624
1374
1565
1615
1375
1376
1619
1625
1576
1618
1625
1377
1386
1377
1621
1626
1627
1387
1628
1622
1626
1628
1629
1630
1631
1623
1631
1632
1624
1632
1633
1382
1388
1628
1390
1630
1634
1389
1392
1631
1634
1635
1636
1632
1636
1637
1633
1637
1638
1387
1575
1625
1583
1627
1639
1390
1582
1639
1391
1392
1634
1586
1640
1641
1393
1587
1641
1393
1635
1642
1590
1643
1644
1592
1636
1642
1644
1645
1646
1647
1593
1637
1645
1648
1594
1638
1648
1649
1398
1399
1650
1651
1652
1653
1400
1654
1655
1656
1657
1400
1658
1659
1660
1661
1662
1663
1664
1665
1403
1404
1405
1409
1666
1403
1404
1655
1667
1407
1668
1411
1657
1669
1407
1408
1413
1670
1407
1408
1671
1672
1415
1673
1411
1412
1413
1674
1411
1412
1663
1675
1664
1676
1416
1677
1415
1416
1678
1415
1416
1679
1680
1681
1418
1671
1682
1420
1673
1683
1420
1679
1684
1680
1685
1423
1424
1425
1430
1686
1423
1424
1682
1427
1683
1432
1687
1427
1428
1435
1688
1427
1428
1684
1685
1437
1689
1434
1440
1690
1691
1692
1693
1432
1433
1435
1694
1432
1433
1691
1695
1696
1438
1692
1697
1442
1698
1699
1700
1701
1437
1438
1702
1437
1438
1699
1703
1704
1700
1705
1441
1443
1706
1442
1706
1707
1708
1709
1710
1445
1711
1711
1712
1713
1714
1715
1445
1716
1717
1446
1447
1716
1718
1719
1448
1718
1448
1720
1721
1722
1723
1721
1723
1724
1725
1726
1726
1727
1727
1728
1454
1455
1456
1460
1729
1454
1455
1730
1458
1731
1462
1732
1458
1459
1464
1733
1458
1459
1734
1735
1466
1736
1462
1463
1464
1737
1462
1463
1651
1738
1739
1467
1652
1740
1466
1467
1741
1466
1467
1655
1742
1743
1656
1744
1470
1471
1472
1476
1745
1470
1471
1734
1746
1474
1747
1478
1736
1748
1474
1475
1480
1749
1474
1475
1750
1751
1482
1752
1478
1479
1480
1753
1478
1479
1667
1742
1754
1743
1755
1483
1668
1756
1482
1483
1757
1482
1483
1671
1758
1759
1672
1760
1485
1489
1750
1487
1488
1752
1487
1491
1682
1758
1490
1759
1489
1490
1496
1761
1498
1762
1491
1504
1763
1506
1687
1764
1494
1495
1500
1509
1765
1494
1495
1766
1502
1767
1511
1768
1498
1499
1504
1769
1498
1499
1766
1770
1771
1507
1767
1772
1502
1503
1514
1773
1502
1503
1691
1774
1775
1516
1693
1776
1506
1507
1777
1506
1507
1695
1774
1778
1696
1779
1775
1780
1513
1519
1781
1782
1783
1784
1511
1512
1514
1785
1511
1512
1782
1786
1787
1517
1783
1788
1521
1706
1789
1790
1791
1792
1516
1517
1793
1516
1517
1708
1790
1794
1709
1795
1791
1796
1520
1522
1797
1521
1797
1798
1799
1800
1801
1524
1716
1802
1717
1802
1803
1804
1805
1806
1524
1807
1808
1525
1526
1807
1720
1809
1810
1527
1721
1809
1527
1811
1812
1724
1813
1814
1726
1812
1814
1815
1816
1817
1727
1817
1818
1728
1818
1819
1532
1537
1820
1535
1538
1821
1536
1596
1820
1821
1822
1823
1535
1539
1824
1540
1825
1598
1824
1825
1826
1827
1538
1730
1828
1540
1731
1829
1540
1734
1830
1735
1831
1542
1544
1549
1824
1543
1546
1550
1544
1547
1609
1832
1611
1827
1833
1546
1548
1551
1547
1552
1548
1559
1834
1553
1558
1550
1746
1830
1833
1552
1747
1832
1552
1553
1750
1751
1834
1564
1762
1834
1555
1561
1835
1562
1567
1836
1568
1608
1835
1836
1837
1838
1558
1560
1563
1835
1559
1564
1560
1609
1839
1612
1838
1840
1562
1766
1841
1574
1768
1842
1564
1770
1840
1841
1771
1839
1569
1571
1576
1843
1844
1845
1567
1573
1843
1846
1574
1847
1614
1845
1846
1847
1848
1849
1571
1572
1578
1844
1571
1572
1782
1850
1843
1580
1784
1851
1574
1786
1850
1852
1787
1853
1577
1583
1854
1578
1581
1854
1855
1856
1857
1585
1797
1858
1859
1860
1861
1580
1581
1856
1580
1581
1799
1859
1862
1800
1863
1855
1860
1584
1586
1864
1585
1864
1865
1588
1807
1866
1808
1866
1867
1868
1869
1870
1588
1871
1872
1589
1590
1871
1811
1873
1874
1591
1812
1873
1591
1875
1876
1815
1877
1878
1817
1876
1878
1879
1880
1881
1818
1879
1882
1819
1882
1883
1597
1600
1884
1598
1884
1885
1886
1887
1888
1601
1889
1889
1890
1891
1892
1893
1602
1603
1894
1601
1894
1895
1896
1897
1604
1896
1604
1898
1899
1900
1901
1898
1901
1902
1903
1904
1904
1905
1905
1906
1614
1889
1907
1908
1909
1910
1611
1612
1911
1611
1612
1891
1908
1912
1892
1913
1909
1914
1615
1617
1896
1915
1897
1915
1916
1917
1918
1919
1618
1845
1619
1620
1901
1920
1618
1900
1920
1921
1857
1922
1621
1922
1621
1903
1923
1924
1925
1926
1904
1923
1926
1927
1928
1929
1905
1929
1930
1906
1930
1931
1627
1854
1922
1628
1629
1926
1932
1865
1925
1932
1630
1639
1630
1928
1933
1934
1640
1935
1929
1933
1935
1936
1937
1938
1930
1938
1939
1931
1939
1940
1635
1641
1935
1643
1937
1941
1642
1646
1938
1941
1942
1943
1939
1942
1944
1940
1944
1945
1640
1864
1932
1872
1934
1946
1643
1871
1946
1644
1646
1941
1875
1947
1948
1647
1876
1948
1879
1942
1949
1950
1647
1943
1950
1880
1950
1951
1882
1944
1949
1952
1883
1945
1952
1953
1652
1653
1654
1658
1954
1652
1653
1955
1656
1956
1660
1957
1656
1657
1662
1958
1656
1657
1959
1960
1664
1961
1660
1661
1662
1962
1660
1661
1963
1964
1665
1965
1664
1665
1966
1664
1665
1967
1968
1969
1668
1669
1670
1674
1970
1668
1669
1959
1971
1672
1972
1676
1961
1973
1672
1673
1678
1974
1672
1673
1975
1976
1680
1977
1676
1677
1678
1978
1676
1677
1967
1979
1968
1980
1681
1981
1680
1681
1982
1680
1681
1983
1984
1985
1683
1687
1975
1685
1686
1977
1685
1689
1983
1688
1984
1687
1688
1694
1986
1696
1987
1689
1702
1988
1704
1989
1692
1693
1698
1707
1990
1692
1693
1991
1700
1992
1709
1993
1696
1697
1702
1994
1696
1697
1991
1995
1996
1705
1992
1997
1700
1701
1712
1998
1700
1701
1999
2000
1714
2001
1704
1705
2002
1704
1705
1999
2003
2004
2000
2005
1711
1717
2006
2007
2008
2009
1709
1710
1712
2010
1709
1710
2007
2011
2012
1715
2008
2013
1719
2014
2015
2016
2017
1714
1715
2018
1714
1715
2015
2019
2020
2016
2021
1718
1720
2022
1719
2022
2023
2024
2025
2026
1722
2027
2027
2028
2029
2030
2031
1722
2032
2033
1723
1724
2032
2034
2035
1725
2034
1725
2036
2037
2038
2039
2037
2039
2040
2041
2042
2042
2043
2043
2044
1731
1732
1733
1737
2045
1731
1732
2046
1735
2047
1739
2048
1735
1736
1741
2049
1735
1736
2050
2051
1743
2052
1739
1740
1741
2053
1739
1740
1955
2054
2055
1744
1956
2056
1743
1744
2057
1743
1744
1959
2058
2059
1960
2060
1747
1748
1749
1753
2061
1747
1748
2050
2062
1751
2063
1755
2052
2064
1751
1752
1757
2065
1751
1752
1762
2066
1759
1761
1755
1756
1757
2067
1755
1756
1971
2058
2068
2059
2069
1760
1972
2070
1759
1760
2071
1759
1760
1764
1975
1763
1976
2072
1762
1763
1769
2065
1771
2066
1764
1777
2071
1779
1987
2072
1767
1768
1773
1785
2073
1767
1768
2074
1775
2075
1787
2076
1771
1772
1777
2077
1771
1772
2074
2078
2079
1780
2075
2080
1775
1776
1793
2081
1775
1776
1991
2082
2083
1795
1993
2084
1779
1780
2085
1779
1780
1995
2082
2086
1996
2087
2083
2088
1783
1784
1789
1798
2089
1783
1784
2090
1791
2091
1800
2092
1787
1788
1793
2093
1787
1788
2090
2094
2095
1796
2091
2096
1791
1792
1803
2097
1791
1792
2007
2098
2099
1805
2009
2100
1795
1796
2101
1795
1796
2011
2098
2102
2012
2103
2099
2104
1802
1808
2105
2106
2107
2108
1800
1801
1803
2109
1800
1801
2106
2110
2111
1806
2107
2112
1810
2022
2113
2114
2115
2116
1805
1806
2117
1805
1806
2024
2114
2118
2025
2119
2115
2120
1809
1811
2121
1810
2121
2122
2123
2124
2125
1813
2032
2126
2033
2126
2127
2128
2129
2130
1813
2131
2132
1814
1815
2131
2036
2133
2134
1816
2037
2133
1816
2135
2136
2040
2137
2138
2042
2136
2138
2139
2140
2141
2043
2139
2142
2044
2142
2143
1821
1823
1828
1822
1825
1829
1823
1826
1885
2144
1887
2145
1825
1827
1830
1826
1831
1827
1890
2146
1892
2147
1829
2046
2145
1831
2047
2144
1831
2050
2147
2051
2146
1833
1834
1911
2063
1913
2062
2147
1839
2066
1836
1838
1841
1837
1842
1847
1838
1848
1907
2148
1909
2149
1840
1911
2079
1914
2078
2149
1842
2074
2149
1853
2076
2148
1844
1850
2150
1851
1856
2151
1857
1915
2150
2151
2152
2153
1847
1849
1852
2150
1848
1853
1849
1916
2154
1919
2153
2155
1851
2090
2156
1863
2092
2157
1853
2094
2155
2156
2095
2154
1858
1860
1865
2158
2159
2160
1856
1862
2158
2161
1863
2162
1921
2160
2161
2162
2163
2164
1860
1861
1867
2159
1860
1861
2106
2165
2158
1869
2108
2166
1863
2110
2165
2167
2111
2168
1866
1872
2169
1867
1870
2169
2170
2171
2172
1874
2121
2173
2174
2175
2176
1869
1870
2171
1869
1870
2123
2174
2177
2124
2178
2170
2175
1873
1875
2179
1874
2179
2180
1877
2131
2181
2132
2181
2182
2183
2184
2185
1877
2186
2187
1878
1880
2186
2135
2188
2189
1881
2136
2189
2139
2190
2191
1881
2191
2192
2140
2191
2193
2142
2190
2194
2143
2194
2195
1889
1895
2196
2197
2198
2199
1887
1888
1890
2200
1887
1888
2197
2201
2202
1893
2198
2203
1897
2204
2205
2206
2207
1892
1893
2208
1892
1893
2205
2209
2210
2206
2211
1896
1899
2212
1897
2212
2213
2214
2215
2216
1900
2217
2217
2218
2219
2220
2221
1901
1902
2222
1900
2222
2223
2224
2225
1903
2224
1903
2226
2227
2228
2229
2226
2229
2230
2231
2232
2232
2233
2233
2234
1909
1910
1916
2235
1909
1910
2205
2236
2237
1918
2207
2238
1913
1914
2239
1913
1914
2209
2236
2240
2210
2241
2237
2242
1921
2217
2243
2244
2245
2246
1918
1919
2247
1918
1919
2219
2244
2248
2220
2249
2245
2250
1922
1924
2224
2251
2225
2251
2252
2253
2254
2255
1925
2160
1926
1927
2229
2256
1925
2228
2256
2257
2172
2258
1928
2258
1928
2231
2259
2260
2261
2262
2232
2259
2262
2263
2264
2265
2233
2265
2266
2234
2266
2267
1934
2169
2258
1935
1936
2262
2268
2180
2261
2268
1937
1946
1937
2264
2269
2270
1947
2271
2265
2269
2271
2272
2273
2274
2266
2272
2275
2267
2275
2276
1943
1948
2271
1950
2272
2277
1950
1951
2274
2275
2277
2278
2276
2278
2279
1947
2179
2268
2187
2270
2280
1951
2186
2280
2190
2277
2281
2282
1951
2191
2281
2283
2192
2284
2194
2278
2282
2285
2195
2279
2285
2286
1956
1957
1958
1962
2287
1956
1957
2288
1960
2289
1964
2290
1960
1961
1966
2291
1960
1961
2292
2293
1968
2294
1964
1965
1966
2295
1964
1965
2296
2297
1969
2298
1968
1969
2299
1968
1969
2300
2301
2302
1972
1973
1974
1978
2303
1972
1973
2292
2304
1976
2305
1980
2294
2306
1976
1977
1982
2307
1976
1977
1987
2308
1984
1986
1980
1981
1982
2309
1980
1981
2300
2310
2301
2311
1985
2312
1984
1985
2313
1984
1985
1989
1988
2314
1987
1988
1994
2307
1996
2308
1989
2002
2313
2004
2314
1992
1993
1998
2010
2315
1992
1993
2316
2000
2317
2012
2318
1996
1997
2002
2319
1996
1997
2316
2320
2321
2005
2317
2322
2000
2001
2018
2323
2000
2001
2324
2325
2020
2326
2004
2005
2327
2004
2005
2324
2328
2329
2325
2330
2008
2009
2014
2023
2331
2008
2009
2332
2016
2333
2025
2334
2012
2013
2018
2335
2012
2013
2332
2336
2337
2021
2333
2338
2016
2017
2028
2339
2016
2017
2340
2341
2030
2342
2020
2021
2343
2020
2021
2340
2344
2345
2341
2346
2027
2033
2347
2348
2349
2350
2025
2026
2028
2351
2025
2026
2348
2352
2353
2031
2349
2354
2035
2355
2356
2357
2358
2030
2031
2359
2030
2031
2356
2360
2361
2357
2362
2034
2036
2363
2035
2363
2364
2365
2366
2367
2038
2368
2368
2369
2370
2371
2372
2038
2373
2374
2039
2040
2373
2375
2376
2041
2375
2041
2377
2378
2379
2380
2378
2380
2381
2382
2383
2381
2384
2384
2385
2047
2048
2049
2053
2386
2047
2048
2387
2051
2388
2055
2389
2051
2052
2057
2390
2051
2052
2391
2392
2059
2393
2055
2056
2057
2394
2055
2056
2288
2395
2396
2060
2289
2397
2059
2060
2398
2059
2060
2292
2399
2400
2293
2401
2063
2064
2065
2067
2402
2063
2064
2241
2391
2066
2239
2069
2393
2403
2066
2071
2077
2079
2069
2070
2071
2404
2069
2070
2304
2399
2405
2400
2406
2072
2305
2407
2072
2085
2087
2308
2075
2076
2081
2093
2408
2075
2076
2409
2083
2410
2095
2411
2079
2080
2085
2402
2079
2080
2242
2409
2239
2088
2410
2412
2083
2084
2101
2413
2083
2084
2316
2414
2415
2103
2318
2416
2087
2088
2404
2087
2088
2320
2414
2417
2321
2407
2415
2418
2091
2092
2097
2109
2419
2091
2092
2420
2099
2421
2111
2422
2095
2096
2101
2423
2095
2096
2420
2424
2425
2104
2421
2426
2099
2100
2117
2427
2099
2100
2332
2428
2429
2119
2334
2430
2103
2104
2431
2103
2104
2336
2428
2432
2337
2433
2429
2434
2107
2108
2113
2122
2435
2107
2108
2436
2115
2437
2124
2438
2111
2112
2117
2439
2111
2112
2436
2440
2441
2120
2437
2442
2115
2116
2127
2443
2115
2116
2348
2444
2445
2129
2350
2446
2119
2120
2447
2119
2120
2352
2444
2448
2353
2449
2445
2450
2126
2132
2451
2452
2453
2454
2124
2125
2127
2455
2124
2125
2452
2456
2457
2130
2453
2458
2134
2363
2459
2460
2461
2462
2129
2130
2463
2129
2130
2365
2460
2464
2366
2465
2461
2466
2133
2135
2467
2134
2467
2468
2469
2470
2471
2137
2373
2472
2374
2472
2473
2474
2475
2476
2137
2477
2478
2138
2140
2477
2377
2479
2480
2141
2378
2480
2381
2481
2482
2141
2482
2483
2382
2482
2484
2384
2481
2485
2385
2485
2486
2145
2146
2200
2388
2202
2387
2147
2208
2392
2210
2391
2149
2154
2235
2411
2237
2409
2151
2153
2156
2152
2157
2162
2153
2163
2243
2487
2245
2488
2155
2247
2425
2250
2424
2488
2157
2420
2488
2168
2422
2487
2159
2165
2489
2166
2171
2490
2172
2251
2489
2490
2491
2492
2162
2164
2167
2489
2163
2168
2164
2252
2493
2255
2492
2494
2166
2436
2495
2178
2438
2496
2168
2440
2494
2495
2441
2493
2173
2175
2180
2497
2498
2499
2171
2177
2497
2500
2178
2501
2257
2499
2500
2501
2502
2503
2175
2176
2182
2498
2175
2176
2452
2504
2497
2184
2454
2505
2178
2456
2504
2506
2457
2507
2181
2187
2508
2182
2185
2508
2509
2510
2511
2188
2467
2512
2184
2185
2510
2184
2185
2469
2512
2513
2470
2514
2509
2512
2189
2192
2515
2188
2515
2516
2478
2517
2518
2193
2477
2518
2481
2519
2520
2192
2193
2482
2519
2521
2193
2522
2483
2523
2485
2520
2524
2486
2524
2525
2198
2199
2204
2213
2526
2198
2199
2527
2206
2528
2215
2529
2202
2203
2208
2530
2202
2203
2527
2531
2532
2211
2528
2533
2206
2207
2218
2534
2206
2207
2535
2536
2220
2537
2210
2211
2538
2210
2211
2535
2539
2540
2536
2541
2217
2223
2542
2543
2544
2545
2215
2216
2218
2546
2215
2216
2543
2547
2548
2221
2544
2549
2225
2550
2551
2552
2553
2220
2221
2554
2220
2221
2551
2555
2556
2552
2557
2224
2227
2558
2225
2558
2559
2560
2561
2562
2228
2563
2563
2564
2565
2566
2567
2229
2230
2568
2228
2568
2569
2570
2571
2231
2570
2231
2572
2573
2574
2575
2572
2575
2576
2577
2578
2578
2579
2579
2580
2237
2238
2247
2581
2237
2238
2535
2582
2583
2249
2537
2584
2241
2242
2402
2241
2242
2539
2582
2585
2403
2540
2412
2583
2245
2246
2252
2586
2245
2246
2551
2587
2588
2254
2553
2589
2249
2250
2590
2249
2250
2555
2587
2591
2556
2592
2588
2593
2257
2563
2594
2595
2596
2597
2254
2255
2598
2254
2255
2565
2595
2599
2566
2600
2596
2601
2258
2260
2570
2602
2571
2602
2603
2604
2605
2606
2261
2499
2262
2263
2575
2607
2261
2574
2607
2608
2511
2609
2264
2609
2264
2577
2610
2611
2612
2613
2578
2610
2613
2614
2615
2616
2579
2614
2617
2580
2617
2618
2270
2508
2609
2271
2273
2613
2619
2516
2612
2619
2274
2280
2283
2614
2620
2274
2283
2616
2621
2283
2284
2617
2620
2622
2618
2622
2623
2281
2620
2624
2622
2624
2625
2623
2625
2626
2284
2515
2619
2519
2627
2628
2520
2624
2628
2629
2284
2521
2621
2627
2630
2522
2621
2524
2625
2629
2631
2525
2626
2631
2632
2289
2290
2291
2295
2633
2289
2290
2634
2293
2635
2297
2636
2293
2294
2299
2637
2293
2294
2638
2639
2301
2640
2297
2298
2299
2641
2297
2298
2642
2643
2302
2644
2301
2302
2645
2301
2302
2646
2647
2648
2305
2306
2307
2309
2649
2305
2306
2638
2650
2308
2651
2311
2640
2652
2308
2313
2319
2321
2311
2312
2313
2653
2311
2312
2646
2654
2647
2655
2314
2656
2314
2327
2329
2317
2318
2323
2335
2657
2317
2318
2658
2325
2659
2337
2660
2321
2322
2327
2649
2321
2322
2658
2661
2651
2330
2659
2662
2325
2326
2343
2663
2325
2326
2664
2665
2345
2666
2329
2330
2653
2329
2330
2664
2667
2656
2665
2668
2333
2334
2339
2351
2669
2333
2334
2670
2341
2671
2353
2672
2337
2338
2343
2673
2337
2338
2670
2674
2675
2346
2671
2676
2341
2342
2359
2677
2341
2342
2678
2679
2361
2680
2345
2346
2681
2345
2346
2678
2682
2683
2679
2684
2349
2350
2355
2364
2685
2349
2350
2686
2357
2687
2366
2688
2353
2354
2359
2689
2353
2354
2686
2690
2691
2362
2687
2692
2357
2358
2369
2693
2357
2358
2694
2695
2371
2696
2361
2362
2697
2361
2362
2694
2698
2699
2695
2700
2368
2374
2701
2702
2703
2704
2366
2367
2369
2705
2366
2367
2702
2706
2707
2372
2703
2708
2376
2709
2710
2711
2712
2371
2372
2713
2371
2372
2710
2714
2715
2711
2716
2375
2377
2717
2376
2717
2718
2719
2720
2721
2379
2722
2722
2723
2724
2725
2726
2379
2727
2728
2380
2382
2727
2729
2730
2383
2730
2731
2732
2383
2732
2733
2732
2734
2731
2735
2735
2736
2388
2389
2390
2394
2737
2388
2389
2532
2392
2530
2396
2738
2392
2393
2398
2739
2392
2393
2540
2538
2400
2740
2396
2397
2398
2741
2396
2397
2634
2742
2743
2401
2635
2744
2400
2401
2745
2400
2401
2638
2746
2747
2639
2748
2403
2404
2412
2406
2585
2740
2406
2407
2418
2406
2407
2650
2746
2749
2747
2750
2417
2651
2410
2411
2413
2423
2751
2410
2411
2583
2415
2752
2425
2581
2418
2585
2752
2415
2416
2431
2753
2415
2416
2658
2754
2755
2433
2660
2756
2418
2661
2749
2754
2750
2755
2421
2422
2427
2439
2757
2421
2422
2758
2429
2759
2441
2760
2425
2426
2431
2761
2425
2426
2593
2758
2590
2434
2759
2762
2429
2430
2447
2763
2429
2430
2670
2764
2765
2449
2672
2766
2433
2434
2767
2433
2434
2674
2764
2768
2675
2769
2765
2770
2437
2438
2443
2455
2771
2437
2438
2772
2445
2773
2457
2774
2441
2442
2447
2775
2441
2442
2772
2776
2777
2450
2773
2778
2445
2446
2463
2779
2445
2446
2686
2780
2781
2465
2688
2782
2449
2450
2783
2449
2450
2690
2780
2784
2691
2785
2781
2786
2453
2454
2459
2468
2787
2453
2454
2788
2461
2789
2470
2790
2457
2458
2463
2791
2457
2458
2788
2792
2793
2466
2789
2794
2461
2462
2473
2795
2461
2462
2702
2796
2797
2475
2704
2798
2465
2466
2799
2465
2466
2706
2796
2800
2707
2801
2797
2802
2472
2478
2803
2470
2471
2473
2804
2470
2471
2803
2805
2806
2476
2803
2807
2479
2717
2808
2475
2476
2809
2475
2476
2719
2808
2810
2720
2811
2808
2812
2480
2483
2813
2479
2813
2814
2728
2815
2816
2484
2727
2816
2731
2817
2818
2483
2484
2732
2817
2819
2484
2820
2733
2821
2735
2818
2822
2736
2822
2823
2488
2493
2586
2760
2588
2758
2490
2492
2495
2491
2496
2501
2492
2502
2594
2824
2596
2825
2494
2598
2777
2601
2776
2825
2496
2772
2825
2507
2774
2824
2498
2504
2826
2505
2510
2827
2511
2602
2826
2827
2828
2829
2501
2503
2506
2826
2502
2507
2503
2603
2830
2606
2829
2831
2505
2788
2832
2514
2790
2833
2507
2792
2831
2832
2793
2830
2512
2516
2834
2510
2512
2513
2835
2514
2836
2608
2834
2835
2836
2837
2838
2513
2517
2803
2839
2514
2805
2840
2806
2841
2518
2522
2842
2517
2842
2843
2814
2844
2845
2523
2813
2845
2817
2846
2847
2818
2847
2848
2522
2523
2819
2846
2849
2850
2851
2523
2849
2820
2850
2822
2848
2852
2823
2852
2853
2528
2529
2534
2546
2854
2528
2529
2855
2536
2856
2548
2857
2532
2533
2538
2737
2532
2533
2855
2858
2738
2541
2856
2859
2536
2537
2554
2860
2536
2537
2861
2862
2556
2863
2540
2541
2739
2540
2541
2861
2864
2740
2862
2865
2544
2545
2550
2559
2866
2544
2545
2867
2552
2868
2561
2869
2548
2549
2554
2870
2548
2549
2867
2871
2872
2557
2868
2873
2552
2553
2564
2874
2552
2553
2875
2876
2566
2877
2556
2557
2878
2556
2557
2875
2879
2880
2876
2881
2563
2569
2882
2883
2884
2885
2561
2562
2564
2886
2561
2562
2883
2887
2888
2567
2884
2889
2571
2890
2891
2892
2893
2566
2567
2894
2566
2567
2891
2895
2896
2892
2897
2570
2573
2898
2571
2898
2899
2900
2901
2902
2574
2903
2903
2904
2905
2906
2907
2575
2576
2908
2574
2908
2909
2910
2911
2577
2910
2577
2912
2913
2914
2915
2912
2915
2916
2917
2918
2916
2919
2919
2920
2583
2584
2590
2751
2583
2584
2861
2921
2752
2592
2863
2922
2750
2864
2921
2588
2589
2598
2923
2588
2589
2875
2924
2925
2600
2877
2926
2592
2593
2761
2592
2593
2879
2924
2927
2880
2928
2762
2925
2596
2597
2603
2929
2596
2597
2891
2930
2931
2605
2893
2932
2600
2601
2933
2600
2601
2895
2930
2934
2896
2935
2931
2936
2608
2903
2937
2938
2939
2940
2605
2606
2941
2605
2606
2905
2938
2942
2906
2943
2939
2944
2609
2611
2910
2945
2911
2945
2946
2947
2948
2949
2612
2834
2613
2615
2915
2950
2612
2914
2950
2951
2843
2952
2616
2952
2630
2916
2953
2616
2630
2918
2954
2630
2955
2919
2953
2956
2920
2956
2957
2621
2842
2952
2627
2953
2958
2849
2955
2956
2958
2959
2957
2959
2960
2628
2958
2961
2959
2961
2962
2960
2962
2963
2846
2964
2965
2847
2965
2966
2848
2961
2966
2967
2851
2954
2955
2964
2968
2852
2962
2967
2969
2853
2963
2969
2970
2635
2636
2637
2641
2971
2635
2636
2972
2639
2973
2643
2974
2639
2640
2645
2975
2639
2640
2976
2977
2647
2978
2643
2644
2645
2979
2643
2644
2980
2981
2648
2982
2647
2648
2983
2647
2648
2984
2985
2986
2651
2652
2653
2662
2651
2652
2976
2987
2661
2655
2978
2988
2655
2656
2668
2655
2656
2984
2989
2985
2990
2667
2659
2660
2663
2673
2991
2659
2660
2992
2665
2993
2675
2994
2662
2987
2992
2668
2988
2993
2665
2666
2681
2995
2665
2666
2996
2997
2683
2998
2668
2989
2996
2990
2997
2671
2672
2677
2689
2999
2671
2672
3000
2679
3001
2691
3002
2675
2676
2681
3003
2675
2676
3000
3004
3005
2684
3001
3006
2679
2680
2697
3007
2679
2680
3008
3009
2699
3010
2683
2684
3011
2683
2684
3008
3012
3013
3009
3014
2687
2688
2693
2705
3015
2687
2688
3016
2695
3017
2707
3018
2691
2692
2697
3019
2691
2692
3016
3020
3021
2700
3017
3022
2695
2696
2713
3023
2695
2696
3024
3025
2715
3026
2699
2700
3027
2699
2700
3024
3028
3029
3025
3030
2703
2704
2709
2718
3031
2703
2704
3032
2711
3033
2720
3034
2707
2708
2713
3035
2707
2708
3032
3036
3037
2716
3033
3038
2711
2712
2723
3039
2711
2712
3040
3041
2725
3042
2715
2716
3043
2715
2716
3040
3044
3045
3041
3046
2722
2728
3047
2720
2721
2723
3048
2720
2721
3047
3049
3050
2726
3047
3051
2729
3052
2725
2726
3053
2725
2726
3052
3054
3055
3052
3056
2730
2733
3057
2729
3057
3058
3059
3060
2734
3060
3061
3062
2733
2734
3061
3063
2734
3064
3065
3062
3066
3066
3067
2738
2739
2741
2859
2743
2858
2740
2745
2865
2747
2864
2743
2744
2745
3068
2743
2744
2972
3069
3070
2748
2973
3071
2747
2748
3072
2747
2748
2976
3073
3074
2977
3075
2750
2987
3073
3076
3074
3077
2752
2753
2761
2922
2755
2921
2755
2756
2767
3078
2755
2756
2992
3076
3077
2769
2994
3079
2759
2760
2763
2775
3080
2759
2760
2925
2765
3081
2777
2923
2762
2767
2928
2770
2927
3081
2765
2766
2783
3082
2765
2766
3000
3083
3084
2785
3002
3085
2769
2770
3086
2769
2770
3004
3083
3087
3005
3088
3084
3089
2773
2774
2779
2791
3090
2773
2774
3091
2781
3092
2793
3093
2777
2778
2783
3094
2777
2778
2936
3091
2933
2786
3092
3095
2781
2782
2799
3096
2781
2782
3016
3097
3098
2801
3018
3099
2785
2786
3100
2785
2786
3020
3097
3101
3021
3102
3098
3103
2789
2790
2795
2804
3104
2789
2790
3105
2797
3106
2806
3107
2793
2794
2799
3108
2793
2794
3105
3109
3110
2802
3106
3111
2797
2798
2809
3112
2797
2798
3032
3113
3114
2811
3034
3115
2801
2802
3116
2801
2802
3036
3113
3117
3037
3118
3114
3119
2805
2807
2808
2814
3120
2806
2807
2809
3121
2806
2807
3122
3123
2812
3124
2810
2812
2815
3047
3125
2811
2812
3126
2811
2812
3049
3127
3050
3128
3129
2816
2820
3130
2815
3130
3131
3058
3132
3133
2821
3057
3133
3061
3134
3135
3062
3135
3136
2820
2821
3063
3134
3137
3138
3139
2821
3137
3064
3138
3066
3136
3140
3067
3140
3141
2825
2830
2929
3093
2931
3091
2827
2829
2832
2828
2833
2836
2829
2837
2937
3142
2939
3143
2831
2941
3110
2944
3109
3143
2833
3105
3143
2841
3107
3142
2839
2843
2945
2836
2838
2839
2840
2837
2841
2838
2946
3144
2839
2949
3145
2840
2844
3120
3145
3146
2841
3122
3145
3123
3144
2845
2849
3147
2844
2951
3147
3131
3148
3149
2850
3130
3149
3134
3150
3151
3135
3151
3152
3136
3152
3153
2850
3154
3137
3155
3139
3150
3154
3155
3156
3157
3158
3140
3153
3159
3141
3159
3160
2856
2857
2860
2870
3161
2856
2857
3162
2862
3163
2872
3164
2859
3070
3162
2865
3068
3163
2862
2863
2878
3165
2862
2863
3166
3167
2880
3168
2865
3074
3166
3072
3167
2868
2869
2874
2886
3169
2868
2869
3170
2876
3171
2888
3172
2872
2873
2878
3173
2872
2873
3170
3174
3175
2881
3171
3176
2876
2877
2894
3177
2876
2877
3178
3179
2896
3180
2880
2881
3181
2880
2881
3178
3182
3183
3179
3184
2884
2885
2890
2899
3185
2884
2885
3186
2892
3187
2901
3188
2888
2889
2894
3189
2888
2889
3186
3190
3191
2897
3187
3192
2892
2893
2904
3193
2892
2893
3194
3195
2906
3196
2896
2897
3197
2896
2897
3194
3198
3199
3195
3200
2903
2909
3201
3202
3203
3204
2901
2902
2904
3205
2901
2902
3202
3206
3207
2907
3203
3208
2911
3209
3210
3211
3212
2906
2907
3213
2906
2907
3210
3214
3215
3211
3216
2910
2913
3217
2911
3217
3218
3219
3220
3221
2914
3222
3222
3223
3224
3225
3226
2915
2917
3227
2914
3227
3228
3229
3230
2918
3230
2968
3231
2918
2968
3232
2968
3233
3231
3234
3234
3235
2922
3077
3166
2928
3078
3168
2925
2926
2933
3080
2925
2926
3178
3236
3081
2935
3180
3237
2928
3089
3182
3236
3086
3183
2931
2932
2941
3238
2931
2932
3194
3239
3240
2943
3196
3241
2935
2936
3094
2935
2936
3198
3239
3242
3199
3243
3095
3240
2939
2940
2946
3244
2939
2940
3210
3245
3246
2948
3212
3247
2943
2944
3248
2943
2944
3214
3245
3249
3215
3250
3246
3251
2951
3146
3222
2948
2949
3252
2948
2949
3146
3224
3253
3225
3254
3146
3255
2952
2954
3230
3256
3148
3229
3256
2955
3147
2964
3231
3257
2955
3156
3233
3154
3234
3257
3258
3235
3258
3259
2965
3257
3260
3258
3260
3261
3259
3261
3262
2966
3260
3263
3261
3263
3264
3262
3264
3265
3150
3266
3267
3151
3267
3268
3152
3268
3269
3153
3263
3269
3270
3158
3232
3233
3266
3159
3264
3270
3271
3160
3265
3271
3272
2973
2974
2975
2979
3273
2973
2974
3274
2977
3275
2981
3276
2977
2978
2983
3277
2977
2978
3278
3279
2985
3280
2981
2982
2983
3281
2981
2982
3282
3283
2986
3284
2985
2986
3285
2985
2986
3286
3287
3288
2988
3278
3289
2990
3280
3290
2990
3286
3291
3287
3292
2993
2994
2995
3003
3293
2993
2994
3289
2997
3290
3005
3294
2997
2998
3011
3295
2997
2998
3291
3292
3013
3296
3001
3002
3007
3019
3297
3001
3002
3298
3009
3299
3021
3300
3005
3006
3011
3301
3005
3006
3298
3302
3303
3014
3299
3304
3009
3010
3027
3305
3009
3010
3306
3307
3029
3308
3013
3014
3309
3013
3014
3306
3310
3311
3307
3312
3017
3018
3023
3035
3313
3017
3018
3314
3025
3315
3037
3316
3021
3022
3027
3317
3021
3022
3314
3318
3319
3030
3315
3320
3025
3026
3043
3321
3025
3026
3322
3323
3045
3324
3029
3030
3325
3029
3030
3322
3326
3327
3323
3328
3033
3034
3039
3048
3329
3033
3034
3330
3041
3331
3050
3332
3037
3038
3043
3333
3037
3038
3330
3334
3335
3046
3331
3336
3041
3042
3053
3337
3041
3042
3338
3339
3055
3340
3045
3046
3341
3045
3046
3338
3342
3343
3339
3344
3049
3051
3052
3058
3345
3050
3051
3053
3346
3050
3051
3347
3348
3056
3349
3054
3056
3059
3350
3055
3056
3351
3055
3056
3352
3353
3354
3060
3064
3355
3059
3355
3356
3357
3358
3065
3358
3359
3360
3360
3361
3064
3065
3359
3362
3363
3364
3065
3362
3363
3361
3365
3365
3366
3070
3071
3072
3367
3070
3071
3274
3368
3369
3075
3275
3370
3074
3075
3371
3074
3075
3278
3372
3373
3279
3374
3077
3079
3289
3372
3078
3373
3079
3086
3375
3088
3294
3376
3081
3082
3094
3237
3084
3236
3084
3085
3100
3377
3084
3085
3298
3378
3379
3102
3300
3380
3088
3089
3381
3088
3089
3302
3378
3382
3303
3383
3379
3384
3092
3093
3096
3108
3385
3092
3093
3240
3098
3386
3110
3238
3095
3100
3243
3103
3242
3386
3098
3099
3116
3387
3098
3099
3314
3388
3389
3118
3316
3390
3102
3103
3391
3102
3103
3318
3388
3392
3319
3393
3389
3394
3106
3107
3112
3121
3395
3106
3107
3396
3114
3397
3123
3398
3110
3111
3116
3399
3110
3111
3251
3396
3248
3119
3397
3400
3114
3115
3126
3401
3114
3115
3330
3402
3403
3128
3332
3404
3118
3119
3405
3118
3119
3334
3402
3406
3335
3407
3403
3408
3122
3124
3125
3131
3409
3410
3411
3123
3124
3126
3412
3123
3124
3409
3413
3129
3410
3127
3129
3132
3345
3414
3415
3416
3128
3129
3417
3128
3129
3347
3414
3348
3418
3415
3133
3137
3419
3132
3419
3420
3356
3421
3422
3138
3355
3422
3359
3423
3424
3360
3424
3425
3361
3425
3426
3138
3427
3362
3428
3364
3423
3427
3428
3429
3430
3431
3365
3426
3432
3366
3432
3433
3143
3144
3244
3398
3246
3396
3145
3252
3413
3255
3409
3148
3253
3255
3411
3434
3149
3154
3256
3420
3435
3436
3155
3419
3436
3423
3437
3438
3424
3438
3439
3425
3439
3440
3426
3440
3441
3155
3156
3157
3427
3157
3256
3442
3429
3436
3443
3431
3437
3442
3443
3444
3445
3432
3441
3446
3433
3446
3447
3163
3164
3165
3173
3448
3163
3164
3369
3167
3367
3175
3449
3167
3168
3181
3450
3167
3168
3373
3371
3183
3375
3171
3172
3177
3189
3451
3171
3172
3452
3179
3453
3191
3454
3175
3176
3181
3455
3175
3176
3452
3456
3457
3184
3453
3458
3179
3180
3197
3459
3179
3180
3460
3461
3199
3462
3183
3184
3463
3183
3184
3384
3460
3381
3461
3464
3187
3188
3193
3205
3465
3187
3188
3466
3195
3467
3207
3468
3191
3192
3197
3469
3191
3192
3466
3470
3471
3200
3467
3472
3195
3196
3213
3473
3195
3196
3474
3475
3215
3476
3199
3200
3477
3199
3200
3474
3478
3479
3475
3480
3203
3204
3209
3218
3481
3203
3204
3482
3211
3483
3220
3484
3207
3208
3213
3485
3207
3208
3482
3486
3487
3216
3483
3488
3211
3212
3223
3489
3211
3212
3490
3491
3225
3492
3215
3216
3493
3215
3216
3490
3494
3495
3491
3496
3222
3228
3497
3220
3221
3223
3498
3220
3221
3497
3499
3500
3226
3497
3501
3229
3434
3225
3226
3502
3225
3226
3434
3503
3504
3434
3505
3230
3232
3506
3229
3506
3507
3435
3508
3233
3508
3266
3509
3233
3444
3442
3509
3510
3510
3511
3237
3379
3460
3243
3377
3462
3240
3241
3248
3385
3240
3241
3474
3512
3386
3250
3476
3513
3243
3394
3478
3512
3391
3479
3246
3247
3252
3514
3246
3247
3490
3515
3516
3254
3492
3517
3250
3251
3399
3250
3251
3494
3515
3518
3495
3519
3400
3516
3254
3255
3520
3254
3255
3503
3521
3504
3522
3523
3436
3508
3267
3509
3524
3510
3524
3525
3511
3525
3526
3268
3524
3527
3525
3527
3528
3526
3528
3529
3269
3527
3530
3528
3530
3531
3529
3531
3532
3437
3533
3438
3533
3534
3439
3534
3535
3440
3535
3536
3441
3530
3536
3537
3446
3531
3537
3538
3447
3532
3538
3539
3275
3276
3277
3281
3540
3275
3276
3541
3279
3542
3283
3543
3279
3280
3285
3544
3279
3280
3545
3546
3287
3547
3283
3284
3285
3548
3283
3284
3549
3550
3288
3551
3287
3288
3552
3287
3288
3553
3554
3555
3290
3294
3545
3292
3293
3547
3292
3296
3553
3295
3554
3294
3295
3301
3556
3303
3557
3296
3309
3558
3311
3559
3299
3300
3305
3317
3560
3299
3300
3561
3307
3562
3319
3563
3303
3304
3309
3564
3303
3304
3561
3565
3566
3312
3562
3567
3307
3308
3325
3568
3307
3308
3569
3570
3327
3571
3311
3312
3572
3311
3312
3569
3573
3574
3570
3575
3315
3316
3321
3333
3576
3315
3316
3577
3323
3578
3335
3579
3319
3320
3325
3580
3319
3320
3577
3581
3582
3328
3578
3583
3323
3324
3341
3584
3323
3324
3585
3586
3343
3587
3327
3328
3588
3327
3328
3585
3589
3590
3586
3591
3331
3332
3337
3346
3592
3331
3332
3593
3339
3594
3348
3595
3335
3336
3341
3596
3335
3336
3593
3597
3598
3344
3594
3599
3339
3340
3351
3600
3339
3340
3601
3602
3353
3603
3343
3344
3604
3343
3344
3601
3605
3606
3602
3607
3347
3349
3350
3356
3608
3609
3610
3348
3349
3351
3611
3348
3349
3608
3612
3354
3609
3352
3354
3357
3613
3614
3615
3353
3354
3616
3353
3354
3613
3617
3614
3358
3362
3618
3357
3618
3619
3620
3621
3363
3621
3622
3623
3623
3624
3624
3625
3363
3626
3627
3622
3626
3627
3628
3629
3630
3625
3631
3631
3632
3369
3370
3371
3448
3369
3370
3541
3633
3449
3374
3542
3634
3373
3374
3450
3373
3374
3376
3545
3375
3546
3635
3376
3381
3450
3383
3557
3635
3379
3380
3391
3636
3379
3380
3561
3637
3638
3393
3563
3639
3383
3384
3463
3383
3384
3565
3637
3640
3566
3641
3464
3638
3386
3387
3399
3513
3389
3512
3389
3390
3405
3642
3389
3390
3577
3643
3644
3407
3579
3645
3393
3394
3646
3393
3394
3581
3643
3647
3582
3648
3644
3649
3397
3398
3401
3412
3650
3397
3398
3516
3403
3651
3413
3514
3400
3405
3519
3408
3518
3651
3403
3404
3417
3652
3403
3404
3593
3653
3654
3418
3595
3655
3407
3408
3656
3407
3408
3597
3653
3657
3598
3658
3654
3659
3410
3413
3523
3412
3415
3660
3416
3420
3521
3523
3660
3661
3662
3413
3417
3663
3520
3415
3418
3608
3664
3417
3665
3421
3610
3664
3665
3666
3667
3668
3418
3669
3612
3670
3422
3427
3671
3421
3671
3672
3619
3673
3674
3428
3618
3674
3622
3675
3676
3623
3676
3677
3624
3677
3678
3625
3678
3679
3428
3429
3430
3626
3430
3671
3680
3628
3674
3681
3630
3675
3680
3681
3682
3683
3631
3679
3684
3632
3684
3685
3435
3497
3503
3505
3662
3507
3672
3686
3671
3686
3675
3687
3676
3687
3688
3677
3688
3689
3678
3689
3690
3679
3690
3691
3443
3444
3508
3445
3680
3686
3445
3506
3682
3692
3684
3691
3693
3685
3693
3694
3449
3450
3455
3634
3457
3633
3463
3635
3453
3454
3459
3469
3695
3453
3454
3696
3461
3697
3471
3698
3457
3458
3463
3699
3457
3458
3696
3700
3701
3464
3697
3702
3461
3462
3477
3703
3461
3462
3638
3704
3479
3636
3464
3641
3640
3704
3467
3468
3473
3485
3705
3467
3468
3706
3475
3707
3487
3708
3471
3472
3477
3709
3471
3472
3706
3710
3711
3480
3707
3712
3475
3476
3493
3713
3475
3476
3714
3715
3495
3716
3479
3480
3717
3479
3480
3649
3714
3646
3715
3718
3483
3484
3489
3498
3719
3483
3484
3720
3491
3721
3500
3722
3487
3488
3493
3723
3487
3488
3720
3724
3725
3496
3721
3726
3491
3492
3502
3727
3491
3492
3728
3729
3504
3730
3495
3496
3731
3495
3496
3728
3732
3733
3729
3734
3499
3501
3507
3735
3500
3501
3502
3736
3500
3501
3737
3738
3505
3739
3504
3505
3740
3504
3505
3741
3742
3743
3508
3692
3692
3744
3686
3533
3745
3745
3746
3746
3747
3513
3644
3714
3519
3642
3716
3516
3517
3520
3650
3516
3517
3728
3748
3651
3522
3730
3749
3519
3659
3732
3748
3656
3733
3522
3523
3663
3522
3523
3661
3741
3742
3750
3660
3534
3745
3751
3746
3751
3752
3747
3752
3753
3535
3751
3754
3752
3754
3755
3753
3755
3756
3536
3754
3757
3755
3757
3758
3756
3758
3759
3687
3760
3688
3760
3761
3689
3761
3762
3690
3762
3763
3691
3757
3763
3764
3693
3758
3764
3765
3694
3759
3765
3766
3542
3543
3544
3548
3767
3542
3543
3768
3546
3769
3550
3770
3546
3547
3552
3771
3546
3547
3557
3772
3554
3556
3550
3551
3552
3773
3550
3551
3774
3775
3555
3776
3554
3555
3777
3554
3555
3559
3558
3778
3557
3558
3564
3771
3566
3772
3559
3572
3777
3574
3778
3562
3563
3568
3580
3779
3562
3563
3780
3570
3781
3582
3782
3566
3567
3572
3783
3566
3567
3780
3784
3785
3575
3781
3786
3570
3571
3588
3787
3570
3571
3788
3789
3590
3790
3574
3575
3791
3574
3575
3788
3792
3793
3789
3794
3578
3579
3584
3596
3795
3578
3579
3796
3586
3797
3598
3798
3582
3583
3588
3799
3582
3583
3796
3800
3801
3591
3797
3802
3586
3587
3604
3803
3586
3587
3804
3805
3606
3806
3590
3591
3807
3590
3591
3804
3808
3809
3805
3810
3594
3595
3600
3611
3811
3594
3595
3812
3602
3813
3612
3814
3598
3599
3604
3815
3598
3599
3812
3816
3817
3607
3813
3818
3602
3603
3616
3819
3602
3603
3820
3821
3617
3822
3606
3607
3823
3606
3607
3820
3824
3825
3821
3826
3609
3612
3827
3611
3614
3828
3615
3619
3827
3828
3829
3830
3831
3612
3616
3832
3833
3614
3617
3834
3616
3835
3620
3834
3835
3836
3837
3838
3617
3839
3840
3621
3626
3841
3620
3841
3842
3843
3844
3627
3844
3845
3846
3846
3847
3847
3848
3848
3849
3627
3628
3629
3629
3841
3850
3844
3851
3845
3850
3851
3852
3853
3849
3854
3854
3855
3634
3701
3768
3635
3699
3769
3641
3772
3638
3639
3646
3703
3638
3639
3780
3856
3704
3648
3782
3857
3641
3702
3784
3856
3699
3785
3644
3645
3656
3858
3644
3645
3796
3859
3860
3658
3798
3861
3648
3649
3717
3648
3649
3800
3859
3862
3801
3863
3718
3860
3651
3652
3663
3749
3654
3748
3654
3655
3669
3864
3654
3655
3812
3865
3866
3670
3814
3867
3658
3659
3868
3658
3659
3816
3865
3869
3817
3870
3866
3871
3661
3663
3665
3667
3750
3872
3668
3672
3735
3741
3743
3872
3873
3669
3750
3665
3666
3670
3827
3667
3669
3667
3829
3874
3875
3876
3877
3673
3831
3874
3876
3878
3879
3880
3670
3877
3833
3875
3674
3881
3673
3744
3881
3842
3882
3883
3841
3883
3845
3884
3846
3884
3885
3847
3885
3886
3848
3886
3887
3849
3887
3888
3681
3682
3881
3683
3850
3883
3683
3889
3852
3890
3854
3888
3891
3855
3891
3892
3692
3881
3884
3893
3885
3893
3894
3886
3894
3895
3887
3895
3896
3888
3896
3897
3889
3891
3897
3898
3892
3898
3899
3697
3698
3703
3709
3900
3697
3698
3901
3704
3902
3711
3903
3701
3702
3904
3701
3702
3901
3905
3906
3902
3907
3704
3717
3857
3856
3707
3708
3713
3723
3908
3707
3708
3909
3715
3910
3725
3911
3711
3712
3717
3912
3711
3712
3909
3913
3914
3718
3910
3915
3715
3716
3731
3916
3715
3716
3860
3917
3733
3858
3718
3863
3862
3917
3721
3722
3727
3736
3918
3721
3722
3919
3729
3920
3738
3921
3725
3726
3731
3922
3725
3726
3919
3923
3924
3734
3920
3925
3729
3730
3740
3926
3729
3730
3927
3928
3742
3929
3733
3734
3930
3733
3734
3871
3927
3868
3928
3931
3737
3739
3744
3880
3932
3933
3738
3739
3740
3934
3738
3739
3932
3935
3743
3933
3742
3743
3936
3742
3743
3872
3937
3873
3882
3889
3760
3938
3938
3939
3939
3940
3749
3866
3927
3750
3864
3929
3877
3937
3761
3938
3941
3939
3941
3942
3940
3942
3943
3762
3941
3944
3942
3944
3945
3943
3945
3946
3763
3944
3947
3945
3947
3948
3946
3948
3949
3893
3950
3894
3950
3951
3895
3951
3952
3896
3952
3953
3897
3947
3953
3954
3898
3948
3954
3955
3899
3949
3955
3956
3769
3770
3771
3773
3957
3769
3770
3906
3772
3904
3775
3958
3772
3777
3783
3785
3775
3776
3777
3959
3775
3776
3960
3961
3778
3962
3778
3791
3793
3781
3782
3787
3799
3963
3781
3782
3964
3789
3965
3801
3966
3785
3786
3791
3957
3785
3786
3907
3964
3904
3794
3965
3967
3789
3790
3807
3968
3789
3790
3969
3970
3809
3971
3793
3794
3959
3793
3794
3969
3972
3962
3970
3973
3797
3798
3803
3815
3974
3797
3798
3975
3805
3976
3817
3977
3801
3802
3807
3978
3801
3802
3975
3979
3980
3810
3976
3981
3805
3806
3823
3982
3805
3806
3983
3984
3825
3985
3809
3810
3986
3809
3810
3983
3987
3988
3984
3989
3813
3814
3819
3832
3990
3813
3814
3991
3821
3992
3833
3993
3817
3818
3823
3994
3817
3818
3991
3995
3996
3826
3992
3997
3821
3822
3839
3998
3821
3822
3999
4000
3840
4001
3825
3826
4002
3825
3826
3999
4003
4004
4000
4005
3828
3829
3833
3830
3832
3835
3830
4006
4007
3837
4008
4009
3838
3842
4006
4008
4010
4011
4012
3833
3839
4009
4007
3835
3836
3840
3837
3839
3837
4013
4014
4015
4016
3843
4013
4015
4017
4018
4019
3840
4016
4014
3844
4020
3843
4020
4021
4022
4023
4023
4024
4024
4025
4025
4026
4026
4027
4027
4028
3851
3852
4020
3853
4023
3853
4029
4030
4028
4031
4031
4032
3857
3902
3964
3863
3900
3966
3860
3861
3868
3916
3860
3861
3975
4033
3917
3870
3977
4034
3863
3915
3979
4033
3912
3980
3866
3867
3877
4035
3866
3867
3991
4036
4037
3875
3993
4038
3870
3871
3930
3870
3871
3995
4036
4039
3996
4040
3931
4037
3873
3876
3937
3879
3933
3936
3876
3878
4006
4041
3877
4007
4041
3879
4042
4042
3879
4010
4043
4044
4045
4046
3882
4012
4043
4045
4047
4048
3883
3889
3890
4021
3890
4020
4024
4049
4025
4049
4050
4026
4050
4051
4027
4051
4052
4028
4052
4053
3890
4029
4031
4053
4054
4032
4054
4055
4049
4056
4050
4056
4057
4051
4057
4058
4052
4058
4059
4053
4059
4060
4054
4060
4061
4055
4061
4062
3902
3903
3912
4063
3902
3903
4064
4065
3914
4066
3906
3907
3957
3906
3907
4064
4067
3958
3967
4065
3910
3911
3916
3922
4068
3910
3911
4069
3917
4070
3924
4071
3914
3915
4072
3914
3915
4069
4073
4074
4070
4075
3917
3930
4034
4033
3920
3921
3926
3934
4076
3920
3921
4077
3928
4078
3935
4079
3924
3925
3930
4080
3924
3925
4077
4081
4082
3931
4078
4083
3928
3929
3936
4084
3928
3929
4037
4085
3937
4035
3931
4040
4039
4085
3933
3935
4048
3934
4045
3935
3936
4086
4087
3937
4046
4042
3950
4088
4088
4089
4089
4090
3951
4088
4091
4089
4091
4092
4090
4092
4093
3952
4091
4094
4092
4094
4095
4093
4095
4096
3953
4094
4097
4095
4097
4098
4096
4098
4099
4056
4100
4057
4100
4101
4058
4101
4102
4059
4102
4103
4060
4097
4103
4104
4061
4098
4104
4105
4062
4099
4105
4106
3958
3959
3967
3961
4067
3961
3962
3973
3961
3962
4107
4108
3972
3965
3966
3968
3978
4109
3965
3966
4065
3970
4110
3980
4063
3973
4067
4110
3970
3971
3986
4111
3970
3971
4112
4113
3988
4114
3973
4107
4112
4108
4113
3976
3977
3982
3994
4115
3976
3977
4116
3984
4117
3996
4118
3980
3981
3986
4119
3980
3981
4075
4116
4072
3989
4117
4120
3984
3985
4002
4121
3984
3985
4122
4123
4004
4124
3988
3989
4125
3988
3989
4122
4126
4127
4123
4128
3992
3993
3998
4009
4129
3992
3993
4130
4000
4131
4007
4132
3996
3997
4002
4133
3996
3997
4130
4134
4135
4005
4131
4136
4000
4001
4016
4137
4000
4001
4138
4139
4014
4140
4004
4005
4141
4004
4005
4138
4142
4143
4139
4144
4008
4010
4145
4009
4145
4011
4015
4146
4016
4146
4011
4147
4148
4018
4149
4150
4019
4021
4147
4149
4151
4152
4015
4017
4153
4016
4153
4018
4154
4154
4018
4155
4156
4157
4158
4022
4155
4157
4159
4160
4023
4029
4022
4029
4030
4030
4161
4161
4162
4162
4163
4163
4164
4164
4165
4030
4165
4166
4166
4167
4034
4070
4116
4040
4068
4118
4037
4038
4042
4084
4037
4038
4130
4168
4085
4041
4132
4169
4040
4083
4134
4168
4080
4135
4042
4044
4145
4046
4045
4047
4147
4170
4046
4148
4169
4170
4048
4086
4084
4086
4048
4151
4171
4087
4161
4172
4162
4172
4173
4163
4173
4174
4164
4174
4175
4165
4175
4176
4166
4176
4177
4167
4177
4178
4172
4179
4173
4179
4180
4174
4180
4181
4175
4181
4182
4176
4182
4183
4177
4183
4184
4178
4184
4185
4065
4066
4072
4109
4065
4066
4186
4110
4074
4187
4108
4186
4070
4071
4080
4188
4070
4071
4189
4190
4082
4191
4074
4075
4119
4074
4075
4189
4192
4193
4120
4190
4078
4079
4084
4086
4194
4078
4079
4195
4085
4196
4087
4197
4082
4083
4198
4082
4083
4195
4199
4200
4196
4201
4085
4169
4168
4087
4170
4171
4100
4202
4202
4203
4203
4204
4101
4202
4205
4203
4205
4206
4204
4206
4207
4102
4205
4208
4206
4208
4209
4207
4209
4210
4103
4208
4211
4209
4211
4212
4210
4212
4213
4179
4214
4180
4214
4215
4181
4215
4216
4182
4216
4217
4183
4211
4217
4218
4184
4212
4218
4219
4185
4213
4219
4220
4108
4221
4222
4110
4111
4119
4187
4113
4186
4113
4114
4125
4223
4113
4114
4221
4222
4127
4224
4117
4118
4121
4133
4225
4117
4118
4190
4123
4226
4135
4188
4120
4125
4193
4128
4192
4226
4123
4124
4141
4227
4123
4124
4228
4229
4143
4230
4127
4128
4231
4127
4128
4228
4232
4233
4229
4234
4131
4132
4137
4146
4235
4131
4132
4236
4139
4237
4145
4238
4135
4136
4141
4239
4135
4136
4201
4236
4198
4144
4237
4240
4139
4140
4154
4241
4139
4140
4242
4243
4153
4244
4143
4144
4245
4143
4144
4242
4246
4247
4243
4248
4146
4148
4150
4154
4149
4151
4249
4150
4238
4249
4152
4157
4250
4158
4235
4250
4152
4251
4160
4252
4154
4156
4158
4157
4159
4253
4158
4244
4253
4160
4254
4241
4254
4160
4255
4256
4257
4257
4258
4258
4259
4259
4260
4260
4261
4261
4262
4262
4263
4169
4196
4236
4194
4238
4171
4194
4249
4197
4251
4257
4264
4258
4264
4265
4259
4265
4266
4260
4266
4267
4261
4267
4268
4262
4268
4269
4263
4269
4270
4264
4271
4265
4271
4272
4266
4272
4273
4267
4273
4274
4268
4274
4275
4269
4275
4276
4270
4276
4277
4187
4222
4193
4223
4190
4191
4198
4225
4190
4191
4278
4226
4200
4279
4193
4234
4278
4231
4196
4197
4280
4196
4197
4281
4282
4283
4200
4201
4239
4200
4201
4281
4284
4285
4240
4282
4214
4286
4286
4287
4287
4288
4215
4286
4289
4287
4289
4290
4288
4290
4291
4216
4289
4292
4290
4292
4293
4291
4293
4294
4217
4292
4295
4293
4295
4296
4294
4296
4297
4271
4298
4272
4298
4299
4273
4299
4300
4274
4300
4301
4275
4295
4301
4302
4276
4296
4302
4303
4277
4297
4303
4304
4222
4224
4223
4224
4231
4233
4226
4227
4239
4279
4229
4278
4229
4230
4245
4305
4229
4230
4306
4307
4247
4308
4233
4234
4233
4234
4306
4307
4237
4238
4241
4309
4237
4238
4282
4243
4310
4280
4240
4245
4285
4248
4284
4310
4243
4244
4311
4243
4244
4312
4313
4314
4247
4248
4315
4247
4248
4312
4316
4317
4313
4318
4250
4251
4280
4252
4254
4309
4252
4283
4256
4319
4254
4255
4314
4256
4311
4256
4320
4321
4322
4322
4323
4323
4324
4324
4325
4325
4326
4326
4327
4327
4328
4322
4329
4323
4329
4330
4324
4330
4331
4325
4331
4332
4326
4332
4333
4327
4333
4334
4328
4334
4335
4329
4336
4330
4336
4337
4331
4337
4338
4332
4338
4339
4333
4339
4340
4334
4340
4341
4335
4341
4342
4279
4307
4285
4305
4282
4283
4309
4282
4283
4343
4310
4319
4285
4318
4343
4315
4298
4344
4344
4345
4345
4346
4299
4344
4347
4345
4347
4348
4346
4348
4349
4300
4347
4350
4348
4350
4351
4349
4351
4352
4301
4350
4353
4351
4353
4354
4352
4354
4355
4336
4356
4337
4356
4357
4338
4357
4358
4339
4358
4359
4340
4353
4359
4360
4341
4354
4360
4361
4342
4355
4361
4362
4307
4308
4315
4307
4308
4317
4310
4311
4319
4313
4343
4313
4314
4321
4313
4314
4363
4364
4320
4317
4318
4317
4318
4363
4364
4321
4343
4321
4363
4364
4365
4365
4366
4366
4367
4367
4368
4368
4369
4369
4370
4370
4371
4365
4372
4366
4372
4373
4367
4373
4374
4368
4374
4375
4369
4375
4376
4370
4376
4377
4371
4377
4378
4372
4379
4373
4379
4380
4374
4380
4381
4375
4381
4382
4376
4382
4383
4377
4383
4384
4378
4384
4385
4364
4356
4386
4386
4387
4387
4388
4357
4386
4389
4387
4389
4390
4388
4390
4391
4358
4389
4392
4390
4392
4393
4391
4393
4394
4359
4392
4395
4393
4395
4396
4394
4396
4397
4379
4398
4380
4398
4399
4381
4399
4400
4382
4400
4401
4383
4395
4401
4402
4384
4396
4402
4403
4385
4397
4403
4364
4404
4404
4405
4405
4406
4406
4407
4407
4408
4408
4409
4409
4410
4404
4411
4405
4411
4412
4406
4412
4413
4407
4413
4414
4408
4414
4415
4409
4415
4416
4410
4416
4417
4411
4418
4412
4418
4419
4413
4419
4420
4414
4420
4421
4415
4421
4422
4416
4422
4423
4417
4423
4398
4424
4424
4425
4425
4426
4399
4424
4427
4425
4427
4428
4426
4428
4429
4400
4427
4430
4428
4430
4431
4429
4431
4432
4401
4430
4433
4431
4433
4434
4432
4434
4418
4435
4419
4435
4436
4420
4436
4437
4421
4437
4438
4422
4433
4438
4439
4423
4434
4439
4440
4440
4441
4441
4442
4442
4443
4443
4444
4444
4445
4445
4446
4440
4447
4441
4447
4448
4442
4448
4449
4443
4449
4450
4444
4450
4451
4445
4451
4452
4446
4452
4447
4453
4448
4453
4454
4449
4454
4455
4450
4455
4456
4451
4456
4457
4452
4457
4435
4458
4458
4459
4459
4460
4436
4458
4461
4459
4461
4462
4460
4462
4463
4437
4461
4464
4462
4464
4465
4463
4465
4438
4464
4466
4465
4466
4453
4467
4454
4467
4468
4455
4468
4469
4456
4469
4470
4457
4466
4470
4471
4471
4472
4472
4473
4473
4474
4474
4475
4475
4476
4476
4471
4477
4472
4477
4478
4473
4478
4479
4474
4479
4480
4475
4480
4481
4476
4481
4477
4482
4478
4482
4483
4479
4483
4484
4480
4484
4485
4481
4485
4467
4486
4486
4487
4487
4488
4468
4486
4489
4487
4489
4490
4488
4490
4469
4489
4491
4490
4491
4470
4491
4482
4492
4483
4492
4493
4484
4493
4494
4485
4494
4495
4495
4496
4496
4497
4497
4498
4498
4499
4499
4495
4500
4496
4500
4501
4497
4501
4502
4498
4502
4503
4499
4503
4500
4504
4501
4504
4505
4502
4505
4506
4503
4506
4492
4507
4507
4508
4508
4493
4507
4509
4508
4509
4494
4509
4504
4510
4505
4510
4511
4506
4511
4512
4512
4513
4513
4514
4514
4515
4515
4512
4516
4513
4516
4517
4514
4517
4518
4515
4518
4516
4519
4517
4519
4520
4518
4520
4510
4521
4521
4511
4521
4519
4522
4520
4522
4523
4523
4524
4524
4525
4525
4523
4526
4524
4526
4527
4525
4527
4526
4528
4527
4528
4522
4528
4529
4529
4530
4530
4529
4531
4530
4531
4531
4532
4532
4532
)


// ************************************************************************* //
