/*--------------------------------*- C++ -*----------------------------------*\
| =========                 |                                                 |
| \\      /  F ield         | OpenFOAM: The Open Source CFD Toolbox           |
|  \\    /   O peration     | Version:  2406                                  |
|   \\  /    A nd           | Website:  www.openfoam.com                      |
|    \\/     M anipulation  |                                                 |
\*---------------------------------------------------------------------------*/
FoamFile
{
    version     2.0;
    format      ascii;
    arch        "LSB;label=32;scalar=64";
    class       labelList;
    location    "constant/polyMesh";
    object      pointProcAddressing;
}
// * * * * * * * * * * * * * * * * * * * * * * * * * * * * * * * * * * * * * //


5772
(
4
5
6
7
8
13
14
15
16
17
22
23
24
25
26
31
32
33
34
35
40
41
42
43
44
85
86
87
88
89
94
95
96
97
98
103
104
105
106
107
112
113
114
115
116
121
122
123
124
125
166
167
168
169
170
175
176
177
178
179
184
185
186
187
188
193
194
195
196
197
202
203
204
205
206
247
248
249
250
251
256
257
258
259
260
265
266
267
268
269
274
275
276
277
278
283
284
285
286
287
328
329
330
331
332
337
338
339
340
341
346
347
348
349
350
355
356
357
358
359
364
365
366
367
368
409
410
411
412
413
418
419
420
421
422
427
428
429
430
431
436
437
438
439
440
445
446
447
448
449
490
491
492
493
494
499
500
501
502
503
508
509
510
511
512
517
518
519
520
521
526
527
528
529
530
571
572
573
574
575
580
581
582
583
584
589
590
591
592
593
598
599
600
601
602
607
608
609
610
611
652
653
654
655
656
661
662
663
664
665
670
671
672
673
674
679
680
681
682
683
688
689
690
691
692
733
734
735
736
737
742
743
744
745
746
751
752
753
754
755
760
761
762
763
764
769
770
771
772
773
814
815
816
817
818
823
824
825
826
827
832
833
834
835
836
841
842
843
844
845
850
851
852
853
854
895
896
897
898
899
904
905
906
907
908
913
914
915
916
917
922
923
924
925
926
931
932
933
934
935
976
977
978
979
980
985
986
987
988
989
994
995
996
997
998
1003
1004
1005
1006
1007
1012
1013
1014
1015
1016
1057
1058
1059
1060
1061
1066
1067
1068
1069
1070
1075
1076
1077
1078
1079
1084
1085
1086
1087
1088
1093
1094
1095
1096
1097
1138
1139
1140
1141
1142
1147
1148
1149
1150
1151
1156
1157
1158
1159
1160
1165
1166
1167
1168
1169
1174
1175
1176
1177
1178
1219
1220
1221
1222
1223
1228
1229
1230
1231
1232
1237
1238
1239
1240
1241
1246
1247
1248
1249
1250
1255
1256
1257
1258
1259
1300
1301
1302
1303
1304
1309
1310
1311
1312
1313
1318
1319
1320
1321
1322
1327
1328
1329
1330
1331
1336
1337
1338
1339
1340
1381
1382
1383
1384
1385
1390
1391
1392
1393
1394
1399
1400
1401
1402
1403
1408
1409
1410
1411
1412
1417
1418
1419
1420
1421
1462
1463
1464
1465
1466
1471
1472
1473
1474
1475
1480
1481
1482
1483
1484
1489
1490
1491
1492
1493
1498
1499
1500
1501
1502
1543
1544
1545
1546
1547
1552
1553
1554
1555
1556
1561
1562
1563
1564
1565
1570
1571
1572
1573
1574
1579
1580
1581
1582
1583
1624
1625
1626
1627
1628
1633
1634
1635
1636
1637
1642
1643
1644
1645
1646
1651
1652
1653
1654
1655
1660
1661
1662
1663
1664
1705
1706
1707
1708
1709
1714
1715
1716
1717
1718
1723
1724
1725
1726
1727
1732
1733
1734
1735
1736
1741
1742
1743
1744
1745
1786
1787
1788
1789
1790
1795
1796
1797
1798
1799
1804
1805
1806
1807
1808
1813
1814
1815
1816
1817
1822
1823
1824
1825
1826
1867
1868
1869
1870
1871
1876
1877
1878
1879
1880
1885
1886
1887
1888
1889
1894
1895
1896
1897
1898
1903
1904
1905
1906
1907
1948
1949
1950
1951
1952
1957
1958
1959
1960
1961
1966
1967
1968
1969
1970
1975
1976
1977
1978
1979
1984
1985
1986
1987
1988
2029
2030
2031
2032
2033
2038
2039
2040
2041
2042
2047
2048
2049
2050
2051
2056
2057
2058
2059
2060
2065
2066
2067
2068
2069
2110
2111
2112
2113
2114
2119
2120
2121
2122
2123
2128
2129
2130
2131
2132
2137
2138
2139
2140
2141
2146
2147
2148
2149
2150
2191
2192
2193
2194
2195
2200
2201
2202
2203
2204
2209
2210
2211
2212
2213
2218
2219
2220
2221
2222
2227
2228
2229
2230
2231
2272
2273
2274
2275
2276
2281
2282
2283
2284
2285
2290
2291
2292
2293
2294
2299
2300
2301
2302
2303
2308
2309
2310
2311
2312
2353
2354
2355
2356
2357
2362
2363
2364
2365
2366
2371
2372
2373
2374
2375
2380
2381
2382
2383
2384
2389
2390
2391
2392
2393
2434
2435
2436
2437
2438
2443
2444
2445
2446
2447
2452
2453
2454
2455
2456
2461
2462
2463
2464
2465
2470
2471
2472
2473
2474
2515
2516
2517
2518
2519
2524
2525
2526
2527
2528
2533
2534
2535
2536
2537
2542
2543
2544
2545
2546
2551
2552
2553
2554
2555
2596
2597
2598
2599
2600
2605
2606
2607
2608
2609
2614
2615
2616
2617
2618
2623
2624
2625
2626
2627
2632
2633
2634
2635
2636
2677
2678
2679
2680
2681
2686
2687
2688
2689
2690
2695
2696
2697
2698
2699
2704
2705
2706
2707
2708
2713
2714
2715
2716
2717
2758
2759
2760
2761
2762
2767
2768
2769
2770
2771
2776
2777
2778
2779
2780
2785
2786
2787
2788
2789
2794
2795
2796
2797
2798
2839
2840
2841
2842
2843
2848
2849
2850
2851
2852
2857
2858
2859
2860
2861
2866
2867
2868
2869
2870
2875
2876
2877
2878
2879
2920
2921
2922
2923
2924
2929
2930
2931
2932
2933
2938
2939
2940
2941
2942
2947
2948
2949
2950
2951
2956
2957
2958
2959
2960
3001
3002
3003
3004
3005
3010
3011
3012
3013
3014
3019
3020
3021
3022
3023
3028
3029
3030
3031
3032
3037
3038
3039
3040
3041
3082
3083
3084
3085
3086
3091
3092
3093
3094
3095
3100
3101
3102
3103
3104
3109
3110
3111
3112
3113
3118
3119
3120
3121
3122
3163
3164
3165
3166
3167
3172
3173
3174
3175
3176
3181
3182
3183
3184
3185
3190
3191
3192
3193
3194
3199
3200
3201
3202
3203
3244
3245
3246
3247
3248
3253
3254
3255
3256
3257
3262
3263
3264
3265
3266
3271
3272
3273
3274
3275
3280
3281
3282
3283
3284
3321
3322
3323
3324
3325
3326
3327
3328
3329
3330
3331
3332
3333
3334
3335
3348
3349
3350
3351
3352
3353
3354
3355
3356
3357
3358
3359
3360
3361
3362
3375
3376
3377
3378
3379
3380
3381
3382
3383
3384
3385
3386
3387
3388
3389
3402
3403
3404
3405
3406
3407
3408
3409
3410
3411
3412
3413
3414
3415
3416
3429
3430
3431
3432
3433
3434
3435
3436
3437
3438
3439
3440
3441
3442
3443
3456
3457
3458
3459
3460
3461
3462
3463
3464
3465
3466
3467
3468
3469
3470
3483
3484
3485
3486
3487
3488
3489
3490
3491
3492
3493
3494
3495
3496
3497
3510
3511
3512
3513
3514
3515
3516
3517
3518
3519
3520
3521
3522
3523
3524
3537
3538
3539
3540
3541
3542
3543
3544
3545
3546
3547
3548
3549
3550
3551
3564
3565
3566
3567
3568
3569
3570
3571
3572
3573
3574
3575
3576
3577
3578
3591
3592
3593
3594
3595
3596
3597
3598
3599
3600
3601
3602
3603
3604
3605
3618
3619
3620
3621
3622
3623
3624
3625
3626
3627
3628
3629
3630
3631
3632
3645
3646
3647
3648
3649
3650
3651
3652
3653
3654
3655
3656
3657
3658
3659
3672
3673
3674
3675
3676
3677
3678
3679
3680
3681
3682
3683
3684
3685
3686
3699
3700
3701
3702
3703
3704
3705
3706
3707
3708
3709
3710
3711
3712
3713
3726
3727
3728
3729
3730
3731
3732
3733
3734
3735
3736
3737
3738
3739
3740
3753
3754
3755
3756
3757
3758
3759
3760
3761
3762
3763
3764
3765
3766
3767
3780
3781
3782
3783
3784
3785
3786
3787
3788
3789
3790
3791
3792
3793
3794
3807
3808
3809
3810
3811
3812
3813
3814
3815
3816
3817
3818
3819
3820
3821
3834
3835
3836
3837
3838
3839
3840
3841
3842
3843
3844
3845
3846
3847
3848
3861
3862
3863
3864
3865
3866
3867
3868
3869
3870
3871
3872
3873
3874
3875
3888
3889
3890
3891
3892
3893
3894
3895
3896
3897
3898
3899
3900
3901
3902
3915
3916
3917
3918
3919
3920
3921
3922
3923
3924
3925
3926
3927
3928
3929
3942
3943
3944
3945
3946
3947
3948
3949
3950
3951
3952
3953
3954
3955
3956
3969
3970
3971
3972
3973
3974
3975
3976
3977
3978
3979
3980
3981
3982
3983
3996
3997
3998
3999
4000
4001
4002
4003
4004
4005
4006
4007
4008
4009
4010
4023
4024
4025
4026
4027
4028
4029
4030
4031
4032
4033
4034
4035
4036
4037
4050
4051
4052
4053
4054
4055
4056
4057
4058
4059
4060
4061
4062
4063
4064
4077
4078
4079
4080
4081
4082
4083
4084
4085
4086
4087
4088
4089
4090
4091
4104
4105
4106
4107
4108
4109
4110
4111
4112
4113
4114
4115
4116
4117
4118
4131
4132
4133
4134
4135
4136
4137
4138
4139
4140
4141
4142
4143
4144
4145
4158
4159
4160
4161
4162
4163
4164
4165
4166
4167
4168
4169
4170
4171
4172
4185
4186
4187
4188
4189
4190
4191
4192
4193
4194
4195
4196
4197
4198
4199
4212
4213
4214
4215
4216
4217
4218
4219
4220
4221
4222
4223
4224
4225
4226
4239
4240
4241
4242
4243
4244
4245
4246
4247
4248
4249
4250
4251
4252
4253
4266
4267
4268
4269
4270
4271
4272
4273
4274
4275
4276
4277
4278
4279
4280
4293
4294
4295
4296
4297
4298
4299
4300
4301
4302
4303
4304
4305
4306
4307
4320
4321
4322
4323
4324
4325
4326
4327
4328
4329
4330
4331
4332
4333
4334
4347
4348
4349
4350
4351
4352
4353
4354
4355
4356
4357
4358
4359
4360
4361
4374
4375
4376
4377
4378
4379
4380
4381
4382
4383
4384
4385
4386
4387
4388
4401
4402
4403
4404
4405
4406
4407
4408
4409
4410
4411
4412
4413
4414
4415
6405
6406
6407
6408
6409
6410
6411
6412
6413
6414
6415
6416
6426
6427
6428
6429
6430
6431
6432
6433
6434
6435
6436
6437
6447
6448
6449
6450
6451
6452
6453
6454
6455
6456
6457
6458
6468
6469
6470
6471
6472
6473
6474
6475
6476
6477
6478
6479
6489
6490
6491
6492
6493
6494
6495
6496
6497
6498
6499
6500
6510
6511
6512
6513
6514
6515
6516
6517
6518
6519
6520
6521
6531
6532
6533
6534
6535
6536
6537
6538
6539
6540
6541
6542
6552
6553
6554
6555
6556
6557
6558
6559
6560
6561
6562
6563
6573
6574
6575
6576
6577
6578
6579
6580
6581
6582
6583
6584
6594
6595
6596
6597
6598
6599
6600
6601
6602
6603
6604
6605
6615
6616
6617
6618
6619
6620
6621
6622
6623
6624
6625
6626
6636
6637
6638
6639
6640
6641
6642
6643
6644
6645
6646
6647
6657
6658
6659
6660
6661
6662
6663
6664
6665
6666
6667
6668
6678
6679
6680
6681
6682
6683
6684
6685
6686
6687
6688
6689
6699
6700
6701
6702
6703
6704
6705
6706
6707
6708
6709
6710
6720
6721
6722
6723
6724
6725
6726
6727
6728
6729
6730
6731
6741
6742
6743
6744
6745
6746
6747
6748
6749
6750
6751
6752
6762
6763
6764
6765
6766
6767
6768
6769
6770
6771
6772
6773
6783
6784
6785
6786
6787
6788
6789
6790
6791
6792
6793
6794
6804
6805
6806
6807
6808
6809
6810
6811
6812
6813
6814
6815
6825
6826
6827
6828
6829
6830
6831
6832
6833
6834
6835
6836
6846
6847
6848
6849
6850
6851
6852
6853
6854
6855
6856
6857
6867
6868
6869
6870
6871
6872
6873
6874
6875
6876
6877
6878
6888
6889
6890
6891
6892
6893
6894
6895
6896
6897
6898
6899
6909
6910
6911
6912
6913
6914
6915
6916
6917
6918
6919
6920
6930
6931
6932
6933
6934
6935
6936
6937
6938
6939
6940
6941
6951
6952
6953
6954
6955
6956
6957
6958
6959
6960
6961
6962
6972
6973
6974
6975
6976
6977
6978
6979
6980
6981
6982
6983
6993
6994
6995
6996
6997
6998
6999
7000
7001
7002
7003
7004
7014
7015
7016
7017
7018
7019
7020
7021
7022
7023
7024
7025
7035
7036
7037
7038
7039
7040
7041
7042
7043
7044
7045
7046
7056
7057
7058
7059
7060
7061
7062
7063
7064
7065
7066
7067
7077
7078
7079
7080
7081
7082
7083
7084
7085
7086
7087
7088
7098
7099
7100
7101
7102
7103
7104
7105
7106
7107
7108
7109
7119
7120
7121
7122
7123
7124
7125
7126
7127
7128
7129
7130
7140
7141
7142
7143
7144
7145
7146
7147
7148
7149
7150
7151
7161
7162
7163
7164
7165
7166
7167
7168
7169
7170
7171
7172
7182
7183
7184
7185
7186
7187
7188
7189
7190
7191
7192
7193
7203
7204
7205
7206
7207
7208
7209
7210
7211
7212
7213
7214
7224
7225
7226
7227
7228
7229
7230
7231
7232
7233
7234
7235
7245
7246
7247
7248
7249
7250
7251
7252
7253
7254
7255
7256
7261
7262
7263
7264
7269
7270
7271
7272
7277
7278
7279
7280
7285
7286
7287
7288
7325
7326
7327
7328
7333
7334
7335
7336
7341
7342
7343
7344
7349
7350
7351
7352
7389
7390
7391
7392
7397
7398
7399
7400
7405
7406
7407
7408
7413
7414
7415
7416
7453
7454
7455
7456
7461
7462
7463
7464
7469
7470
7471
7472
7477
7478
7479
7480
7517
7518
7519
7520
7525
7526
7527
7528
7533
7534
7535
7536
7541
7542
7543
7544
7581
7582
7583
7584
7589
7590
7591
7592
7597
7598
7599
7600
7605
7606
7607
7608
7645
7646
7647
7648
7653
7654
7655
7656
7661
7662
7663
7664
7669
7670
7671
7672
7709
7710
7711
7712
7717
7718
7719
7720
7725
7726
7727
7728
7733
7734
7735
7736
7773
7774
7775
7776
7781
7782
7783
7784
7789
7790
7791
7792
7797
7798
7799
7800
7845
7846
7847
7848
7849
7850
7851
7852
7853
7854
7855
7856
7857
7858
7871
7872
7873
7874
7875
7876
7877
7878
7879
7880
7881
7882
7883
7884
7897
7898
7899
7900
7901
7902
7903
7904
7905
7906
7907
7908
7909
7910
7923
7924
7925
7926
7927
7928
7929
7930
7931
7932
7933
7934
7935
7936
7949
7951
7952
7954
7955
7957
7958
7960
7962
8070
8071
8072
8073
8074
8075
8076
8077
8078
8079
8080
8081
8082
8083
8096
8097
8098
8099
8100
8101
8102
8103
8104
8105
8106
8107
8108
8109
8122
8123
8124
8125
8126
8127
8128
8129
8130
8131
8132
8133
8134
8135
8148
8149
8150
8151
8152
8153
8154
8155
8156
8157
8158
8159
8160
8161
8174
8176
8177
8179
8180
8182
8183
8185
8187
8295
8296
8297
8298
8299
8300
8301
8302
8303
8304
8305
8306
8307
8308
8321
8322
8323
8324
8325
8326
8327
8328
8329
8330
8331
8332
8333
8334
8347
8348
8349
8350
8351
8352
8353
8354
8355
8356
8357
8358
8359
8360
8373
8374
8375
8376
8377
8378
8379
8380
8381
8382
8383
8384
8385
8386
8399
8401
8402
8404
8405
8407
8408
8410
8412
8520
8521
8522
8523
8524
8525
8526
8527
8528
8529
8530
8531
8532
8533
8546
8547
8548
8549
8550
8551
8552
8553
8554
8555
8556
8557
8558
8559
8572
8573
8574
8575
8576
8577
8578
8579
8580
8581
8582
8583
8584
8585
8598
8599
8600
8601
8602
8603
8604
8605
8606
8607
8608
8609
8610
8611
8624
8626
8627
8629
8630
8632
8633
8635
8637
8745
8746
8747
8748
8749
8750
8751
8752
8753
8754
8755
8756
8757
8758
8771
8772
8773
8774
8775
8776
8777
8778
8779
8780
8781
8782
8783
8784
8797
8798
8799
8800
8801
8802
8803
8804
8805
8806
8807
8808
8809
8810
8823
8824
8825
8826
8827
8828
8829
8830
8831
8832
8833
8834
8835
8836
8849
8851
8852
8854
8855
8857
8858
8860
8862
8970
8971
8972
8973
8974
8975
8976
8977
8978
8979
8980
8981
8982
8983
8996
8997
8998
8999
9000
9001
9002
9003
9004
9005
9006
9007
9008
9009
9022
9023
9024
9025
9026
9027
9028
9029
9030
9031
9032
9033
9034
9035
9048
9049
9050
9051
9052
9053
9054
9055
9056
9057
9058
9059
9060
9061
9074
9076
9077
9079
9080
9082
9083
9085
9087
9195
9196
9197
9198
9199
9200
9201
9202
9203
9204
9205
9206
9207
9208
9221
9222
9223
9224
9225
9226
9227
9228
9229
9230
9231
9232
9233
9234
9247
9248
9249
9250
9251
9252
9253
9254
9255
9256
9257
9258
9259
9260
9273
9274
9275
9276
9277
9278
9279
9280
9281
9282
9283
9284
9285
9286
9299
9301
9302
9304
9305
9307
9308
9310
9312
9420
9421
9422
9423
9424
9425
9426
9427
9428
9429
9430
9431
9432
9433
9446
9447
9448
9449
9450
9451
9452
9453
9454
9455
9456
9457
9458
9459
9472
9473
9474
9475
9476
9477
9478
9479
9480
9481
9482
9483
9484
9485
9498
9499
9500
9501
9502
9503
9504
9505
9506
9507
9508
9509
9510
9511
9524
9526
9527
9529
9530
9532
9533
9535
9537
9645
9646
9647
9648
9649
9650
9651
9652
9653
9654
9655
9656
9657
9658
9671
9672
9673
9674
9675
9676
9677
9678
9679
9680
9681
9682
9683
9684
9697
9698
9699
9700
9701
9702
9703
9704
9705
9706
9707
9708
9709
9710
9723
9724
9725
9726
9727
9728
9729
9730
9731
9732
9733
9734
9735
9736
9749
9751
9752
9754
9755
9757
9758
9760
9762
9866
9867
9868
9869
9870
9871
9872
9873
9874
9883
9884
9885
9886
9887
9888
9889
9890
9891
9900
9901
9902
9903
9904
9905
9906
9907
9908
9917
9918
9919
9920
9921
9922
9923
9924
9925
9934
9936
9938
9940
10006
10007
10008
10009
10014
10015
10016
10017
10022
10023
10024
10025
10030
10031
10032
10033
10079
10083
10084
10085
10086
10087
10088
10089
10090
10091
10092
10093
10094
10095
10096
10097
10098
10109
10112
10113
10114
10115
10116
10117
10118
10119
10120
10121
10122
10123
10134
10137
10138
10139
10140
10141
10142
10143
10144
10145
10146
10147
10148
10159
10162
10163
10164
10165
10166
10167
10168
10169
10170
10171
10172
10173
10287
10291
10292
10293
10294
10295
10296
10297
10298
10299
10300
10301
10302
10303
10304
10305
10306
10317
10320
10321
10322
10323
10324
10325
10326
10327
10328
10329
10330
10331
10342
10345
10346
10347
10348
10349
10350
10351
10352
10353
10354
10355
10356
10367
10370
10371
10372
10373
10374
10375
10376
10377
10378
10379
10380
10381
10495
10499
10500
10501
10502
10503
10504
10505
10506
10507
10508
10509
10510
10511
10512
10513
10514
10525
10528
10529
10530
10531
10532
10533
10534
10535
10536
10537
10538
10539
10550
10553
10554
10555
10556
10557
10558
10559
10560
10561
10562
10563
10564
10575
10578
10579
10580
10581
10582
10583
10584
10585
10586
10587
10588
10589
10703
10707
10708
10709
10710
10711
10712
10713
10714
10715
10716
10717
10718
10719
10720
10721
10722
10733
10736
10737
10738
10739
10740
10741
10742
10743
10744
10745
10746
10747
10758
10761
10762
10763
10764
10765
10766
10767
10768
10769
10770
10771
10772
10783
10786
10787
10788
10789
10790
10791
10792
10793
10794
10795
10796
10797
10911
10915
10916
10917
10918
10919
10920
10921
10922
10923
10924
10925
10926
10927
10928
10929
10930
10941
10944
10945
10946
10947
10948
10949
10950
10951
10952
10953
10954
10955
10966
10969
10970
10971
10972
10973
10974
10975
10976
10977
10978
10979
10980
10991
10994
10995
10996
10997
10998
10999
11000
11001
11002
11003
11004
11005
11119
11123
11124
11125
11126
11127
11128
11129
11130
11131
11132
11133
11134
11135
11136
11137
11138
11149
11152
11153
11154
11155
11156
11157
11158
11159
11160
11161
11162
11163
11174
11177
11178
11179
11180
11181
11182
11183
11184
11185
11186
11187
11188
11199
11202
11203
11204
11205
11206
11207
11208
11209
11210
11211
11212
11213
11327
11331
11332
11333
11334
11335
11336
11337
11338
11339
11340
11341
11342
11343
11344
11345
11346
11357
11360
11361
11362
11363
11364
11365
11366
11367
11368
11369
11370
11371
11382
11385
11386
11387
11388
11389
11390
11391
11392
11393
11394
11395
11396
11407
11410
11411
11412
11413
11414
11415
11416
11417
11418
11419
11420
11421
11535
11539
11540
11541
11542
11543
11544
11545
11546
11547
11548
11549
11550
11551
11552
11553
11554
11565
11568
11569
11570
11571
11572
11573
11574
11575
11576
11577
11578
11579
11590
11593
11594
11595
11596
11597
11598
11599
11600
11601
11602
11603
11604
11615
11618
11619
11620
11621
11622
11623
11624
11625
11626
11627
11628
11629
11743
11747
11748
11749
11750
11751
11752
11753
11754
11755
11756
11757
11758
11759
11760
11761
11762
11773
11776
11777
11778
11779
11780
11781
11782
11783
11784
11785
11786
11787
11798
11801
11802
11803
11804
11805
11806
11807
11808
11809
11810
11811
11812
11823
11826
11827
11828
11829
11830
11831
11832
11833
11834
11835
11836
11837
11940
11941
11942
11945
11946
11947
11965
11966
11967
11970
11971
11972
11990
11991
11992
11995
11996
11997
12015
12016
12017
12020
12021
12022
12040
12041
12042
12045
12046
12047
12068
12069
12070
12071
12072
12083
12084
12085
12086
12087
12088
12089
12090
12091
12092
12103
12104
12105
12106
12107
12108
12109
12110
12111
12112
12173
12174
12175
12176
12177
12178
12179
12180
12181
12182
12201
12202
12203
12204
12205
12206
12207
12208
12209
12210
12211
12212
12213
12214
12215
12216
12217
12236
12237
12238
12239
12240
12241
12242
12243
12244
12245
12246
12247
12248
12249
12250
12251
12252
12348
12349
12350
12351
12352
12353
12354
12355
12356
12357
12376
12377
12378
12379
12380
12381
12382
12383
12384
12385
12386
12387
12388
12389
12390
12391
12392
12411
12412
12413
12414
12415
12416
12417
12418
12419
12420
12421
12422
12423
12424
12425
12426
12427
12523
12524
12525
12526
12527
12528
12529
12530
12531
12532
12551
12552
12553
12554
12555
12556
12557
12558
12559
12560
12561
12562
12563
12564
12565
12566
12567
12586
12587
12588
12589
12590
12591
12592
12593
12594
12595
12596
12597
12598
12599
12600
12601
12602
12698
12699
12700
12701
12702
12703
12704
12705
12706
12707
12726
12727
12728
12729
12730
12731
12732
12733
12734
12735
12736
12737
12738
12739
12740
12741
12742
12761
12762
12763
12764
12765
12766
12767
12768
12769
12770
12771
12772
12773
12774
12775
12776
12777
12873
12874
12875
12876
12877
12878
12879
12880
12881
12882
12901
12902
12903
12904
12905
12906
12907
12908
12909
12910
12911
12912
12913
12914
12915
12916
12917
12936
12937
12938
12939
12940
12941
12942
12943
12944
12945
12946
12947
12948
12949
12950
12951
12952
13050
13051
13053
13054
13055
13056
13057
13058
13059
13060
13061
13062
13063
13064
13065
13066
13067
13080
13081
13083
13084
13085
13086
13087
13088
13089
13090
13091
13092
13093
13094
13095
13096
13097
13110
13111
13113
13115
13116
13117
13118
13119
13121
13122
13123
13124
13125
13127
13200
13201
13203
13204
13205
13206
13207
13208
13209
13210
13211
13212
13213
13214
13215
13216
13217
13230
13231
13233
13234
13235
13236
13237
13238
13239
13240
13241
13242
13243
13244
13245
13246
13247
13260
13261
13263
13265
13266
13267
13268
13269
13271
13272
13273
13274
13275
13277
13350
13351
13353
13354
13355
13356
13357
13358
13359
13360
13361
13362
13363
13364
13365
13366
13367
13380
13381
13383
13384
13385
13386
13387
13388
13389
13390
13391
13392
13393
13394
13395
13396
13397
13410
13411
13413
13415
13416
13417
13418
13419
13421
13422
13423
13424
13425
13427
13500
13501
13503
13504
13505
13506
13507
13508
13509
13510
13511
13512
13513
13514
13515
13516
13517
13530
13531
13533
13534
13535
13536
13537
13538
13539
13540
13541
13542
13543
13544
13545
13546
13547
13560
13561
13563
13565
13566
13567
13568
13569
13571
13572
13573
13574
13575
13577
13650
13651
13653
13654
13655
13656
13657
13658
13659
13660
13661
13662
13663
13664
13665
13666
13667
13680
13681
13683
13684
13685
13686
13687
13688
13689
13690
13691
13692
13693
13694
13695
13696
13697
13710
13711
13713
13715
13716
13717
13718
13719
13721
13722
13723
13724
13725
13727
13798
13799
13801
13802
13803
13804
13805
13806
13807
13808
13809
13810
13811
13812
13823
13824
13826
13827
13828
13829
13830
13831
13832
13833
13834
13835
13836
13837
13848
13849
13851
13853
13854
13855
13856
13858
13859
13860
13861
13924
13925
13926
13927
13928
13929
13930
13931
13932
13933
13934
13949
13950
13951
13952
13953
13954
13955
13956
13957
13958
13959
13960
13961
13962
13977
13978
13979
13980
13981
13982
13983
13984
13985
13986
13987
13988
13989
13990
14083
14084
14085
14086
14087
14088
14089
14090
14091
14092
14093
14094
14095
14096
14114
14115
14116
14117
14118
14119
14120
14121
14122
14123
14124
14125
14126
14127
14128
14129
14130
14148
14149
14150
14151
14152
14153
14154
14155
14156
14157
14158
14159
14160
14161
14162
14163
14164
14275
14276
14277
14278
14279
14280
14281
14282
14283
14284
14285
14286
14287
14288
14306
14307
14308
14309
14310
14311
14312
14313
14314
14315
14316
14317
14318
14319
14320
14321
14322
14340
14341
14342
14343
14344
14345
14346
14347
14348
14349
14350
14351
14352
14353
14354
14355
14356
14467
14468
14469
14470
14471
14472
14473
14474
14475
14476
14477
14478
14479
14480
14498
14499
14500
14501
14502
14503
14504
14505
14506
14507
14508
14509
14510
14511
14512
14513
14514
14532
14533
14534
14535
14536
14537
14538
14539
14540
14541
14542
14543
14544
14545
14546
14547
14548
14659
14660
14661
14662
14663
14664
14665
14666
14667
14668
14669
14670
14671
14672
14690
14691
14692
14693
14694
14695
14696
14697
14698
14699
14700
14701
14702
14703
14704
14705
14706
14724
14725
14726
14727
14728
14729
14730
14731
14732
14733
14734
14735
14736
14737
14738
14739
14740
14851
14852
14853
14854
14855
14856
14857
14858
14859
14860
14861
14862
14863
14864
14882
14883
14884
14885
14886
14887
14888
14889
14890
14891
14892
14893
14894
14895
14896
14897
14898
14916
14917
14918
14919
14920
14921
14922
14923
14924
14925
14926
14927
14928
14929
14930
14931
14932
15037
15039
15040
15041
15042
15043
15044
15045
15046
15047
15048
15057
15059
15060
15061
15062
15063
15064
15065
15066
15067
15068
15077
15079
15081
15082
15083
15085
15086
15087
15137
15139
15140
15141
15142
15143
15144
15145
15146
15147
15148
15177
15178
15179
15180
15181
15183
15184
15185
15187
15188
15189
15190
15191
15192
15193
15194
15195
15196
15197
15198
15199
15200
15201
15202
15203
15204
15205
15206
15207
15208
15209
15210
15211
15212
15241
15242
15243
15244
15245
15247
15248
15249
15251
15252
15253
15254
15255
15256
15257
15258
15259
15260
15261
15262
15263
15264
15265
15266
15267
15268
15269
15270
15271
15272
15273
15274
15275
15276
15305
15306
15308
15313
15315
15317
15318
15320
15325
15326
15327
15329
15330
15332
15337
15338
15339
15477
15479
15480
15481
15482
15483
15484
15485
15486
15487
15488
15517
15518
15519
15520
15521
15523
15524
15525
15527
15528
15529
15530
15531
15532
15533
15534
15535
15536
15537
15538
15539
15540
15541
15542
15543
15544
15545
15546
15547
15548
15549
15550
15551
15552
15581
15582
15583
15584
15585
15587
15588
15589
15591
15592
15593
15594
15595
15596
15597
15598
15599
15600
15601
15602
15603
15604
15605
15606
15607
15608
15609
15610
15611
15612
15613
15614
15615
15616
15645
15646
15648
15653
15655
15657
15658
15660
15665
15666
15667
15669
15670
15672
15677
15678
15679
15817
15819
15820
15821
15822
15823
15824
15825
15826
15827
15828
15857
15858
15859
15860
15861
15863
15864
15865
15867
15868
15869
15870
15871
15872
15873
15874
15875
15876
15877
15878
15879
15880
15881
15882
15883
15884
15885
15886
15887
15888
15889
15890
15891
15892
15921
15922
15923
15924
15925
15927
15928
15929
15931
15932
15933
15934
15935
15936
15937
15938
15939
15940
15941
15942
15943
15944
15945
15946
15947
15948
15949
15950
15951
15952
15953
15954
15955
15956
15985
15986
15988
15993
15995
15997
15998
16000
16005
16006
16007
16009
16010
16012
16017
16018
16019
16157
16159
16160
16161
16162
16163
16164
16165
16166
16167
16168
16197
16198
16199
16200
16201
16203
16204
16205
16207
16208
16209
16210
16211
16212
16213
16214
16215
16216
16217
16218
16219
16220
16221
16222
16223
16224
16225
16226
16227
16228
16229
16230
16231
16232
16261
16262
16263
16264
16265
16267
16268
16269
16271
16272
16273
16274
16275
16276
16277
16278
16279
16280
16281
16282
16283
16284
16285
16286
16287
16288
16289
16290
16291
16292
16293
16294
16295
16296
16325
16326
16328
16333
16335
16337
16338
16340
16345
16346
16347
16349
16350
16352
16357
16358
16359
16497
16499
16500
16501
16502
16503
16504
16505
16506
16507
16508
16537
16538
16539
16540
16541
16543
16544
16545
16547
16548
16549
16550
16551
16552
16553
16554
16555
16556
16557
16558
16559
16560
16561
16562
16563
16564
16565
16566
16567
16568
16569
16570
16571
16572
16601
16602
16603
16604
16605
16607
16608
16609
16611
16612
16613
16614
16615
16616
16617
16618
16619
16620
16621
16622
16623
16624
16625
16626
16627
16628
16629
16630
16631
16632
16633
16634
16635
16636
16665
16666
16668
16673
16675
16677
16678
16680
16685
16686
16687
16689
16690
16692
16697
16698
16699
16835
16837
16838
16839
16840
16841
16842
16843
16859
16860
16861
16862
16864
16865
16866
16867
16868
16869
16870
16871
16872
16873
16874
16875
16876
16892
16893
16894
16895
16897
16898
16899
16900
16901
16902
16903
16904
16905
16906
16907
16908
16909
16925
16926
16931
16932
16937
16938
17011
17012
17013
17016
17017
17018
17036
17037
17038
17052
17053
17054
17055
17056
17057
17058
17059
17060
17061
17062
17063
17064
17065
17066
17067
17068
17069
17083
17084
17085
17086
17087
17088
17089
17090
17091
17092
17093
17094
17095
17096
17097
17098
17099
17100
17115
17121
17127
17196
17197
17198
17212
17213
17214
17215
17216
17217
17218
17219
17220
17221
17222
17223
17224
17225
17226
17227
17228
17229
17243
17244
17245
17246
17247
17248
17249
17250
17251
17252
17253
17254
17255
17256
17257
17258
17259
17260
17275
17281
17287
17356
17357
17358
17372
17373
17374
17375
17376
17377
17378
17379
17380
17381
17382
17383
17384
17385
17386
17387
17388
17389
17403
17404
17405
17406
17407
17408
17409
17410
17411
17412
17413
17414
17415
17416
17417
17418
17419
17420
17435
17441
17447
17516
17517
17518
17532
17533
17534
17535
17536
17537
17538
17539
17540
17541
17542
17543
17544
17545
17546
17547
17548
17549
17563
17564
17565
17566
17567
17568
17569
17570
17571
17572
17573
17574
17575
17576
17577
17578
17579
17580
17595
17601
17607
17676
17677
17678
17692
17693
17694
17695
17696
17697
17698
17699
17700
17701
17702
17703
17704
17705
17706
17707
17708
17709
17723
17724
17725
17726
17727
17728
17729
17730
17731
17732
17733
17734
17735
17736
17737
17738
17739
17740
17755
17761
17767
17836
17837
17838
17841
17842
17843
17882
17885
17886
17887
17888
17889
17890
17891
17892
17893
17894
17895
17896
17897
17898
17899
17900
17901
17902
17903
17904
17905
17906
17907
17908
17909
17940
17945
17948
17949
17950
17951
17952
17953
17954
17955
17956
17957
17958
17959
17960
17961
17962
17963
17964
17965
17966
17967
17968
17969
17970
17971
17972
17973
17974
17975
17976
17977
17978
17979
17980
17981
18012
18017
18020
18021
18022
18023
18024
18025
18026
18027
18028
18029
18030
18031
18032
18033
18034
18035
18036
18037
18038
18039
18040
18041
18042
18043
18044
18045
18046
18047
18048
18049
18050
18051
18052
18053
18257
18264
18267
18268
18269
18270
18271
18272
18273
18274
18275
18276
18277
18278
18279
18280
18281
18282
18283
18284
18285
18286
18287
18288
18289
18290
18291
18292
18293
18294
18295
18296
18297
18298
18299
18300
18338
18343
18348
18351
18352
18353
18354
18355
18356
18357
18358
18359
18360
18361
18362
18363
18364
18365
18366
18367
18368
18369
18370
18371
18372
18373
18374
18375
18376
18377
18378
18379
18380
18381
18382
18383
18384
18385
18386
18387
18388
18389
18390
18391
18392
18393
18431
18436
18441
18444
18445
18446
18447
18448
18449
18450
18451
18452
18453
18454
18455
18456
18457
18458
18459
18460
18461
18462
18463
18464
18465
18466
18467
18468
18469
18470
18471
18472
18473
18474
18475
18476
18477
18478
18479
18480
18481
18482
18483
18484
18485
18486
18737
18744
18747
18748
18749
18750
18751
18752
18753
18754
18755
18756
18757
18758
18759
18760
18761
18762
18763
18764
18765
18766
18767
18768
18769
18770
18771
18772
18773
18774
18775
18776
18777
18778
18779
18780
18818
18823
18828
18831
18832
18833
18834
18835
18836
18837
18838
18839
18840
18841
18842
18843
18844
18845
18846
18847
18848
18849
18850
18851
18852
18853
18854
18855
18856
18857
18858
18859
18860
18861
18862
18863
18864
18865
18866
18867
18868
18869
18870
18871
18872
18873
18911
18916
18921
18924
18925
18926
18927
18928
18929
18930
18931
18932
18933
18934
18935
18936
18937
18938
18939
18940
18941
18942
18943
18944
18945
18946
18947
18948
18949
18950
18951
18952
18953
18954
18955
18956
18957
18958
18959
18960
18961
18962
18963
18964
18965
18966
19217
19224
19227
19228
19229
19230
19231
19232
19233
19234
19235
19236
19237
19238
19239
19240
19241
19242
19243
19244
19245
19246
19247
19248
19249
19250
19251
19252
19253
19254
19255
19256
19257
19258
19259
19260
19298
19303
19308
19311
19312
19313
19314
19315
19316
19317
19318
19319
19320
19321
19322
19323
19324
19325
19326
19327
19328
19329
19330
19331
19332
19333
19334
19335
19336
19337
19338
19339
19340
19341
19342
19343
19344
19345
19346
19347
19348
19349
19350
19351
19352
19353
19391
19396
19401
19404
19405
19406
19407
19408
19409
19410
19411
19412
19413
19414
19415
19416
19417
19418
19419
19420
19421
19422
19423
19424
19425
19426
19427
19428
19429
19430
19431
19432
19433
19434
19435
19436
19437
19438
19439
19440
19441
19442
19443
19444
19445
19446
19697
19704
19707
19708
19709
19710
19711
19712
19713
19714
19715
19716
19717
19718
19719
19720
19721
19722
19723
19724
19725
19726
19727
19728
19729
19730
19731
19732
19733
19734
19735
19736
19737
19738
19739
19740
19778
19783
19788
19791
19792
19793
19794
19795
19796
19797
19798
19799
19800
19801
19802
19803
19804
19805
19806
19807
19808
19809
19810
19811
19812
19813
19814
19815
19816
19817
19818
19819
19820
19821
19822
19823
19824
19825
19826
19827
19828
19829
19830
19831
19832
19833
19871
19876
19881
19884
19885
19886
19887
19888
19889
19890
19891
19892
19893
19894
19895
19896
19897
19898
19899
19900
19901
19902
19903
19904
19905
19906
19907
19908
19909
19910
19911
19912
19913
19914
19915
19916
19917
19918
19919
19920
19921
19922
19923
19924
19925
19926
20177
20184
20187
20188
20189
20190
20191
20192
20193
20194
20195
20196
20197
20198
20199
20200
20201
20202
20203
20204
20205
20206
20207
20208
20209
20210
20211
20212
20213
20214
20215
20216
20217
20218
20219
20220
20258
20263
20268
20271
20272
20273
20274
20275
20276
20277
20278
20279
20280
20281
20282
20283
20284
20285
20286
20287
20288
20289
20290
20291
20292
20293
20294
20295
20296
20297
20298
20299
20300
20301
20302
20303
20304
20305
20306
20307
20308
20309
20310
20311
20312
20313
20351
20356
20361
20364
20365
20366
20367
20368
20369
20370
20371
20372
20373
20374
20375
20376
20377
20378
20379
20380
20381
20382
20383
20384
20385
20386
20387
20388
20389
20390
20391
20392
20393
20394
20395
20396
20397
20398
20399
20400
20401
20402
20403
20404
20405
20406
)


// ************************************************************************* //
