/*--------------------------------*- C++ -*----------------------------------*\
| =========                 |                                                 |
| \\      /  F ield         | OpenFOAM: The Open Source CFD Toolbox           |
|  \\    /   O peration     | Version:  2406                                  |
|   \\  /    A nd           | Website:  www.openfoam.com                      |
|    \\/     M anipulation  |                                                 |
\*---------------------------------------------------------------------------*/
FoamFile
{
    version     2.0;
    format      ascii;
    arch        "LSB;label=32;scalar=64";
    class       refinementHistory;
    location    "constant/polyMesh";
    object      refinementHistory;
}
// * * * * * * * * * * * * * * * * * * * * * * * * * * * * * * * * * * * * * //

// splitCells

3496
(
1 0()
-1 8(0 2 3 4 5 6 7 8)
1 0()
1 0()
1 0()
1 0()
1 0()
1 0()
1 0()
10 0()
-1 8(9 11 12 13 14 15 16 17)
10 0()
10 0()
10 0()
10 0()
10 0()
10 0()
10 0()
19 0()
-1 8(18 20 21 22 23 24 25 26)
19 0()
19 0()
19 0()
19 0()
19 0()
19 0()
19 0()
28 0()
-1 8(29 27 30 31 32 33 34 35)
28 0()
28 0()
28 0()
28 0()
28 0()
28 0()
28 0()
37 0()
-1 8(36 38 39 40 41 42 43 44)
37 0()
37 0()
37 0()
37 0()
37 0()
37 0()
37 0()
46 0()
-1 8(45 47 48 49 50 51 52 53)
46 0()
46 0()
46 0()
46 0()
46 0()
46 0()
46 0()
55 0()
-1 8(56 54 57 58 59 60 61 62)
55 0()
55 0()
55 0()
55 0()
55 0()
55 0()
55 0()
64 0()
-1 8(63 65 66 67 68 69 70 71)
64 0()
64 0()
64 0()
64 0()
64 0()
64 0()
64 0()
73 0()
-1 8(74 72 75 76 77 78 79 80)
73 0()
73 0()
73 0()
73 0()
73 0()
73 0()
73 0()
82 0()
-1 8(81 83 84 85 86 87 88 89)
82 0()
82 0()
82 0()
82 0()
82 0()
82 0()
82 0()
91 0()
-1 8(90 92 93 94 95 96 97 98)
91 0()
91 0()
91 0()
91 0()
91 0()
91 0()
91 0()
100 0()
-1 8(101 99 102 103 104 105 106 107)
100 0()
100 0()
100 0()
100 0()
100 0()
100 0()
100 0()
109 0()
-1 8(108 110 111 112 113 114 115 116)
109 0()
109 0()
109 0()
109 0()
109 0()
109 0()
109 0()
118 0()
-1 8(119 117 120 121 122 123 124 125)
118 0()
118 0()
118 0()
118 0()
118 0()
118 0()
118 0()
127 0()
-1 8(126 128 129 130 131 132 133 134)
127 0()
127 0()
127 0()
127 0()
127 0()
127 0()
127 0()
136 0()
-1 8(135 137 138 139 140 141 142 143)
136 0()
136 0()
136 0()
136 0()
136 0()
136 0()
136 0()
145 0()
-1 8(146 144 147 148 149 150 151 152)
145 0()
145 0()
145 0()
145 0()
145 0()
145 0()
145 0()
154 0()
-1 8(153 155 156 157 158 159 160 161)
154 0()
154 0()
154 0()
154 0()
154 0()
154 0()
154 0()
163 0()
-1 8(164 162 165 166 167 168 169 170)
163 0()
163 0()
163 0()
163 0()
163 0()
163 0()
163 0()
172 0()
-1 8(171 173 174 175 176 177 178 179)
172 0()
172 0()
172 0()
172 0()
172 0()
172 0()
172 0()
181 0()
-1 8(182 180 183 184 185 186 187 188)
181 0()
181 0()
181 0()
181 0()
181 0()
181 0()
181 0()
190 0()
-1 8(189 191 192 193 194 195 196 197)
190 0()
190 0()
190 0()
190 0()
190 0()
190 0()
190 0()
199 0()
-1 8(198 200 201 202 203 204 205 214)
199 0()
199 0()
199 0()
199 0()
199 0()
199 8(206 207 208 209 210 211 212 213)
205 0()
205 0()
205 0()
205 0()
205 0()
205 0()
205 0()
205 0()
199 0()
216 0()
-1 8(217 215 218 219 220 221 222 223)
216 0()
216 0()
216 0()
216 0()
216 0()
216 0()
216 0()
225 0()
-1 8(224 226 227 228 229 230 231 232)
225 0()
225 0()
225 0()
225 0()
225 0()
225 0()
225 0()
234 0()
-1 8(233 235 236 237 238 239 240 241)
234 0()
234 0()
234 0()
234 0()
234 0()
234 0()
234 0()
243 0()
-1 8(244 242 245 246 247 248 249 250)
243 0()
243 0()
243 0()
243 0()
243 0()
243 0()
243 0()
252 0()
-1 8(251 253 254 255 256 257 258 259)
252 0()
252 0()
252 0()
252 0()
252 0()
252 0()
252 0()
261 0()
-1 8(262 260 263 264 265 266 267 268)
261 0()
261 0()
261 0()
261 0()
261 0()
261 0()
261 0()
270 0()
-1 8(269 271 272 273 274 275 276 277)
270 0()
270 0()
270 0()
270 0()
270 0()
270 0()
270 0()
279 0()
-1 8(278 280 281 282 283 292 293 302)
279 0()
279 0()
279 0()
279 8(284 285 286 287 288 289 290 291)
283 0()
283 0()
283 0()
283 0()
283 0()
283 0()
283 0()
283 0()
279 0()
279 8(294 295 296 297 298 299 300 301)
293 0()
293 0()
293 0()
293 0()
293 0()
293 0()
293 0()
293 0()
279 0()
304 0()
-1 8(305 303 306 307 308 309 310 311)
304 0()
304 0()
304 0()
304 0()
304 0()
304 0()
304 0()
313 0()
-1 8(312 314 315 316 317 318 319 328)
313 0()
313 0()
313 0()
313 0()
313 0()
313 8(320 321 322 323 324 325 326 327)
319 0()
319 0()
319 0()
319 0()
319 0()
319 0()
319 0()
319 0()
313 8(329 330 331 332 333 334 335 336)
328 0()
328 0()
328 0()
328 0()
328 0()
328 0()
328 0()
328 0()
338 0()
-1 8(339 337 340 349 350 351 352 361)
338 0()
338 8(341 342 343 344 345 346 347 348)
340 0()
340 0()
340 0()
340 0()
340 0()
340 0()
340 0()
340 0()
338 0()
338 0()
338 0()
338 8(353 354 355 356 357 358 359 360)
352 0()
352 0()
352 0()
352 0()
352 0()
352 0()
352 0()
352 0()
338 0()
363 0()
-1 8(364 362 365 366 367 368 369 370)
363 0()
363 0()
363 0()
363 0()
363 0()
363 0()
363 0()
372 0()
-1 8(371 373 374 375 376 377 378 379)
372 0()
372 0()
372 0()
372 0()
372 0()
372 0()
372 0()
381 0()
-1 8(380 382 383 384 385 386 387 388)
381 0()
381 0()
381 0()
381 0()
381 0()
381 0()
381 0()
390 0()
-1 8(389 391 392 393 394 395 396 397)
390 0()
390 0()
390 0()
390 0()
390 0()
390 0()
390 0()
399 0()
-1 8(400 398 401 402 403 404 405 406)
399 0()
399 0()
399 0()
399 0()
399 0()
399 0()
399 0()
408 0()
-1 8(407 409 410 411 412 413 414 415)
408 0()
408 0()
408 0()
408 0()
408 0()
408 0()
408 0()
417 0()
-1 8(416 418 419 420 421 430 431 440)
417 0()
417 0()
417 0()
417 8(422 423 424 425 426 427 428 429)
421 0()
421 0()
421 0()
421 0()
421 0()
421 0()
421 0()
421 0()
417 0()
417 8(432 433 434 435 436 437 438 439)
431 0()
431 0()
431 0()
431 0()
431 0()
431 0()
431 0()
431 0()
417 0()
442 0()
-1 8(443 441 444 445 446 447 448 449)
442 0()
442 0()
442 0()
442 0()
442 0()
442 0()
442 0()
451 0()
-1 8(450 452 453 454 455 464 473 482)
451 0()
451 0()
451 0()
451 8(456 457 458 459 460 461 462 463)
455 0()
455 0()
455 0()
455 0()
455 0()
455 0()
455 0()
455 0()
451 8(465 466 467 468 469 470 471 472)
464 0()
464 0()
464 0()
464 0()
464 0()
464 0()
464 0()
464 0()
451 8(474 475 476 477 478 479 480 481)
473 0()
473 0()
473 0()
473 0()
473 0()
473 0()
473 0()
473 0()
451 8(483 484 485 486 487 488 489 490)
482 0()
482 0()
482 0()
482 0()
482 0()
482 0()
482 0()
482 0()
492 0()
-1 8(493 491 502 511 512 521 522 531)
492 8(494 495 496 497 498 499 500 501)
493 0()
493 0()
493 0()
493 0()
493 0()
493 0()
493 0()
493 0()
492 8(503 504 505 506 507 508 509 510)
502 0()
502 0()
502 0()
502 0()
502 0()
502 0()
502 0()
502 0()
492 0()
492 8(513 514 515 516 517 518 519 520)
512 0()
512 0()
512 0()
512 0()
512 0()
512 0()
512 0()
512 0()
492 0()
492 8(523 524 525 526 527 528 529 530)
522 0()
522 0()
522 0()
522 0()
522 0()
522 0()
522 0()
522 0()
492 0()
533 0()
-1 8(534 532 535 536 537 538 539 540)
533 0()
533 0()
533 0()
533 0()
533 0()
533 0()
533 0()
542 0()
-1 8(541 543 544 545 546 547 548 557)
542 0()
542 0()
542 0()
542 0()
542 0()
542 8(549 550 551 552 553 554 555 556)
548 0()
548 0()
548 0()
548 0()
548 0()
548 0()
548 0()
548 0()
542 8(558 559 560 561 562 563 564 565)
557 0()
557 0()
557 0()
557 0()
557 0()
557 0()
557 0()
557 0()
567 0()
-1 8(568 566 569 578 579 580 581 590)
567 0()
567 8(570 571 572 573 574 575 576 577)
569 0()
569 0()
569 0()
569 0()
569 0()
569 0()
569 0()
569 0()
567 0()
567 0()
567 0()
567 8(582 583 584 585 586 587 588 589)
581 0()
581 0()
581 0()
581 0()
581 0()
581 0()
581 0()
581 0()
567 0()
592 0()
-1 8(593 591 594 595 596 597 598 599)
592 0()
592 0()
592 0()
592 0()
592 0()
592 0()
592 0()
601 0()
-1 8(600 602 603 604 605 606 607 608)
601 0()
601 0()
601 0()
601 0()
601 0()
601 0()
601 0()
610 0()
-1 8(609 611 612 613 614 615 616 617)
610 0()
610 0()
610 0()
610 0()
610 0()
610 0()
610 0()
619 0()
-1 8(618 620 621 622 623 624 625 626)
619 0()
619 0()
619 0()
619 0()
619 0()
619 0()
619 0()
628 0()
-1 8(629 627 630 631 632 633 634 635)
628 0()
628 0()
628 0()
628 0()
628 0()
628 0()
628 0()
637 0()
-1 8(636 638 639 640 641 650 659 668)
637 0()
637 0()
637 0()
637 8(642 643 644 645 646 647 648 649)
641 0()
641 0()
641 0()
641 0()
641 0()
641 0()
641 0()
641 0()
637 8(651 652 653 654 655 656 657 658)
650 0()
650 0()
650 0()
650 0()
650 0()
650 0()
650 0()
650 0()
637 8(660 661 662 663 664 665 666 667)
659 0()
659 0()
659 0()
659 0()
659 0()
659 0()
659 0()
659 0()
637 8(669 670 671 672 673 674 675 676)
668 0()
668 0()
668 0()
668 0()
668 0()
668 0()
668 0()
668 0()
678 0()
-1 8(679 677 688 697 698 707 708 717)
678 8(680 681 682 683 684 685 686 687)
679 0()
679 0()
679 0()
679 0()
679 0()
679 0()
679 0()
679 0()
678 8(689 690 691 692 693 694 695 696)
688 0()
688 0()
688 0()
688 0()
688 0()
688 0()
688 0()
688 0()
678 0()
678 8(699 700 701 702 703 704 705 706)
698 0()
698 0()
698 0()
698 0()
698 0()
698 0()
698 0()
698 0()
678 0()
678 8(709 710 711 712 713 714 715 716)
708 0()
708 0()
708 0()
708 0()
708 0()
708 0()
708 0()
708 0()
678 0()
719 0()
-1 8(720 718 721 722 723 724 725 726)
719 0()
719 0()
719 0()
719 0()
719 0()
719 0()
719 0()
728 0()
-1 8(727 729 730 731 732 741 750 759)
728 0()
728 0()
728 0()
728 8(733 734 735 736 737 738 739 740)
732 0()
732 0()
732 0()
732 0()
732 0()
732 0()
732 0()
732 0()
728 8(742 743 744 745 746 747 748 749)
741 0()
741 0()
741 0()
741 0()
741 0()
741 0()
741 0()
741 0()
728 8(751 752 753 754 755 756 757 758)
750 0()
750 0()
750 0()
750 0()
750 0()
750 0()
750 0()
750 0()
728 8(760 761 762 763 764 765 766 767)
759 0()
759 0()
759 0()
759 0()
759 0()
759 0()
759 0()
759 0()
769 0()
-1 8(770 768 779 788 789 798 799 808)
769 8(771 772 773 774 775 776 777 778)
770 0()
770 0()
770 0()
770 0()
770 0()
770 0()
770 0()
770 0()
769 8(780 781 782 783 784 785 786 787)
779 0()
779 0()
779 0()
779 0()
779 0()
779 0()
779 0()
779 0()
769 0()
769 8(790 791 792 793 794 795 796 797)
789 0()
789 0()
789 0()
789 0()
789 0()
789 0()
789 0()
789 0()
769 0()
769 8(800 801 802 803 804 805 806 807)
799 0()
799 0()
799 0()
799 0()
799 0()
799 0()
799 0()
799 0()
769 0()
810 0()
-1 8(811 809 812 813 814 815 816 817)
810 0()
810 0()
810 0()
810 0()
810 0()
810 0()
810 0()
819 0()
-1 8(818 820 821 830 839 840 841 850)
819 0()
819 8(822 823 824 825 826 827 828 829)
821 0()
821 0()
821 0()
821 0()
821 0()
821 0()
821 0()
821 0()
819 8(831 832 833 834 835 836 837 838)
830 0()
830 0()
830 0()
830 0()
830 0()
830 0()
830 0()
830 0()
819 0()
819 0()
819 8(842 843 844 845 846 847 848 849)
841 0()
841 0()
841 0()
841 0()
841 0()
841 0()
841 0()
841 0()
819 8(851 852 853 854 855 856 857 858)
850 0()
850 0()
850 0()
850 0()
850 0()
850 0()
850 0()
850 0()
860 0()
-1 8(861 859 862 871 872 873 874 883)
860 0()
860 8(863 864 865 866 867 868 869 870)
862 0()
862 0()
862 0()
862 0()
862 0()
862 0()
862 0()
862 0()
860 0()
860 0()
860 0()
860 8(875 876 877 878 879 880 881 882)
874 0()
874 0()
874 0()
874 0()
874 0()
874 0()
874 0()
874 0()
860 0()
885 0()
-1 8(886 884 887 888 889 890 891 892)
885 0()
885 0()
885 0()
885 0()
885 0()
885 0()
885 0()
894 0()
-1 8(893 895 896 897 898 899 900 901)
894 0()
894 0()
894 0()
894 0()
894 0()
894 0()
894 0()
903 0()
-1 8(902 904 905 906 907 908 909 910)
903 0()
903 0()
903 0()
903 0()
903 0()
903 0()
903 0()
912 0()
-1 8(911 913 914 915 916 917 918 919)
912 0()
912 0()
912 0()
912 0()
912 0()
912 0()
912 0()
921 0()
-1 8(922 920 923 924 925 926 927 928)
921 0()
921 0()
921 0()
921 0()
921 0()
921 0()
921 0()
930 0()
-1 8(929 931 932 933 934 943 952 961)
930 0()
930 0()
930 0()
930 8(935 936 937 938 939 940 941 942)
934 0()
934 0()
934 0()
934 0()
934 0()
934 0()
934 0()
934 0()
930 8(944 945 946 947 948 949 950 951)
943 0()
943 0()
943 0()
943 0()
943 0()
943 0()
943 0()
943 0()
930 8(953 954 955 956 957 958 959 960)
952 0()
952 0()
952 0()
952 0()
952 0()
952 0()
952 0()
952 0()
930 8(962 963 964 965 966 967 968 969)
961 0()
961 0()
961 0()
961 0()
961 0()
961 0()
961 0()
961 0()
971 0()
-1 8(972 970 981 990 991 1000 1001 1010)
971 8(973 974 975 976 977 978 979 980)
972 0()
972 0()
972 0()
972 0()
972 0()
972 0()
972 0()
972 0()
971 8(982 983 984 985 986 987 988 989)
981 0()
981 0()
981 0()
981 0()
981 0()
981 0()
981 0()
981 0()
971 0()
971 8(992 993 994 995 996 997 998 999)
991 0()
991 0()
991 0()
991 0()
991 0()
991 0()
991 0()
991 0()
971 0()
971 8(1002 1003 1004 1005 1006 1007 1008 1009)
1001 0()
1001 0()
1001 0()
1001 0()
1001 0()
1001 0()
1001 0()
1001 0()
971 0()
1012 0()
-1 8(1013 1011 1014 1015 1016 1017 1018 1019)
1012 0()
1012 0()
1012 0()
1012 0()
1012 0()
1012 0()
1012 0()
1021 0()
-1 8(1022 1020 1031 1040 1041 1050 1051 1060)
1021 8(1023 1024 1025 1026 1027 1028 1029 1030)
1022 0()
1022 0()
1022 0()
1022 0()
1022 0()
1022 0()
1022 0()
1022 0()
1021 8(1032 1033 1034 1035 1036 1037 1038 1039)
1031 0()
1031 0()
1031 0()
1031 0()
1031 0()
1031 0()
1031 0()
1031 0()
1021 0()
1021 8(1042 1043 1044 1045 1046 1047 1048 1049)
1041 0()
1041 0()
1041 0()
1041 0()
1041 0()
1041 0()
1041 0()
1041 0()
1021 0()
1021 8(1052 1053 1054 1055 1056 1057 1058 1059)
1051 0()
1051 0()
1051 0()
1051 0()
1051 0()
1051 0()
1051 0()
1051 0()
1021 0()
1062 0()
-1 8(1063 1061 1064 1065 1066 1067 1068 1069)
1062 0()
1062 0()
1062 0()
1062 0()
1062 0()
1062 0()
1062 0()
1071 0()
-1 8(1070 1072 1073 1082 1091 1092 1093 1102)
1071 0()
1071 8(1074 1075 1076 1077 1078 1079 1080 1081)
1073 0()
1073 0()
1073 0()
1073 0()
1073 0()
1073 0()
1073 0()
1073 0()
1071 8(1083 1084 1085 1086 1087 1088 1089 1090)
1082 0()
1082 0()
1082 0()
1082 0()
1082 0()
1082 0()
1082 0()
1082 0()
1071 0()
1071 0()
1071 8(1094 1095 1096 1097 1098 1099 1100 1101)
1093 0()
1093 0()
1093 0()
1093 0()
1093 0()
1093 0()
1093 0()
1093 0()
1071 8(1103 1104 1105 1106 1107 1108 1109 1110)
1102 0()
1102 0()
1102 0()
1102 0()
1102 0()
1102 0()
1102 0()
1102 0()
1112 0()
-1 8(1113 1111 1114 1123 1132 1133 1134 1143)
1112 0()
1112 8(1115 1116 1117 1118 1119 1120 1121 1122)
1114 0()
1114 0()
1114 0()
1114 0()
1114 0()
1114 0()
1114 0()
1114 0()
1112 8(1124 1125 1126 1127 1128 1129 1130 1131)
1123 0()
1123 0()
1123 0()
1123 0()
1123 0()
1123 0()
1123 0()
1123 0()
1112 0()
1112 0()
1112 8(1135 1136 1137 1138 1139 1140 1141 1142)
1134 0()
1134 0()
1134 0()
1134 0()
1134 0()
1134 0()
1134 0()
1134 0()
1112 8(1144 1145 1146 1147 1148 1149 1150 1151)
1143 0()
1143 0()
1143 0()
1143 0()
1143 0()
1143 0()
1143 0()
1143 0()
1153 0()
-1 8(1154 1152 1155 1164 1165 1166 1167 1176)
1153 0()
1153 8(1156 1157 1158 1159 1160 1161 1162 1163)
1155 0()
1155 0()
1155 0()
1155 0()
1155 0()
1155 0()
1155 0()
1155 0()
1153 0()
1153 0()
1153 0()
1153 8(1168 1169 1170 1171 1172 1173 1174 1175)
1167 0()
1167 0()
1167 0()
1167 0()
1167 0()
1167 0()
1167 0()
1167 0()
1153 0()
1178 0()
-1 8(1179 1177 1180 1181 1182 1183 1184 1185)
1178 0()
1178 0()
1178 0()
1178 0()
1178 0()
1178 0()
1178 0()
1187 0()
-1 8(1186 1188 1189 1190 1191 1192 1193 1194)
1187 0()
1187 0()
1187 0()
1187 0()
1187 0()
1187 0()
1187 0()
1196 0()
-1 8(1195 1197 1198 1199 1200 1201 1202 1203)
1196 0()
1196 0()
1196 0()
1196 0()
1196 0()
1196 0()
1196 0()
1205 0()
-1 8(1204 1206 1207 1208 1209 1210 1211 1212)
1205 0()
1205 0()
1205 0()
1205 0()
1205 0()
1205 0()
1205 0()
1214 0()
-1 8(1215 1213 1216 1217 1218 1219 1220 1221)
1214 0()
1214 0()
1214 0()
1214 0()
1214 0()
1214 0()
1214 0()
1223 0()
-1 8(1224 1222 1233 1242 1243 1252 1253 1262)
1223 8(1225 1226 1227 1228 1229 1230 1231 1232)
1224 0()
1224 0()
1224 0()
1224 0()
1224 0()
1224 0()
1224 0()
1224 0()
1223 8(1234 1235 1236 1237 1238 1239 1240 1241)
1233 0()
1233 0()
1233 0()
1233 0()
1233 0()
1233 0()
1233 0()
1233 0()
1223 0()
1223 8(1244 1245 1246 1247 1248 1249 1250 1251)
1243 0()
1243 0()
1243 0()
1243 0()
1243 0()
1243 0()
1243 0()
1243 0()
1223 0()
1223 8(1254 1255 1256 1257 1258 1259 1260 1261)
1253 0()
1253 0()
1253 0()
1253 0()
1253 0()
1253 0()
1253 0()
1253 0()
1223 0()
1264 0()
-1 8(1265 1263 1266 1267 1268 1269 1270 1271)
1264 0()
1264 0()
1264 0()
1264 0()
1264 0()
1264 0()
1264 0()
1273 0()
1274 8(1338 1339 1340 1341 1342 1272 1343 1344)
-1 8(1273 1275 1284 1293 1302 1311 1320 1329)
1274 8(1276 1277 1278 1279 1280 1281 1282 1283)
1275 0()
1275 0()
1275 0()
1275 0()
1275 0()
1275 0()
1275 0()
1275 0()
1274 8(1285 1286 1287 1288 1289 1290 1291 1292)
1284 0()
1284 0()
1284 0()
1284 0()
1284 0()
1284 0()
1284 0()
1284 0()
1274 8(1294 1295 1296 1297 1298 1299 1300 1301)
1293 0()
1293 0()
1293 0()
1293 0()
1293 0()
1293 0()
1293 0()
1293 0()
1274 8(1303 1304 1305 1306 1307 1308 1309 1310)
1302 0()
1302 0()
1302 0()
1302 0()
1302 0()
1302 0()
1302 0()
1302 0()
1274 8(1312 1313 1314 1315 1316 1317 1318 1319)
1311 0()
1311 0()
1311 0()
1311 0()
1311 0()
1311 0()
1311 0()
1311 0()
1274 8(1321 1322 1323 1324 1325 1326 1327 1328)
1320 0()
1320 0()
1320 0()
1320 0()
1320 0()
1320 0()
1320 0()
1320 0()
1274 8(1330 1331 1332 1333 1334 1335 1336 1337)
1329 0()
1329 0()
1329 0()
1329 0()
1329 0()
1329 0()
1329 0()
1329 0()
1273 0()
1273 0()
1273 0()
1273 0()
1273 0()
1273 0()
1273 0()
1346 0()
-1 8(1347 1345 1356 1365 1366 1375 1376 1385)
1346 8(1348 1349 1350 1351 1352 1353 1354 1355)
1347 0()
1347 0()
1347 0()
1347 0()
1347 0()
1347 0()
1347 0()
1347 0()
1346 8(1357 1358 1359 1360 1361 1362 1363 1364)
1356 0()
1356 0()
1356 0()
1356 0()
1356 0()
1356 0()
1356 0()
1356 0()
1346 0()
1346 8(1367 1368 1369 1370 1371 1372 1373 1374)
1366 0()
1366 0()
1366 0()
1366 0()
1366 0()
1366 0()
1366 0()
1366 0()
1346 0()
1346 8(1377 1378 1379 1380 1381 1382 1383 1384)
1376 0()
1376 0()
1376 0()
1376 0()
1376 0()
1376 0()
1376 0()
1376 0()
1346 0()
1387 0()
-1 8(1388 1386 1389 1390 1391 1392 1393 1394)
1387 0()
1387 0()
1387 0()
1387 0()
1387 0()
1387 0()
1387 0()
1396 0()
-1 8(1397 1395 1398 1407 1416 1417 1418 1427)
1396 0()
1396 8(1399 1400 1401 1402 1403 1404 1405 1406)
1398 0()
1398 0()
1398 0()
1398 0()
1398 0()
1398 0()
1398 0()
1398 0()
1396 8(1408 1409 1410 1411 1412 1413 1414 1415)
1407 0()
1407 0()
1407 0()
1407 0()
1407 0()
1407 0()
1407 0()
1407 0()
1396 0()
1396 0()
1396 8(1419 1420 1421 1422 1423 1424 1425 1426)
1418 0()
1418 0()
1418 0()
1418 0()
1418 0()
1418 0()
1418 0()
1418 0()
1396 8(1428 1429 1430 1431 1432 1433 1434 1435)
1427 0()
1427 0()
1427 0()
1427 0()
1427 0()
1427 0()
1427 0()
1427 0()
1437 0()
-1 8(1438 1436 1439 1448 1449 1450 1451 1460)
1437 0()
1437 8(1440 1441 1442 1443 1444 1445 1446 1447)
1439 0()
1439 0()
1439 0()
1439 0()
1439 0()
1439 0()
1439 0()
1439 0()
1437 0()
1437 0()
1437 0()
1437 8(1452 1453 1454 1455 1456 1457 1458 1459)
1451 0()
1451 0()
1451 0()
1451 0()
1451 0()
1451 0()
1451 0()
1451 0()
1437 0()
1462 0()
-1 8(1463 1461 1464 1465 1466 1467 1468 1469)
1462 0()
1462 0()
1462 0()
1462 0()
1462 0()
1462 0()
1462 0()
1471 0()
-1 8(1470 1472 1473 1482 1491 1492 1493 1502)
1471 0()
1471 8(1474 1475 1476 1477 1478 1479 1480 1481)
1473 0()
1473 0()
1473 0()
1473 0()
1473 0()
1473 0()
1473 0()
1473 0()
1471 8(1483 1484 1485 1486 1487 1488 1489 1490)
1482 0()
1482 0()
1482 0()
1482 0()
1482 0()
1482 0()
1482 0()
1482 0()
1471 0()
1471 0()
1471 8(1494 1495 1496 1497 1498 1499 1500 1501)
1493 0()
1493 0()
1493 0()
1493 0()
1493 0()
1493 0()
1493 0()
1493 0()
1471 8(1503 1504 1505 1506 1507 1508 1509 1510)
1502 0()
1502 0()
1502 0()
1502 0()
1502 0()
1502 0()
1502 0()
1502 0()
1512 0()
-1 8(1511 1513 1514 1515 1516 1517 1518 1519)
1512 0()
1512 0()
1512 0()
1512 0()
1512 0()
1512 0()
1512 0()
1521 0()
-1 8(1520 1522 1523 1524 1525 1526 1527 1528)
1521 0()
1521 0()
1521 0()
1521 0()
1521 0()
1521 0()
1521 0()
1530 0()
-1 8(1529 1531 1532 1533 1534 1535 1536 1537)
1530 0()
1530 0()
1530 0()
1530 0()
1530 0()
1530 0()
1530 0()
1539 0()
1540 8(1604 1605 1606 1607 1608 1538 1609 1610)
-1 8(1539 1541 1550 1559 1568 1577 1586 1595)
1540 8(1542 1543 1544 1545 1546 1547 1548 1549)
1541 0()
1541 0()
1541 0()
1541 0()
1541 0()
1541 0()
1541 0()
1541 0()
1540 8(1551 1552 1553 1554 1555 1556 1557 1558)
1550 0()
1550 0()
1550 0()
1550 0()
1550 0()
1550 0()
1550 0()
1550 0()
1540 8(1560 1561 1562 1563 1564 1565 1566 1567)
1559 0()
1559 0()
1559 0()
1559 0()
1559 0()
1559 0()
1559 0()
1559 0()
1540 8(1569 1570 1571 1572 1573 1574 1575 1576)
1568 0()
1568 0()
1568 0()
1568 0()
1568 0()
1568 0()
1568 0()
1568 0()
1540 8(1578 1579 1580 1581 1582 1583 1584 1585)
1577 0()
1577 0()
1577 0()
1577 0()
1577 0()
1577 0()
1577 0()
1577 0()
1540 8(1587 1588 1589 1590 1591 1592 1593 1594)
1586 0()
1586 0()
1586 0()
1586 0()
1586 0()
1586 0()
1586 0()
1586 0()
1540 8(1596 1597 1598 1599 1600 1601 1602 1603)
1595 0()
1595 0()
1595 0()
1595 0()
1595 0()
1595 0()
1595 0()
1595 0()
1539 0()
1539 0()
1539 0()
1539 0()
1539 0()
1539 0()
1539 0()
1612 0()
-1 8(1613 1611 1622 1631 1632 1641 1642 1651)
1612 8(1614 1615 1616 1617 1618 1619 1620 1621)
1613 0()
1613 0()
1613 0()
1613 0()
1613 0()
1613 0()
1613 0()
1613 0()
1612 8(1623 1624 1625 1626 1627 1628 1629 1630)
1622 0()
1622 0()
1622 0()
1622 0()
1622 0()
1622 0()
1622 0()
1622 0()
1612 0()
1612 8(1633 1634 1635 1636 1637 1638 1639 1640)
1632 0()
1632 0()
1632 0()
1632 0()
1632 0()
1632 0()
1632 0()
1632 0()
1612 0()
1612 8(1643 1644 1645 1646 1647 1648 1649 1650)
1642 0()
1642 0()
1642 0()
1642 0()
1642 0()
1642 0()
1642 0()
1642 0()
1612 0()
1653 0()
-1 8(1654 1652 1655 1656 1657 1658 1659 1660)
1653 0()
1653 0()
1653 0()
1653 0()
1653 0()
1653 0()
1653 0()
1662 0()
1663 8(1727 1728 1729 1730 1731 1661 1732 1733)
-1 8(1662 1664 1673 1682 1691 1700 1709 1718)
1663 8(1665 1666 1667 1668 1669 1670 1671 1672)
1664 0()
1664 0()
1664 0()
1664 0()
1664 0()
1664 0()
1664 0()
1664 0()
1663 8(1674 1675 1676 1677 1678 1679 1680 1681)
1673 0()
1673 0()
1673 0()
1673 0()
1673 0()
1673 0()
1673 0()
1673 0()
1663 8(1683 1684 1685 1686 1687 1688 1689 1690)
1682 0()
1682 0()
1682 0()
1682 0()
1682 0()
1682 0()
1682 0()
1682 0()
1663 8(1692 1693 1694 1695 1696 1697 1698 1699)
1691 0()
1691 0()
1691 0()
1691 0()
1691 0()
1691 0()
1691 0()
1691 0()
1663 8(1701 1702 1703 1704 1705 1706 1707 1708)
1700 0()
1700 0()
1700 0()
1700 0()
1700 0()
1700 0()
1700 0()
1700 0()
1663 8(1710 1711 1712 1713 1714 1715 1716 1717)
1709 0()
1709 0()
1709 0()
1709 0()
1709 0()
1709 0()
1709 0()
1709 0()
1663 8(1719 1720 1721 1722 1723 1724 1725 1726)
1718 0()
1718 0()
1718 0()
1718 0()
1718 0()
1718 0()
1718 0()
1718 0()
1662 0()
1662 0()
1662 0()
1662 0()
1662 0()
1662 0()
1662 0()
1735 0()
1736 8(1800 1801 1802 1803 1804 1805 1806 1734)
-1 8(1737 1735 1746 1755 1764 1773 1782 1791)
1736 8(1738 1739 1740 1741 1742 1743 1744 1745)
1737 0()
1737 0()
1737 0()
1737 0()
1737 0()
1737 0()
1737 0()
1737 0()
1736 8(1747 1748 1749 1750 1751 1752 1753 1754)
1746 0()
1746 0()
1746 0()
1746 0()
1746 0()
1746 0()
1746 0()
1746 0()
1736 8(1756 1757 1758 1759 1760 1761 1762 1763)
1755 0()
1755 0()
1755 0()
1755 0()
1755 0()
1755 0()
1755 0()
1755 0()
1736 8(1765 1766 1767 1768 1769 1770 1771 1772)
1764 0()
1764 0()
1764 0()
1764 0()
1764 0()
1764 0()
1764 0()
1764 0()
1736 8(1774 1775 1776 1777 1778 1779 1780 1781)
1773 0()
1773 0()
1773 0()
1773 0()
1773 0()
1773 0()
1773 0()
1773 0()
1736 8(1783 1784 1785 1786 1787 1788 1789 1790)
1782 0()
1782 0()
1782 0()
1782 0()
1782 0()
1782 0()
1782 0()
1782 0()
1736 8(1792 1793 1794 1795 1796 1797 1798 1799)
1791 0()
1791 0()
1791 0()
1791 0()
1791 0()
1791 0()
1791 0()
1791 0()
1735 0()
1735 0()
1735 0()
1735 0()
1735 0()
1735 0()
1735 0()
1808 0()
-1 8(1809 1807 1818 1827 1828 1837 1838 1847)
1808 8(1810 1811 1812 1813 1814 1815 1816 1817)
1809 0()
1809 0()
1809 0()
1809 0()
1809 0()
1809 0()
1809 0()
1809 0()
1808 8(1819 1820 1821 1822 1823 1824 1825 1826)
1818 0()
1818 0()
1818 0()
1818 0()
1818 0()
1818 0()
1818 0()
1818 0()
1808 0()
1808 8(1829 1830 1831 1832 1833 1834 1835 1836)
1828 0()
1828 0()
1828 0()
1828 0()
1828 0()
1828 0()
1828 0()
1828 0()
1808 0()
1808 8(1839 1840 1841 1842 1843 1844 1845 1846)
1838 0()
1838 0()
1838 0()
1838 0()
1838 0()
1838 0()
1838 0()
1838 0()
1808 0()
1849 0()
-1 8(1850 1848 1851 1852 1853 1854 1855 1856)
1849 0()
1849 0()
1849 0()
1849 0()
1849 0()
1849 0()
1849 0()
1858 0()
-1 8(1859 1857 1860 1869 1878 1879 1880 1889)
1858 0()
1858 8(1861 1862 1863 1864 1865 1866 1867 1868)
1860 0()
1860 0()
1860 0()
1860 0()
1860 0()
1860 0()
1860 0()
1860 0()
1858 8(1870 1871 1872 1873 1874 1875 1876 1877)
1869 0()
1869 0()
1869 0()
1869 0()
1869 0()
1869 0()
1869 0()
1869 0()
1858 0()
1858 0()
1858 8(1881 1882 1883 1884 1885 1886 1887 1888)
1880 0()
1880 0()
1880 0()
1880 0()
1880 0()
1880 0()
1880 0()
1880 0()
1858 8(1890 1891 1892 1893 1894 1895 1896 1897)
1889 0()
1889 0()
1889 0()
1889 0()
1889 0()
1889 0()
1889 0()
1889 0()
1899 0()
-1 8(1900 1898 1901 1902 1903 1904 1905 1906)
1899 0()
1899 0()
1899 0()
1899 0()
1899 0()
1899 0()
1899 0()
1908 0()
-1 8(1907 1909 1910 1919 1928 1929 1930 1939)
1908 0()
1908 8(1911 1912 1913 1914 1915 1916 1917 1918)
1910 0()
1910 0()
1910 0()
1910 0()
1910 0()
1910 0()
1910 0()
1910 0()
1908 8(1920 1921 1922 1923 1924 1925 1926 1927)
1919 0()
1919 0()
1919 0()
1919 0()
1919 0()
1919 0()
1919 0()
1919 0()
1908 0()
1908 0()
1908 8(1931 1932 1933 1934 1935 1936 1937 1938)
1930 0()
1930 0()
1930 0()
1930 0()
1930 0()
1930 0()
1930 0()
1930 0()
1908 8(1940 1941 1942 1943 1944 1945 1946 1947)
1939 0()
1939 0()
1939 0()
1939 0()
1939 0()
1939 0()
1939 0()
1939 0()
1949 0()
-1 8(1948 1950 1951 1952 1953 1954 1955 1956)
1949 0()
1949 0()
1949 0()
1949 0()
1949 0()
1949 0()
1949 0()
1958 0()
-1 8(1957 1959 1960 1961 1962 1963 1964 1965)
1958 0()
1958 0()
1958 0()
1958 0()
1958 0()
1958 0()
1958 0()
1967 0()
-1 8(1966 1968 1969 1970 1971 1972 1973 1974)
1967 0()
1967 0()
1967 0()
1967 0()
1967 0()
1967 0()
1967 0()
1976 0()
1977 8(2041 2042 2043 2044 2045 1975 2046 2047)
-1 8(1976 1978 1987 1996 2005 2014 2023 2032)
1977 8(1979 1980 1981 1982 1983 1984 1985 1986)
1978 0()
1978 0()
1978 0()
1978 0()
1978 0()
1978 0()
1978 0()
1978 0()
1977 8(1988 1989 1990 1991 1992 1993 1994 1995)
1987 0()
1987 0()
1987 0()
1987 0()
1987 0()
1987 0()
1987 0()
1987 0()
1977 8(1997 1998 1999 2000 2001 2002 2003 2004)
1996 0()
1996 0()
1996 0()
1996 0()
1996 0()
1996 0()
1996 0()
1996 0()
1977 8(2006 2007 2008 2009 2010 2011 2012 2013)
2005 0()
2005 0()
2005 0()
2005 0()
2005 0()
2005 0()
2005 0()
2005 0()
1977 8(2015 2016 2017 2018 2019 2020 2021 2022)
2014 0()
2014 0()
2014 0()
2014 0()
2014 0()
2014 0()
2014 0()
2014 0()
1977 8(2024 2025 2026 2027 2028 2029 2030 2031)
2023 0()
2023 0()
2023 0()
2023 0()
2023 0()
2023 0()
2023 0()
2023 0()
1977 8(2033 2034 2035 2036 2037 2038 2039 2040)
2032 0()
2032 0()
2032 0()
2032 0()
2032 0()
2032 0()
2032 0()
2032 0()
1976 0()
1976 0()
1976 0()
1976 0()
1976 0()
1976 0()
1976 0()
2049 0()
2050 8(2114 2115 2116 2117 2118 2119 2120 2048)
-1 8(2051 2049 2060 2069 2078 2087 2096 2105)
2050 8(2052 2053 2054 2055 2056 2057 2058 2059)
2051 0()
2051 0()
2051 0()
2051 0()
2051 0()
2051 0()
2051 0()
2051 0()
2050 8(2061 2062 2063 2064 2065 2066 2067 2068)
2060 0()
2060 0()
2060 0()
2060 0()
2060 0()
2060 0()
2060 0()
2060 0()
2050 8(2070 2071 2072 2073 2074 2075 2076 2077)
2069 0()
2069 0()
2069 0()
2069 0()
2069 0()
2069 0()
2069 0()
2069 0()
2050 8(2079 2080 2081 2082 2083 2084 2085 2086)
2078 0()
2078 0()
2078 0()
2078 0()
2078 0()
2078 0()
2078 0()
2078 0()
2050 8(2088 2089 2090 2091 2092 2093 2094 2095)
2087 0()
2087 0()
2087 0()
2087 0()
2087 0()
2087 0()
2087 0()
2087 0()
2050 8(2097 2098 2099 2100 2101 2102 2103 2104)
2096 0()
2096 0()
2096 0()
2096 0()
2096 0()
2096 0()
2096 0()
2096 0()
2050 8(2106 2107 2108 2109 2110 2111 2112 2113)
2105 0()
2105 0()
2105 0()
2105 0()
2105 0()
2105 0()
2105 0()
2105 0()
2049 0()
2049 0()
2049 0()
2049 0()
2049 0()
2049 0()
2049 0()
2122 0()
-1 8(2123 2121 2132 2141 2142 2151 2152 2161)
2122 8(2124 2125 2126 2127 2128 2129 2130 2131)
2123 0()
2123 0()
2123 0()
2123 0()
2123 0()
2123 0()
2123 0()
2123 0()
2122 8(2133 2134 2135 2136 2137 2138 2139 2140)
2132 0()
2132 0()
2132 0()
2132 0()
2132 0()
2132 0()
2132 0()
2132 0()
2122 0()
2122 8(2143 2144 2145 2146 2147 2148 2149 2150)
2142 0()
2142 0()
2142 0()
2142 0()
2142 0()
2142 0()
2142 0()
2142 0()
2122 0()
2122 8(2153 2154 2155 2156 2157 2158 2159 2160)
2152 0()
2152 0()
2152 0()
2152 0()
2152 0()
2152 0()
2152 0()
2152 0()
2122 0()
2163 0()
-1 8(2164 2162 2165 2166 2167 2168 2169 2170)
2163 0()
2163 0()
2163 0()
2163 0()
2163 0()
2163 0()
2163 0()
2172 0()
2173 8(2237 2238 2239 2240 2241 2242 2243 2171)
-1 8(2174 2172 2183 2192 2201 2210 2219 2228)
2173 8(2175 2176 2177 2178 2179 2180 2181 2182)
2174 0()
2174 0()
2174 0()
2174 0()
2174 0()
2174 0()
2174 0()
2174 0()
2173 8(2184 2185 2186 2187 2188 2189 2190 2191)
2183 0()
2183 0()
2183 0()
2183 0()
2183 0()
2183 0()
2183 0()
2183 0()
2173 8(2193 2194 2195 2196 2197 2198 2199 2200)
2192 0()
2192 0()
2192 0()
2192 0()
2192 0()
2192 0()
2192 0()
2192 0()
2173 8(2202 2203 2204 2205 2206 2207 2208 2209)
2201 0()
2201 0()
2201 0()
2201 0()
2201 0()
2201 0()
2201 0()
2201 0()
2173 8(2211 2212 2213 2214 2215 2216 2217 2218)
2210 0()
2210 0()
2210 0()
2210 0()
2210 0()
2210 0()
2210 0()
2210 0()
2173 8(2220 2221 2222 2223 2224 2225 2226 2227)
2219 0()
2219 0()
2219 0()
2219 0()
2219 0()
2219 0()
2219 0()
2219 0()
2173 8(2229 2230 2231 2232 2233 2234 2235 2236)
2228 0()
2228 0()
2228 0()
2228 0()
2228 0()
2228 0()
2228 0()
2228 0()
2172 0()
2172 0()
2172 0()
2172 0()
2172 0()
2172 0()
2172 0()
2245 0()
-1 8(2246 2244 2247 2248 2249 2250 2251 2252)
2245 0()
2245 0()
2245 0()
2245 0()
2245 0()
2245 0()
2245 0()
2254 0()
-1 8(2255 2253 2256 2265 2274 2275 2276 2285)
2254 0()
2254 8(2257 2258 2259 2260 2261 2262 2263 2264)
2256 0()
2256 0()
2256 0()
2256 0()
2256 0()
2256 0()
2256 0()
2256 0()
2254 8(2266 2267 2268 2269 2270 2271 2272 2273)
2265 0()
2265 0()
2265 0()
2265 0()
2265 0()
2265 0()
2265 0()
2265 0()
2254 0()
2254 0()
2254 8(2277 2278 2279 2280 2281 2282 2283 2284)
2276 0()
2276 0()
2276 0()
2276 0()
2276 0()
2276 0()
2276 0()
2276 0()
2254 8(2286 2287 2288 2289 2290 2291 2292 2293)
2285 0()
2285 0()
2285 0()
2285 0()
2285 0()
2285 0()
2285 0()
2285 0()
2295 0()
-1 8(2296 2294 2297 2298 2299 2300 2301 2302)
2295 0()
2295 0()
2295 0()
2295 0()
2295 0()
2295 0()
2295 0()
2304 0()
-1 8(2303 2305 2306 2315 2324 2325 2326 2335)
2304 0()
2304 8(2307 2308 2309 2310 2311 2312 2313 2314)
2306 0()
2306 0()
2306 0()
2306 0()
2306 0()
2306 0()
2306 0()
2306 0()
2304 8(2316 2317 2318 2319 2320 2321 2322 2323)
2315 0()
2315 0()
2315 0()
2315 0()
2315 0()
2315 0()
2315 0()
2315 0()
2304 0()
2304 0()
2304 8(2327 2328 2329 2330 2331 2332 2333 2334)
2326 0()
2326 0()
2326 0()
2326 0()
2326 0()
2326 0()
2326 0()
2326 0()
2304 8(2336 2337 2338 2339 2340 2341 2342 2343)
2335 0()
2335 0()
2335 0()
2335 0()
2335 0()
2335 0()
2335 0()
2335 0()
2345 0()
-1 8(2344 2346 2347 2348 2349 2350 2351 2352)
2345 0()
2345 0()
2345 0()
2345 0()
2345 0()
2345 0()
2345 0()
2354 0()
-1 8(2353 2355 2356 2357 2358 2359 2360 2361)
2354 0()
2354 0()
2354 0()
2354 0()
2354 0()
2354 0()
2354 0()
2363 0()
2364 8(2428 2429 2430 2431 2432 2433 2434 2362)
-1 8(2365 2363 2374 2383 2392 2401 2410 2419)
2364 8(2366 2367 2368 2369 2370 2371 2372 2373)
2365 0()
2365 0()
2365 0()
2365 0()
2365 0()
2365 0()
2365 0()
2365 0()
2364 8(2375 2376 2377 2378 2379 2380 2381 2382)
2374 0()
2374 0()
2374 0()
2374 0()
2374 0()
2374 0()
2374 0()
2374 0()
2364 8(2384 2385 2386 2387 2388 2389 2390 2391)
2383 0()
2383 0()
2383 0()
2383 0()
2383 0()
2383 0()
2383 0()
2383 0()
2364 8(2393 2394 2395 2396 2397 2398 2399 2400)
2392 0()
2392 0()
2392 0()
2392 0()
2392 0()
2392 0()
2392 0()
2392 0()
2364 8(2402 2403 2404 2405 2406 2407 2408 2409)
2401 0()
2401 0()
2401 0()
2401 0()
2401 0()
2401 0()
2401 0()
2401 0()
2364 8(2411 2412 2413 2414 2415 2416 2417 2418)
2410 0()
2410 0()
2410 0()
2410 0()
2410 0()
2410 0()
2410 0()
2410 0()
2364 8(2420 2421 2422 2423 2424 2425 2426 2427)
2419 0()
2419 0()
2419 0()
2419 0()
2419 0()
2419 0()
2419 0()
2419 0()
2363 0()
2363 0()
2363 0()
2363 0()
2363 0()
2363 0()
2363 0()
2436 0()
-1 8(2437 2435 2438 2439 2440 2441 2442 2443)
2436 0()
2436 0()
2436 0()
2436 0()
2436 0()
2436 0()
2436 0()
2445 0()
2446 8(2510 2511 2512 2513 2514 2515 2516 2444)
-1 8(2447 2445 2456 2465 2474 2483 2492 2501)
2446 8(2448 2449 2450 2451 2452 2453 2454 2455)
2447 0()
2447 0()
2447 0()
2447 0()
2447 0()
2447 0()
2447 0()
2447 0()
2446 8(2457 2458 2459 2460 2461 2462 2463 2464)
2456 0()
2456 0()
2456 0()
2456 0()
2456 0()
2456 0()
2456 0()
2456 0()
2446 8(2466 2467 2468 2469 2470 2471 2472 2473)
2465 0()
2465 0()
2465 0()
2465 0()
2465 0()
2465 0()
2465 0()
2465 0()
2446 8(2475 2476 2477 2478 2479 2480 2481 2482)
2474 0()
2474 0()
2474 0()
2474 0()
2474 0()
2474 0()
2474 0()
2474 0()
2446 8(2484 2485 2486 2487 2488 2489 2490 2491)
2483 0()
2483 0()
2483 0()
2483 0()
2483 0()
2483 0()
2483 0()
2483 0()
2446 8(2493 2494 2495 2496 2497 2498 2499 2500)
2492 0()
2492 0()
2492 0()
2492 0()
2492 0()
2492 0()
2492 0()
2492 0()
2446 8(2502 2503 2504 2505 2506 2507 2508 2509)
2501 0()
2501 0()
2501 0()
2501 0()
2501 0()
2501 0()
2501 0()
2501 0()
2445 0()
2445 0()
2445 0()
2445 0()
2445 0()
2445 0()
2445 0()
2518 0()
-1 8(2519 2517 2520 2521 2522 2523 2524 2525)
2518 0()
2518 0()
2518 0()
2518 0()
2518 0()
2518 0()
2518 0()
2527 0()
-1 8(2528 2526 2529 2530 2531 2532 2533 2534)
2527 0()
2527 0()
2527 0()
2527 0()
2527 0()
2527 0()
2527 0()
2536 0()
2537 8(2601 2602 2603 2604 2605 2606 2535 2607)
-1 8(2536 2538 2547 2556 2565 2574 2583 2592)
2537 8(2539 2540 2541 2542 2543 2544 2545 2546)
2538 0()
2538 0()
2538 0()
2538 0()
2538 0()
2538 0()
2538 0()
2538 0()
2537 8(2548 2549 2550 2551 2552 2553 2554 2555)
2547 0()
2547 0()
2547 0()
2547 0()
2547 0()
2547 0()
2547 0()
2547 0()
2537 8(2557 2558 2559 2560 2561 2562 2563 2564)
2556 0()
2556 0()
2556 0()
2556 0()
2556 0()
2556 0()
2556 0()
2556 0()
2537 8(2566 2567 2568 2569 2570 2571 2572 2573)
2565 0()
2565 0()
2565 0()
2565 0()
2565 0()
2565 0()
2565 0()
2565 0()
2537 8(2575 2576 2577 2578 2579 2580 2581 2582)
2574 0()
2574 0()
2574 0()
2574 0()
2574 0()
2574 0()
2574 0()
2574 0()
2537 8(2584 2585 2586 2587 2588 2589 2590 2591)
2583 0()
2583 0()
2583 0()
2583 0()
2583 0()
2583 0()
2583 0()
2583 0()
2537 8(2593 2594 2595 2596 2597 2598 2599 2600)
2592 0()
2592 0()
2592 0()
2592 0()
2592 0()
2592 0()
2592 0()
2592 0()
2536 0()
2536 0()
2536 0()
2536 0()
2536 0()
2536 0()
2536 0()
2609 0()
-1 8(2608 2610 2611 2620 2629 2630 2631 2640)
2609 0()
2609 8(2612 2613 2614 2615 2616 2617 2618 2619)
2611 0()
2611 0()
2611 0()
2611 0()
2611 0()
2611 0()
2611 0()
2611 0()
2609 8(2621 2622 2623 2624 2625 2626 2627 2628)
2620 0()
2620 0()
2620 0()
2620 0()
2620 0()
2620 0()
2620 0()
2620 0()
2609 0()
2609 0()
2609 8(2632 2633 2634 2635 2636 2637 2638 2639)
2631 0()
2631 0()
2631 0()
2631 0()
2631 0()
2631 0()
2631 0()
2631 0()
2609 8(2641 2642 2643 2644 2645 2646 2647 2648)
2640 0()
2640 0()
2640 0()
2640 0()
2640 0()
2640 0()
2640 0()
2640 0()
2650 0()
-1 8(2649 2651 2652 2653 2654 2655 2656 2657)
2650 0()
2650 0()
2650 0()
2650 0()
2650 0()
2650 0()
2650 0()
2659 0()
2660 8(2724 2725 2726 2727 2728 2729 2730 2658)
-1 8(2661 2659 2670 2679 2688 2697 2706 2715)
2660 8(2662 2663 2664 2665 2666 2667 2668 2669)
2661 0()
2661 0()
2661 0()
2661 0()
2661 0()
2661 0()
2661 0()
2661 0()
2660 8(2671 2672 2673 2674 2675 2676 2677 2678)
2670 0()
2670 0()
2670 0()
2670 0()
2670 0()
2670 0()
2670 0()
2670 0()
2660 8(2680 2681 2682 2683 2684 2685 2686 2687)
2679 0()
2679 0()
2679 0()
2679 0()
2679 0()
2679 0()
2679 0()
2679 0()
2660 8(2689 2690 2691 2692 2693 2694 2695 2696)
2688 0()
2688 0()
2688 0()
2688 0()
2688 0()
2688 0()
2688 0()
2688 0()
2660 8(2698 2699 2700 2701 2702 2703 2704 2705)
2697 0()
2697 0()
2697 0()
2697 0()
2697 0()
2697 0()
2697 0()
2697 0()
2660 8(2707 2708 2709 2710 2711 2712 2713 2714)
2706 0()
2706 0()
2706 0()
2706 0()
2706 0()
2706 0()
2706 0()
2706 0()
2660 8(2716 2717 2718 2719 2720 2721 2722 2723)
2715 0()
2715 0()
2715 0()
2715 0()
2715 0()
2715 0()
2715 0()
2715 0()
2659 0()
2659 0()
2659 0()
2659 0()
2659 0()
2659 0()
2659 0()
2732 0()
-1 8(2733 2731 2734 2735 2736 2737 2738 2739)
2732 0()
2732 0()
2732 0()
2732 0()
2732 0()
2732 0()
2732 0()
2741 0()
2742 8(2806 2807 2808 2809 2810 2811 2812 2740)
-1 8(2743 2741 2752 2761 2770 2779 2788 2797)
2742 8(2744 2745 2746 2747 2748 2749 2750 2751)
2743 0()
2743 0()
2743 0()
2743 0()
2743 0()
2743 0()
2743 0()
2743 0()
2742 8(2753 2754 2755 2756 2757 2758 2759 2760)
2752 0()
2752 0()
2752 0()
2752 0()
2752 0()
2752 0()
2752 0()
2752 0()
2742 8(2762 2763 2764 2765 2766 2767 2768 2769)
2761 0()
2761 0()
2761 0()
2761 0()
2761 0()
2761 0()
2761 0()
2761 0()
2742 8(2771 2772 2773 2774 2775 2776 2777 2778)
2770 0()
2770 0()
2770 0()
2770 0()
2770 0()
2770 0()
2770 0()
2770 0()
2742 8(2780 2781 2782 2783 2784 2785 2786 2787)
2779 0()
2779 0()
2779 0()
2779 0()
2779 0()
2779 0()
2779 0()
2779 0()
2742 8(2789 2790 2791 2792 2793 2794 2795 2796)
2788 0()
2788 0()
2788 0()
2788 0()
2788 0()
2788 0()
2788 0()
2788 0()
2742 8(2798 2799 2800 2801 2802 2803 2804 2805)
2797 0()
2797 0()
2797 0()
2797 0()
2797 0()
2797 0()
2797 0()
2797 0()
2741 0()
2741 0()
2741 0()
2741 0()
2741 0()
2741 0()
2741 0()
2814 0()
-1 8(2815 2813 2816 2817 2818 2819 2820 2821)
2814 0()
2814 0()
2814 0()
2814 0()
2814 0()
2814 0()
2814 0()
2823 0()
-1 8(2824 2822 2825 2826 2827 2828 2829 2830)
2823 0()
2823 0()
2823 0()
2823 0()
2823 0()
2823 0()
2823 0()
2832 0()
2833 8(2897 2898 2899 2900 2901 2902 2831 2903)
-1 8(2832 2834 2843 2852 2861 2870 2879 2888)
2833 8(2835 2836 2837 2838 2839 2840 2841 2842)
2834 0()
2834 0()
2834 0()
2834 0()
2834 0()
2834 0()
2834 0()
2834 0()
2833 8(2844 2845 2846 2847 2848 2849 2850 2851)
2843 0()
2843 0()
2843 0()
2843 0()
2843 0()
2843 0()
2843 0()
2843 0()
2833 8(2853 2854 2855 2856 2857 2858 2859 2860)
2852 0()
2852 0()
2852 0()
2852 0()
2852 0()
2852 0()
2852 0()
2852 0()
2833 8(2862 2863 2864 2865 2866 2867 2868 2869)
2861 0()
2861 0()
2861 0()
2861 0()
2861 0()
2861 0()
2861 0()
2861 0()
2833 8(2871 2872 2873 2874 2875 2876 2877 2878)
2870 0()
2870 0()
2870 0()
2870 0()
2870 0()
2870 0()
2870 0()
2870 0()
2833 8(2880 2881 2882 2883 2884 2885 2886 2887)
2879 0()
2879 0()
2879 0()
2879 0()
2879 0()
2879 0()
2879 0()
2879 0()
2833 8(2889 2890 2891 2892 2893 2894 2895 2896)
2888 0()
2888 0()
2888 0()
2888 0()
2888 0()
2888 0()
2888 0()
2888 0()
2832 0()
2832 0()
2832 0()
2832 0()
2832 0()
2832 0()
2832 0()
2905 0()
-1 8(2904 2906 2907 2908 2909 2910 2911 2912)
2905 0()
2905 0()
2905 0()
2905 0()
2905 0()
2905 0()
2905 0()
2914 0()
2915 8(2979 2980 2981 2982 2983 2984 2985 2913)
-1 8(2916 2914 2925 2934 2943 2952 2961 2970)
2915 8(2917 2918 2919 2920 2921 2922 2923 2924)
2916 0()
2916 0()
2916 0()
2916 0()
2916 0()
2916 0()
2916 0()
2916 0()
2915 8(2926 2927 2928 2929 2930 2931 2932 2933)
2925 0()
2925 0()
2925 0()
2925 0()
2925 0()
2925 0()
2925 0()
2925 0()
2915 8(2935 2936 2937 2938 2939 2940 2941 2942)
2934 0()
2934 0()
2934 0()
2934 0()
2934 0()
2934 0()
2934 0()
2934 0()
2915 8(2944 2945 2946 2947 2948 2949 2950 2951)
2943 0()
2943 0()
2943 0()
2943 0()
2943 0()
2943 0()
2943 0()
2943 0()
2915 8(2953 2954 2955 2956 2957 2958 2959 2960)
2952 0()
2952 0()
2952 0()
2952 0()
2952 0()
2952 0()
2952 0()
2952 0()
2915 8(2962 2963 2964 2965 2966 2967 2968 2969)
2961 0()
2961 0()
2961 0()
2961 0()
2961 0()
2961 0()
2961 0()
2961 0()
2915 8(2971 2972 2973 2974 2975 2976 2977 2978)
2970 0()
2970 0()
2970 0()
2970 0()
2970 0()
2970 0()
2970 0()
2970 0()
2914 0()
2914 0()
2914 0()
2914 0()
2914 0()
2914 0()
2914 0()
2987 0()
-1 8(2988 2986 2989 2990 2991 2992 2993 2994)
2987 0()
2987 0()
2987 0()
2987 0()
2987 0()
2987 0()
2987 0()
2996 0()
-1 8(2997 2995 2998 2999 3000 3001 3002 3003)
2996 0()
2996 0()
2996 0()
2996 0()
2996 0()
2996 0()
2996 0()
3005 0()
-1 8(3006 3007 3008 3009 3010 3004 3011 3012)
3005 0()
3005 0()
3005 0()
3005 0()
3005 0()
3005 0()
3005 0()
3014 0()
3015 8(3079 3080 3081 3082 3083 3084 3013 3085)
-1 8(3014 3016 3025 3034 3043 3052 3061 3070)
3015 8(3017 3018 3019 3020 3021 3022 3023 3024)
3016 0()
3016 0()
3016 0()
3016 0()
3016 0()
3016 0()
3016 0()
3016 0()
3015 8(3026 3027 3028 3029 3030 3031 3032 3033)
3025 0()
3025 0()
3025 0()
3025 0()
3025 0()
3025 0()
3025 0()
3025 0()
3015 8(3035 3036 3037 3038 3039 3040 3041 3042)
3034 0()
3034 0()
3034 0()
3034 0()
3034 0()
3034 0()
3034 0()
3034 0()
3015 8(3044 3045 3046 3047 3048 3049 3050 3051)
3043 0()
3043 0()
3043 0()
3043 0()
3043 0()
3043 0()
3043 0()
3043 0()
3015 8(3053 3054 3055 3056 3057 3058 3059 3060)
3052 0()
3052 0()
3052 0()
3052 0()
3052 0()
3052 0()
3052 0()
3052 0()
3015 8(3062 3063 3064 3065 3066 3067 3068 3069)
3061 0()
3061 0()
3061 0()
3061 0()
3061 0()
3061 0()
3061 0()
3061 0()
3015 8(3071 3072 3073 3074 3075 3076 3077 3078)
3070 0()
3070 0()
3070 0()
3070 0()
3070 0()
3070 0()
3070 0()
3070 0()
3014 0()
3014 0()
3014 0()
3014 0()
3014 0()
3014 0()
3014 0()
3087 0()
3088 8(3152 3153 3154 3155 3156 3086 3157 3158)
-1 8(3087 3089 3098 3107 3116 3125 3134 3143)
3088 8(3090 3091 3092 3093 3094 3095 3096 3097)
3089 0()
3089 0()
3089 0()
3089 0()
3089 0()
3089 0()
3089 0()
3089 0()
3088 8(3099 3100 3101 3102 3103 3104 3105 3106)
3098 0()
3098 0()
3098 0()
3098 0()
3098 0()
3098 0()
3098 0()
3098 0()
3088 8(3108 3109 3110 3111 3112 3113 3114 3115)
3107 0()
3107 0()
3107 0()
3107 0()
3107 0()
3107 0()
3107 0()
3107 0()
3088 8(3117 3118 3119 3120 3121 3122 3123 3124)
3116 0()
3116 0()
3116 0()
3116 0()
3116 0()
3116 0()
3116 0()
3116 0()
3088 8(3126 3127 3128 3129 3130 3131 3132 3133)
3125 0()
3125 0()
3125 0()
3125 0()
3125 0()
3125 0()
3125 0()
3125 0()
3088 8(3135 3136 3137 3138 3139 3140 3141 3142)
3134 0()
3134 0()
3134 0()
3134 0()
3134 0()
3134 0()
3134 0()
3134 0()
3088 8(3144 3145 3146 3147 3148 3149 3150 3151)
3143 0()
3143 0()
3143 0()
3143 0()
3143 0()
3143 0()
3143 0()
3143 0()
3087 0()
3087 0()
3087 0()
3087 0()
3087 0()
3087 0()
3087 0()
3160 0()
-1 8(3161 3159 3162 3163 3164 3165 3166 3167)
3160 0()
3160 0()
3160 0()
3160 0()
3160 0()
3160 0()
3160 0()
3169 0()
-1 8(3170 3168 3171 3172 3173 3174 3175 3176)
3169 0()
3169 0()
3169 0()
3169 0()
3169 0()
3169 0()
3169 0()
3178 0()
-1 8(3179 3180 3181 3182 3183 3177 3184 3185)
3178 0()
3178 0()
3178 0()
3178 0()
3178 0()
3178 0()
3178 0()
3187 0()
3188 8(3252 3253 3254 3255 3256 3257 3186 3258)
-1 8(3187 3189 3198 3207 3216 3225 3234 3243)
3188 8(3190 3191 3192 3193 3194 3195 3196 3197)
3189 0()
3189 0()
3189 0()
3189 0()
3189 0()
3189 0()
3189 0()
3189 0()
3188 8(3199 3200 3201 3202 3203 3204 3205 3206)
3198 0()
3198 0()
3198 0()
3198 0()
3198 0()
3198 0()
3198 0()
3198 0()
3188 8(3208 3209 3210 3211 3212 3213 3214 3215)
3207 0()
3207 0()
3207 0()
3207 0()
3207 0()
3207 0()
3207 0()
3207 0()
3188 8(3217 3218 3219 3220 3221 3222 3223 3224)
3216 0()
3216 0()
3216 0()
3216 0()
3216 0()
3216 0()
3216 0()
3216 0()
3188 8(3226 3227 3228 3229 3230 3231 3232 3233)
3225 0()
3225 0()
3225 0()
3225 0()
3225 0()
3225 0()
3225 0()
3225 0()
3188 8(3235 3236 3237 3238 3239 3240 3241 3242)
3234 0()
3234 0()
3234 0()
3234 0()
3234 0()
3234 0()
3234 0()
3234 0()
3188 8(3244 3245 3246 3247 3248 3249 3250 3251)
3243 0()
3243 0()
3243 0()
3243 0()
3243 0()
3243 0()
3243 0()
3243 0()
3187 0()
3187 0()
3187 0()
3187 0()
3187 0()
3187 0()
3187 0()
3260 0()
3261 8(3325 3326 3327 3328 3329 3330 3331 3259)
-1 8(3262 3260 3271 3280 3289 3298 3307 3316)
3261 8(3263 3264 3265 3266 3267 3268 3269 3270)
3262 0()
3262 0()
3262 0()
3262 0()
3262 0()
3262 0()
3262 0()
3262 0()
3261 8(3272 3273 3274 3275 3276 3277 3278 3279)
3271 0()
3271 0()
3271 0()
3271 0()
3271 0()
3271 0()
3271 0()
3271 0()
3261 8(3281 3282 3283 3284 3285 3286 3287 3288)
3280 0()
3280 0()
3280 0()
3280 0()
3280 0()
3280 0()
3280 0()
3280 0()
3261 8(3290 3291 3292 3293 3294 3295 3296 3297)
3289 0()
3289 0()
3289 0()
3289 0()
3289 0()
3289 0()
3289 0()
3289 0()
3261 8(3299 3300 3301 3302 3303 3304 3305 3306)
3298 0()
3298 0()
3298 0()
3298 0()
3298 0()
3298 0()
3298 0()
3298 0()
3261 8(3308 3309 3310 3311 3312 3313 3314 3315)
3307 0()
3307 0()
3307 0()
3307 0()
3307 0()
3307 0()
3307 0()
3307 0()
3261 8(3317 3318 3319 3320 3321 3322 3323 3324)
3316 0()
3316 0()
3316 0()
3316 0()
3316 0()
3316 0()
3316 0()
3316 0()
3260 0()
3260 0()
3260 0()
3260 0()
3260 0()
3260 0()
3260 0()
3333 0()
-1 8(3334 3332 3335 3336 3337 3338 3339 3340)
3333 0()
3333 0()
3333 0()
3333 0()
3333 0()
3333 0()
3333 0()
3342 0()
-1 8(3343 3344 3345 3346 3347 3341 3348 3349)
3342 0()
3342 0()
3342 0()
3342 0()
3342 0()
3342 0()
3342 0()
3351 0()
3352 8(3416 3417 3418 3419 3420 3421 3422 3350)
-1 8(3353 3351 3362 3371 3380 3389 3398 3407)
3352 8(3354 3355 3356 3357 3358 3359 3360 3361)
3353 0()
3353 0()
3353 0()
3353 0()
3353 0()
3353 0()
3353 0()
3353 0()
3352 8(3363 3364 3365 3366 3367 3368 3369 3370)
3362 0()
3362 0()
3362 0()
3362 0()
3362 0()
3362 0()
3362 0()
3362 0()
3352 8(3372 3373 3374 3375 3376 3377 3378 3379)
3371 0()
3371 0()
3371 0()
3371 0()
3371 0()
3371 0()
3371 0()
3371 0()
3352 8(3381 3382 3383 3384 3385 3386 3387 3388)
3380 0()
3380 0()
3380 0()
3380 0()
3380 0()
3380 0()
3380 0()
3380 0()
3352 8(3390 3391 3392 3393 3394 3395 3396 3397)
3389 0()
3389 0()
3389 0()
3389 0()
3389 0()
3389 0()
3389 0()
3389 0()
3352 8(3399 3400 3401 3402 3403 3404 3405 3406)
3398 0()
3398 0()
3398 0()
3398 0()
3398 0()
3398 0()
3398 0()
3398 0()
3352 8(3408 3409 3410 3411 3412 3413 3414 3415)
3407 0()
3407 0()
3407 0()
3407 0()
3407 0()
3407 0()
3407 0()
3407 0()
3351 0()
3351 0()
3351 0()
3351 0()
3351 0()
3351 0()
3351 0()
3424 0()
3425 8(3423 3489 3490 3491 3492 3493 3494 3495)
-1 8(3426 3435 3444 3453 3462 3424 3471 3480)
3425 8(3427 3428 3429 3430 3431 3432 3433 3434)
3426 0()
3426 0()
3426 0()
3426 0()
3426 0()
3426 0()
3426 0()
3426 0()
3425 8(3436 3437 3438 3439 3440 3441 3442 3443)
3435 0()
3435 0()
3435 0()
3435 0()
3435 0()
3435 0()
3435 0()
3435 0()
3425 8(3445 3446 3447 3448 3449 3450 3451 3452)
3444 0()
3444 0()
3444 0()
3444 0()
3444 0()
3444 0()
3444 0()
3444 0()
3425 8(3454 3455 3456 3457 3458 3459 3460 3461)
3453 0()
3453 0()
3453 0()
3453 0()
3453 0()
3453 0()
3453 0()
3453 0()
3425 8(3463 3464 3465 3466 3467 3468 3469 3470)
3462 0()
3462 0()
3462 0()
3462 0()
3462 0()
3462 0()
3462 0()
3462 0()
3425 8(3472 3473 3474 3475 3476 3477 3478 3479)
3471 0()
3471 0()
3471 0()
3471 0()
3471 0()
3471 0()
3471 0()
3471 0()
3425 8(3481 3482 3483 3484 3485 3486 3487 3488)
3480 0()
3480 0()
3480 0()
3480 0()
3480 0()
3480 0()
3480 0()
3480 0()
3424 0()
3424 0()
3424 0()
3424 0()
3424 0()
3424 0()
3424 0()
)

// visibleCells

4533
(
-1
-1
-1
-1
-1
-1
-1
-1
-1
-1
-1
-1
-1
-1
-1
-1
-1
-1
-1
-1
-1
-1
-1
-1
-1
-1
-1
-1
-1
-1
-1
-1
-1
-1
-1
-1
-1
-1
-1
-1
-1
-1
-1
-1
-1
-1
-1
-1
-1
-1
-1
-1
-1
-1
-1
-1
-1
-1
-1
-1
-1
-1
-1
-1
-1
-1
-1
-1
-1
-1
-1
-1
-1
-1
-1
-1
-1
-1
-1
-1
-1
-1
-1
-1
-1
-1
-1
-1
-1
-1
-1
-1
-1
-1
-1
-1
-1
-1
-1
-1
-1
-1
-1
-1
-1
-1
-1
-1
-1
-1
-1
-1
-1
-1
-1
-1
-1
-1
-1
-1
-1
-1
-1
-1
-1
-1
-1
-1
-1
-1
-1
-1
-1
-1
-1
-1
-1
-1
-1
-1
-1
-1
-1
-1
-1
-1
-1
-1
-1
-1
-1
-1
-1
-1
-1
-1
-1
-1
-1
-1
-1
-1
-1
-1
-1
-1
-1
-1
-1
-1
-1
-1
-1
-1
-1
-1
-1
-1
-1
-1
-1
-1
-1
-1
-1
-1
-1
-1
-1
-1
-1
-1
-1
-1
-1
-1
-1
-1
-1
-1
-1
-1
-1
-1
-1
-1
-1
-1
-1
-1
-1
-1
-1
-1
-1
-1
-1
-1
-1
-1
-1
-1
-1
-1
-1
-1
-1
-1
-1
-1
-1
-1
-1
-1
-1
-1
-1
-1
-1
-1
-1
-1
-1
-1
-1
-1
-1
-1
-1
-1
-1
-1
-1
-1
-1
-1
-1
-1
-1
-1
-1
-1
-1
-1
-1
-1
-1
-1
-1
-1
-1
-1
-1
-1
-1
-1
-1
-1
-1
-1
-1
-1
-1
-1
-1
-1
-1
-1
-1
-1
-1
-1
-1
-1
-1
-1
-1
-1
-1
-1
-1
-1
-1
-1
-1
-1
-1
-1
-1
-1
-1
-1
-1
-1
-1
-1
-1
-1
-1
-1
-1
-1
-1
-1
-1
-1
-1
-1
-1
-1
-1
-1
-1
-1
-1
-1
-1
-1
-1
-1
-1
-1
-1
-1
-1
-1
-1
-1
-1
-1
-1
-1
-1
-1
-1
-1
-1
-1
-1
-1
-1
-1
-1
-1
-1
-1
-1
-1
-1
-1
-1
-1
-1
-1
-1
-1
-1
-1
-1
-1
-1
-1
-1
-1
-1
-1
-1
-1
-1
-1
-1
-1
-1
-1
-1
-1
-1
-1
-1
-1
-1
-1
-1
-1
-1
-1
-1
-1
-1
-1
-1
-1
-1
-1
-1
-1
-1
-1
-1
-1
-1
-1
-1
-1
-1
-1
-1
-1
-1
-1
-1
-1
-1
-1
-1
-1
-1
-1
-1
-1
-1
-1
-1
-1
-1
-1
-1
-1
-1
-1
-1
-1
-1
-1
-1
-1
-1
-1
-1
-1
-1
-1
-1
-1
-1
-1
-1
-1
-1
-1
-1
-1
-1
-1
-1
-1
-1
-1
-1
-1
-1
-1
-1
-1
-1
-1
-1
-1
-1
-1
-1
-1
-1
-1
-1
-1
-1
-1
-1
-1
-1
-1
-1
-1
-1
-1
-1
-1
-1
-1
-1
-1
-1
-1
-1
-1
-1
-1
-1
-1
-1
-1
-1
-1
-1
-1
-1
-1
-1
-1
-1
-1
-1
-1
-1
-1
-1
-1
-1
-1
-1
-1
-1
-1
-1
-1
-1
-1
-1
-1
-1
-1
-1
-1
-1
-1
-1
-1
-1
-1
-1
-1
-1
-1
-1
-1
-1
-1
-1
-1
-1
-1
-1
-1
-1
-1
-1
-1
-1
-1
-1
-1
-1
-1
-1
-1
-1
-1
-1
-1
-1
-1
-1
-1
-1
-1
-1
-1
-1
-1
-1
-1
-1
-1
-1
-1
-1
-1
-1
-1
-1
-1
-1
-1
-1
-1
-1
-1
-1
-1
-1
-1
-1
-1
-1
-1
-1
-1
0
2
3
4
6
8
-1
-1
-1
-1
-1
-1
-1
-1
-1
-1
-1
-1
-1
-1
-1
-1
-1
-1
-1
-1
9
11
12
13
15
17
-1
-1
-1
-1
-1
-1
-1
-1
-1
-1
-1
-1
5
-1
-1
-1
-1
-1
18
20
21
22
7
27
31
33
35
-1
-1
-1
-1
-1
-1
-1
-1
-1
-1
-1
-1
-1
36
38
39
40
42
44
-1
-1
-1
-1
-1
45
47
48
49
14
16
54
58
60
62
-1
-1
-1
-1
-1
-1
-1
-1
-1
23
24
-1
-1
-1
29
32
-1
-1
-1
-1
63
65
66
67
25
26
30
72
34
76
78
80
-1
-1
-1
-1
-1
-1
81
83
84
85
87
89
-1
-1
-1
-1
-1
90
92
93
94
41
43
99
103
105
107
-1
-1
-1
-1
108
110
111
112
50
51
52
53
56
57
59
117
61
121
123
125
-1
-1
-1
-1
-1
-1
68
69
-1
-1
-1
126
128
131
132
-1
-1
-1
74
77
-1
-1
-1
135
137
138
139
70
71
129
130
134
75
144
79
148
150
152
-1
-1
-1
-1
-1
153
155
156
157
86
88
162
166
168
170
-1
-1
-1
-1
171
173
174
175
95
96
97
98
101
102
104
180
106
184
186
188
-1
-1
-1
189
191
192
193
113
114
115
116
198
200
201
202
119
204
120
214
122
215
124
219
221
223
-1
-1
-1
140
141
-1
-1
-1
224
226
229
230
-1
-1
-1
233
133
235
238
239
-1
-1
-1
146
149
-1
-1
-1
142
143
227
228
237
241
147
242
151
246
248
250
-1
-1
-1
-1
251
253
254
255
158
159
160
161
164
165
167
260
169
264
266
268
-1
-1
-1
269
271
272
273
176
177
178
179
278
280
281
282
182
292
183
302
185
303
187
307
309
311
-1
-1
-1
194
195
196
197
312
314
315
316
203
207
208
211
212
337
349
210
213
217
351
218
361
220
362
222
366
368
370
-1
-1
-1
371
373
376
377
-1
-1
-1
380
231
232
382
385
386
-1
-1
-1
236
389
240
391
394
395
-1
-1
-1
244
247
-1
-1
-1
374
375
393
397
245
398
249
402
404
406
-1
-1
-1
407
409
410
411
256
257
258
259
416
418
419
420
262
430
263
440
265
441
267
445
447
449
-1
-1
-1
274
275
276
277
450
452
453
454
285
286
289
290
295
296
299
300
491
287
291
511
298
301
305
521
306
531
308
532
310
536
538
540
-1
-1
-1
541
543
544
545
317
318
321
322
325
326
330
331
334
335
209
339
206
342
344
346
348
566
350
578
354
357
359
360
364
580
365
590
367
591
369
595
597
599
-1
-1
-1
600
378
379
602
605
606
-1
-1
-1
383
384
609
387
388
611
614
615
-1
-1
-1
392
618
396
620
623
624
-1
-1
-1
400
403
-1
-1
-1
622
626
401
627
405
631
633
635
-1
-1
-1
412
413
414
415
636
638
639
640
423
424
427
428
433
434
437
438
677
425
429
697
436
439
443
707
444
717
446
718
448
722
724
726
-1
-1
-1
727
729
730
731
457
458
461
462
466
467
470
471
475
476
479
480
484
485
488
489
284
288
294
297
495
496
499
500
504
506
508
510
768
514
516
518
520
788
524
527
529
530
534
798
535
808
537
809
539
813
815
817
-1
-1
-1
546
547
550
551
554
555
559
560
563
564
323
327
818
332
336
820
320
324
329
333
343
347
341
345
568
356
358
840
571
573
575
577
353
355
859
579
871
583
586
588
589
593
873
594
883
596
884
598
888
890
892
-1
-1
-1
603
604
893
607
608
895
898
899
-1
-1
-1
612
839
613
902
616
617
904
907
908
-1
-1
-1
621
911
625
913
916
917
-1
-1
-1
629
632
-1
-1
-1
915
919
630
920
634
924
926
928
-1
-1
-1
929
931
932
933
643
644
647
648
652
653
656
657
661
662
665
666
670
671
674
675
422
426
432
435
681
682
685
686
690
692
694
696
970
700
702
704
706
990
710
713
715
716
720
1000
721
1010
723
1011
725
1015
1017
1019
-1
-1
-1
734
735
738
739
743
744
747
748
752
753
756
757
761
762
765
766
463
456
459
460
472
465
468
469
481
474
477
478
490
483
486
487
494
497
503
505
501
498
509
507
772
773
776
777
519
513
515
517
781
783
785
787
528
523
525
526
1020
791
793
795
797
1040
801
804
806
807
811
1050
812
1060
814
1061
816
1065
1067
1069
-1
-1
-1
552
556
1070
561
565
1072
549
553
558
562
824
827
823
828
833
836
832
837
822
825
831
834
835
572
576
1111
854
856
852
858
570
574
851
853
861
585
587
1133
864
866
868
870
582
584
1152
872
1164
876
879
881
882
886
1166
887
1176
889
1177
891
1181
1183
1185
-1
-1
-1
896
1091
897
1092
1186
900
901
1188
1191
1192
-1
-1
-1
1113
843
845
847
849
905
1132
906
1195
909
910
1197
1200
1201
-1
-1
-1
914
1204
918
1206
1209
1210
-1
-1
-1
922
925
-1
-1
-1
1208
1212
923
1213
927
1217
-1
1219
1221
-1
-1
936
937
940
941
945
946
949
950
954
955
958
959
963
964
967
968
649
642
645
646
658
651
654
655
667
660
663
664
676
669
672
673
680
683
689
691
687
684
695
693
974
975
978
979
705
699
701
703
983
985
987
989
714
709
711
712
1222
993
995
997
999
1242
1003
1006
1008
1009
1013
1252
1014
1262
1016
1263
1018
1267
1269
1271
-1
-1
-1
740
733
736
737
749
742
745
746
758
751
754
755
767
760
763
764
1272
1338
1340
1341
1281
1276
1278
1279
1290
1285
1287
1288
1299
1294
1296
1297
1283
1280
1300
1298
778
771
774
775
1318
1312
1314
1316
786
780
782
784
1335
1330
1332
1333
1024
1025
1028
1029
796
790
792
794
1033
1035
1037
1039
805
800
802
803
1345
1043
1045
1047
1049
1365
1053
1056
1058
1059
1063
1375
1064
1385
1066
1386
1068
1390
1392
1394
-1
-1
-1
1076
1079
1075
1080
1085
1088
1084
1089
1074
1077
1083
1086
829
826
838
1126
1130
1125
1129
857
855
1124
1128
865
869
1395
1147
1149
1145
1151
863
867
1144
1146
1154
878
880
1417
1157
1159
1161
1163
875
877
1436
1165
1448
1169
1172
1174
1175
1179
1450
1180
1460
1182
1461
1184
1465
-1
1467
1469
-1
-1
1470
1095
1097
1099
1101
1472
1104
1106
1108
1110
1189
1491
1190
1492
1511
1193
1194
1513
1516
1517
-1
-1
-1
1116
1117
1120
1121
848
842
844
846
1397
1136
1138
1140
1142
1198
1416
1199
1520
1202
1203
1522
1525
1526
-1
-1
-1
1207
1529
1211
1531
1534
1535
-1
-1
-1
1215
-1
1218
-1
-1
1533
1537
1216
-1
-1
1220
-1
-1
942
935
938
939
951
944
947
948
960
953
956
957
969
962
965
966
1538
1604
1606
1607
1547
1542
1544
1545
1556
1551
1553
1554
1565
1560
1562
1563
1549
1546
1566
1564
980
973
976
977
1584
1578
1580
1582
988
982
984
986
1601
1596
1598
1599
1226
1227
1230
1231
998
992
994
996
1235
1237
1239
1241
1007
1002
1004
1005
1611
1245
1247
1249
1251
1631
1255
1258
1260
1261
1265
1641
1266
1651
1268
1652
1270
1656
1658
1660
-1
-1
-1
1661
1727
1729
1730
1670
1665
1667
1668
1679
1674
1676
1677
1688
1683
1685
1686
1339
1342
1343
1344
1277
1282
1286
1289
1291
1292
1295
1301
1734
1800
1803
1804
1313
1315
1317
1319
1762
1756
1758
1760
1331
1334
1336
1337
1030
1023
1026
1027
1780
1774
1776
1778
1038
1032
1034
1036
1797
1792
1794
1795
1349
1350
1353
1354
1048
1042
1044
1046
1358
1360
1362
1364
1057
1052
1054
1055
1807
1368
1370
1372
1374
1827
1378
1381
1383
1384
1388
1837
1389
1847
1391
1848
1393
1852
-1
1854
1856
-1
-1
1081
1078
1090
1087
1131
1127
1410
1414
1409
1413
1150
1148
1408
1412
1158
1162
1857
1431
1433
1429
1435
1156
1160
1428
1430
1438
1171
1173
1879
1441
1443
1445
1447
1168
1170
1898
1449
1902
1453
1456
1458
1459
1463
1904
1906
1464
-1
-1
1466
1468
-1
-1
1475
1476
1479
1480
1100
1094
1096
1098
1484
1485
1488
1489
1109
1103
1105
1107
1907
1495
1497
1499
1501
1909
1504
1506
1508
1510
1514
1928
1515
1929
1948
1518
1519
1950
1953
1954
-1
-1
-1
1122
1115
1118
1119
1308
1303
1305
1306
1400
1401
1404
1405
1141
1135
1137
1139
1859
1420
1422
1424
1426
1523
1878
1524
1957
1527
1528
1959
1962
1963
-1
-1
-1
1532
1966
1536
1968
-1
1971
1972
-1
-1
-1
-1
-1
1970
-1
-1
-1
1974
-1
-1
1975
2041
2043
2044
1984
1979
1981
1982
1993
1988
1990
1991
2002
1997
1999
2000
1605
1608
1609
1610
1543
1548
1552
1555
1557
1558
1561
1567
2048
2114
2117
2118
1579
1581
1583
1585
2076
2070
2072
2074
1597
1600
1602
1603
1232
1225
1228
1229
2094
2088
2090
2092
1240
1234
1236
1238
2111
2106
2108
2109
1615
1616
1619
1620
1250
1244
1246
1248
1624
1626
1628
1630
1259
1254
1256
1257
2121
1634
1636
1638
1640
2141
1644
1647
1649
1650
1654
2151
1655
2161
1657
2162
1659
2166
-1
2168
2170
-1
-1
1728
1731
1732
1733
1666
1669
1671
1672
1675
1678
1680
1681
1684
1687
1689
1690
1304
1309
1322
1323
1326
1327
1801
1802
1805
1806
1310
1757
1759
1761
1763
1325
1328
2171
2237
2240
2241
1775
1777
1779
1781
2199
2193
2195
2197
1793
1796
1798
1799
1355
1348
1351
1352
2217
2211
2213
2215
1363
1357
1359
1361
2234
2229
2231
2232
1811
1812
1815
1816
1373
1367
1369
1371
1820
1822
1824
1826
1382
1377
1379
1380
2244
1830
1832
1834
1836
2248
1840
1843
1845
1846
1850
2250
2252
1851
-1
-1
1853
1855
-1
-1
1415
1411
1872
1876
1871
1875
1434
1432
1870
1874
1442
1446
2253
1893
1895
1891
1897
1440
1444
1890
1892
1900
1455
1457
2275
1901
1452
1454
2294
1903
1905
2298
-1
-1
-1
2300
2302
-1
-1
1481
1474
1477
1478
1697
1692
1694
1695
1490
1483
1486
1487
1706
1701
1703
1704
1912
1913
1916
1917
1500
1494
1496
1498
1921
1922
1925
1926
1509
1503
1505
1507
2303
1932
1934
1936
1938
2305
1941
1943
1945
1947
1951
2324
1952
2325
2344
1955
1956
2346
2349
2350
-1
-1
-1
1744
1738
1740
1742
1307
1406
1399
1402
1403
1770
1765
1767
1768
1862
1863
1866
1867
1425
1419
1421
1423
2255
1882
1884
1886
1888
1960
2274
1961
2353
1964
1965
2355
-1
2358
2359
-1
-1
1969
-1
1973
-1
-1
-1
-1
-1
-1
-1
-1
-1
-1
-1
2042
2045
2046
2047
1980
1983
1985
1986
1989
1992
1994
1995
1998
2001
2003
2004
1570
1571
1574
1575
1588
1589
1592
1593
2115
2116
2119
2120
1572
1576
2071
2073
2075
2077
1591
1594
2362
2428
2431
2432
2089
2091
2093
2095
2390
2384
2386
2388
2107
2110
2112
2113
1621
1614
1617
1618
2408
2402
2404
2406
1629
1623
1625
1627
2425
2420
2422
2423
2125
2126
2129
2130
1639
1633
1635
1637
2134
2136
2138
2140
1648
1643
1645
1646
2435
2144
2146
2148
2150
2439
2154
2157
2159
2160
2164
2441
2443
2165
-1
-1
2167
2169
-1
-1
1693
1698
1702
1707
1711
1712
1715
1716
1720
1721
1724
1725
1321
1324
1739
1743
1748
1750
1752
1754
2238
2239
2242
2243
1766
1772
2194
2196
2198
2200
1784
1787
1789
1790
2444
2510
2513
2514
2212
2214
2216
2218
2472
2466
2468
2470
2230
2233
2235
2236
1817
1810
1813
1814
2490
2484
2486
2488
1825
1819
1821
1823
2507
2502
2504
2505
2246
1835
1829
1831
1833
2247
1844
1839
1841
1842
2517
2249
2251
2521
-1
-1
-1
2523
2525
-1
-1
1877
1873
2268
2272
2267
2271
1896
1894
2266
2270
2526
2289
2291
2287
2293
2530
2286
2288
2296
2532
2534
2297
-1
-1
-1
2299
2301
-1
-1
-1
2535
2601
2603
2605
1696
1699
2545
2539
2541
2543
1705
1708
1918
1911
1914
1915
2571
2566
2568
2569
1927
1920
1923
1924
2580
2575
2577
2578
2308
2309
2312
2313
1937
1931
1933
1935
2317
2318
2321
2322
1946
1940
1942
1944
2608
2328
2330
2332
2334
2610
2337
2339
2341
2343
2347
2629
2348
2630
2649
2351
2352
2651
-1
2654
2655
-1
-1
1741
1745
2181
2175
2177
2179
1769
1771
1868
1861
1864
1865
2207
2202
2204
2205
2258
2259
2262
2263
1887
1881
1883
1885
2528
2278
2280
2282
2284
2356
2531
2357
-1
2360
2361
-1
-1
-1
-1
-1
-1
-1
-1
-1
-1
-1
-1
-1
-1
-1
2007
2008
2011
2012
2016
2017
2020
2021
2025
2026
2029
2030
2034
2035
2038
2039
1569
1573
1587
1590
2053
2054
2057
2058
2062
2064
2066
2068
2429
2430
2433
2434
2080
2082
2084
2086
2385
2387
2389
2391
2098
2101
2103
2104
2658
2724
2727
2728
2403
2405
2407
2409
2686
2680
2682
2684
2421
2424
2426
2427
2131
2124
2127
2128
2704
2698
2700
2702
2139
2133
2135
2137
2721
2716
2718
2719
2437
2149
2143
2145
2147
2438
2158
2153
2155
2156
2731
2440
2442
2735
-1
-1
-1
2737
2739
-1
-1
1717
1710
1713
1714
1726
1719
1722
1723
1747
1749
1753
1751
2176
2180
2185
2187
2189
2191
1788
1783
1785
1786
2511
2512
2515
2516
2203
2209
2467
2469
2471
2473
2221
2224
2226
2227
2740
2806
2809
2810
2485
2487
2489
2491
2768
2762
2764
2766
2503
2506
2508
2509
2813
2786
2780
2782
2784
2817
2803
2798
2800
2801
2519
2819
2821
2520
-1
-1
-1
2522
2524
-1
-1
-1
2273
2269
2292
2290
2529
2822
2533
2826
-1
-1
-1
-1
2828
2830
2827
2829
-1
-1
-1
2602
2604
2606
2607
2540
2542
2544
2546
2831
2897
2899
2901
2567
2570
2572
2573
2841
2835
2837
2839
2576
2579
2581
2582
2314
2307
2310
2311
2867
2862
2864
2865
2323
2316
2319
2320
2876
2871
2873
2874
2613
2614
2617
2618
2333
2327
2329
2331
2622
2623
2626
2627
2342
2336
2338
2340
2904
2633
2635
2637
2639
2906
2642
2644
2646
2648
2652
2909
2910
2653
-1
2656
2657
-1
-1
2178
2182
2454
2448
2450
2452
2206
2208
2264
2257
2260
2261
2480
2475
2477
2478
2283
2277
2279
2281
2824
-1
-1
-1
-1
-1
-1
-1
-1
-1
-1
-1
-1
-1
-1
-1
-1
2013
2006
2009
2010
2022
2015
2018
2019
2031
2024
2027
2028
2040
2033
2036
2037
2052
2055
2061
2063
2059
2056
2067
2065
2367
2368
2371
2372
2085
2079
2081
2083
2376
2378
2380
2382
2102
2097
2099
2100
2725
2726
2729
2730
2394
2396
2398
2400
2681
2683
2685
2687
2412
2415
2417
2418
2913
2979
2982
2983
2699
2701
2703
2705
2941
2935
2937
2939
2717
2720
2722
2723
2986
2959
2953
2955
2957
2990
2976
2971
2973
2974
2733
2992
2994
2734
-1
-1
-1
2736
2738
-1
-1
-1
2553
2548
2550
2551
2562
2557
2559
2560
2563
2561
2190
2184
2186
2188
2598
2593
2595
2596
2449
2453
2458
2460
2462
2464
2225
2220
2222
2223
2807
2808
2811
2812
2476
2482
2763
2765
2767
2769
2494
2497
2499
2500
2783
2787
2815
2781
2785
2802
2805
2816
2799
2804
2995
2818
2820
2999
-1
-1
-1
-1
3001
3003
3000
3002
-1
-1
-1
2908
2912
2825
-1
-1
-1
-1
-1
3004
3012
3010
3011
-1
-1
2549
2554
2558
2898
2900
2902
2903
2585
2587
2589
2591
2836
2838
2840
2842
2594
2600
3013
3079
3081
3083
2863
2866
2868
2869
3023
3017
3019
3021
2872
2875
2877
2878
2619
2612
2615
2616
3049
3044
3046
3047
2628
2621
2624
2625
3058
3053
3055
3056
2907
2638
2632
2634
2636
2647
2641
2643
2645
3006
2911
3007
-1
-1
-1
2451
2455
2750
2744
2746
2748
2479
2481
2776
2771
2773
2774
-1
-1
-1
-1
-1
-1
-1
-1
-1
-1
-1
-1
-1
-1
-1
-1
3086
3152
3154
3155
3095
3090
3092
3093
3104
3099
3101
3102
3113
3108
3110
3111
3097
3094
3114
3112
2373
2366
2369
2370
3132
3126
3128
3130
2381
2375
2377
2379
3149
3144
3146
3147
2663
2664
2667
2668
2399
2393
2395
2397
2672
2674
2676
2678
2416
2411
2413
2414
2980
2981
2984
2985
2690
2692
2694
2696
2936
2938
2940
2942
2708
2711
2713
2714
2956
2960
2988
2954
2958
2975
2978
2989
2972
2977
3159
2991
2993
3163
-1
-1
-1
-1
3165
3167
3164
3166
-1
-1
-1
2552
2555
2564
2859
2853
2855
2857
2597
2599
2463
2457
2459
2461
2894
2889
2891
2892
2745
2749
2754
2756
2758
2760
2498
2493
2495
2496
2778
2775
3168
2772
2793
2796
2789
2792
3172
2790
2795
2997
3174
3176
2998
-1
-1
-1
-1
-1
3177
3185
3183
3184
-1
-1
3009
-1
-1
-1
-1
-1
3008
-1
-1
2845
2846
2849
2850
2590
2584
2586
2588
2854
2858
3080
3082
3084
3085
2881
2883
2885
2887
3018
3020
3022
3024
2890
2896
3186
3252
3254
3256
3045
3048
3050
3051
3196
3190
3192
3194
3054
3057
3059
3060
3170
3222
3217
3219
3220
3231
3226
3228
3229
3173
-1
-1
-1
2747
2751
2777
-1
-1
-1
-1
-1
-1
-1
-1
-1
-1
-1
-1
-1
-1
-1
-1
3153
3156
3157
3158
3091
3096
3100
3103
3105
3106
3109
3115
3259
3325
3328
3329
3127
3129
3131
3133
3287
3281
3283
3285
3145
3148
3150
3151
2669
2662
2665
2666
3305
3299
3301
3303
2677
2671
2673
2675
3322
3317
3319
3320
2918
2919
2922
2923
2695
2689
2691
2693
2927
2929
2931
2933
2712
2707
2709
2710
2947
2951
2944
2948
3332
2945
2949
2966
2969
2962
2965
3336
2963
2968
3161
3338
3340
3162
-1
-1
-1
-1
-1
3341
3349
3347
3348
-1
-1
2856
2860
3041
3035
3037
3039
2893
2895
2759
2753
2755
2757
3076
3071
3073
3074
3230
3233
3244
2791
3247
2794
3248
3251
3171
3180
3175
3182
-1
-1
-1
-1
-1
3179
3181
-1
-1
-1
-1
-1
-1
-1
-1
-1
2851
2844
2847
2848
3122
3117
3119
3120
3027
3028
3031
3032
2886
2880
2882
2884
3036
3040
3253
3255
3257
3258
3063
3065
3067
3069
3191
3193
3195
3197
3072
3078
3221
3224
3218
3223
3227
3232
-1
-1
-1
-1
-1
-1
-1
-1
-1
-1
-1
-1
-1
-1
-1
-1
-1
-1
-1
3118
3123
3136
3137
3140
3141
3326
3327
3330
3331
3124
3282
3284
3286
3288
3139
3142
3350
3416
3419
3420
3300
3302
3304
3306
3378
3372
3374
3376
3318
3321
3323
3324
2924
2917
2920
2921
3396
3390
3392
3394
2932
2926
2928
2930
3413
3408
3410
3411
3423
2946
3492
2950
3491
3495
3334
3481
2964
3484
2967
3485
3488
3335
3344
3337
3339
3346
-1
-1
-1
-1
-1
3343
3345
-1
-1
3038
3042
3214
3208
3210
3212
3075
3077
3246
3249
3239
3250
3242
3245
3235
3238
-1
-1
-1
-1
-1
-1
-1
-1
-1
-1
-1
-1
-1
-1
3269
3263
3265
3267
3121
3033
3026
3029
3030
3295
3290
3292
3293
3200
3201
3204
3205
3068
3062
3064
3066
3209
3213
3236
3240
-1
-1
-1
-1
-1
-1
-1
-1
-1
-1
-1
-1
-1
-1
-1
-1
-1
-1
-1
3135
3138
3264
3268
3273
3275
3277
3279
3417
3418
3421
3422
3291
3297
3373
3375
3377
3379
3309
3312
3314
3315
3443
3436
3439
3440
3391
3393
3395
3397
3460
3454
3456
3458
3409
3412
3414
3415
3490
3494
3466
3493
3470
3489
3463
3467
3483
3486
3476
3487
3479
3482
3472
3475
-1
-1
-1
-1
-1
-1
-1
3211
3215
3241
3237
-1
-1
-1
-1
-1
-1
-1
-1
-1
-1
-1
-1
-1
-1
3266
3270
3360
3354
3356
3358
3294
3296
3206
3199
3202
3203
3386
3381
3383
3384
-1
-1
-1
-1
-1
-1
-1
-1
-1
-1
-1
-1
-1
-1
-1
-1
-1
-1
-1
3272
3274
3278
3276
3355
3359
3364
3366
3368
3370
3313
3308
3310
3311
3437
3438
3441
3442
3382
3388
3455
3457
3459
3461
3400
3403
3405
3406
3468
3464
3465
3469
3478
3473
3474
3477
-1
-1
-1
-1
-1
-1
-1
-1
-1
-1
-1
-1
-1
-1
-1
-1
-1
-1
-1
-1
-1
3357
3361
3433
3427
3429
3431
3385
3387
-1
-1
-1
-1
-1
-1
-1
-1
-1
-1
-1
-1
-1
-1
-1
-1
-1
-1
-1
3369
3363
3365
3367
3428
3432
3446
3448
3450
3452
3404
3399
3401
3402
3434
3449
3451
-1
-1
-1
-1
-1
-1
-1
-1
-1
-1
-1
-1
-1
-1
-1
-1
-1
-1
-1
-1
-1
3430
-1
-1
-1
-1
-1
-1
-1
-1
-1
-1
-1
-1
-1
-1
-1
-1
-1
-1
-1
3445
3447
-1
-1
-1
-1
-1
-1
-1
-1
-1
-1
-1
-1
-1
-1
-1
-1
-1
-1
-1
-1
-1
-1
-1
-1
-1
-1
-1
-1
-1
-1
-1
-1
-1
-1
-1
-1
-1
-1
-1
-1
-1
-1
-1
-1
-1
-1
-1
-1
-1
-1
-1
-1
-1
-1
-1
-1
-1
-1
-1
-1
-1
-1
-1
-1
-1
-1
-1
-1
-1
-1
-1
-1
-1
-1
-1
-1
-1
-1
-1
-1
-1
-1
-1
-1
-1
-1
-1
-1
-1
-1
-1
-1
-1
-1
-1
-1
-1
-1
-1
-1
-1
-1
-1
-1
-1
-1
-1
-1
-1
-1
-1
-1
-1
-1
-1
-1
-1
-1
-1
-1
-1
-1
-1
-1
-1
-1
-1
-1
-1
-1
-1
-1
-1
-1
-1
-1
-1
-1
-1
-1
-1
-1
-1
-1
-1
-1
-1
-1
-1
-1
-1
-1
-1
-1
-1
-1
-1
-1
-1
-1
-1
-1
-1
-1
-1
-1
-1
-1
)


// ************************************************************************* //
