springID sphere1 sphere2 length
0 0 73 1.718334e-03
1 0 55 1.765184e-03
2 0 11 1.774037e-03
3 0 81 2.382548e-03
4 0 9 2.528356e-03
5 0 43 2.734966e-03
6 1 44 1.989420e-03
7 1 12 2.096749e-03
8 1 60 2.111479e-03
9 1 23 2.454628e-03
10 1 28 2.706017e-03
11 1 40 2.875338e-03
12 2 37 2.132006e-03
13 2 56 2.371304e-03
14 2 64 2.668093e-03
15 2 8 2.733565e-03
16 2 5 3.076003e-03
17 2 19 3.391886e-03
18 3 75 2.515599e-03
19 3 30 2.567853e-03
20 3 4 2.640565e-03
21 3 45 2.780683e-03
22 3 84 3.214105e-03
23 3 44 3.269765e-03
24 4 75 1.643108e-03
25 4 96 1.662306e-03
26 4 84 1.870553e-03
27 4 60 1.896246e-03
28 4 41 2.129905e-03
29 5 93 1.581294e-03
30 5 85 1.786180e-03
31 5 39 1.845395e-03
32 5 19 2.242047e-03
33 5 64 2.357928e-03
34 5 72 2.680812e-03
35 6 65 1.790548e-03
36 6 58 2.350017e-03
37 6 97 3.126749e-03
38 6 63 3.367846e-03
39 6 87 3.402056e-03
40 6 40 3.402471e-03
41 7 80 1.915213e-03
42 7 8 2.264478e-03
43 7 77 2.276944e-03
44 7 35 2.679435e-03
45 7 51 2.697711e-03
46 7 48 3.103225e-03
47 8 64 1.994397e-03
48 8 80 2.433677e-03
49 8 37 2.976034e-03
50 8 35 3.410687e-03
51 9 27 1.591069e-03
52 9 43 1.850808e-03
53 9 12 2.151929e-03
54 9 68 2.285195e-03
55 9 89 2.401286e-03
56 10 85 1.565231e-03
57 10 75 2.340036e-03
58 10 72 2.787734e-03
59 10 30 2.819141e-03
60 10 96 2.948797e-03
61 10 39 3.063288e-03
62 11 55 2.016588e-03
63 11 81 2.355158e-03
64 11 47 2.425544e-03
65 11 73 2.584449e-03
66 11 74 2.772948e-03
67 12 40 1.867677e-03
68 12 54 2.165475e-03
69 12 28 2.228833e-03
70 12 60 2.399365e-03
71 13 94 1.711895e-03
72 13 16 2.046163e-03
73 13 91 2.109093e-03
74 13 21 2.681734e-03
75 13 69 2.910110e-03
76 13 61 3.122175e-03
77 14 28 2.055360e-03
78 14 63 2.381585e-03
79 14 26 2.424920e-03
80 14 65 3.233134e-03
81 14 84 3.300784e-03
82 14 40 3.402655e-03
83 15 59 2.673635e-03
84 15 72 3.126397e-03
85 15 49 3.730936e-03
86 15 67 3.921923e-03
87 15 30 4.248271e-03
88 15 64 5.070935e-03
89 16 21 1.634861e-03
90 16 82 2.550522e-03
91 16 31 2.554785e-03
92 16 81 2.673647e-03
93 16 32 2.945188e-03
94 17 27 1.513421e-03
95 17 89 1.584695e-03
96 17 68 2.014984e-03
97 9 17 2.554318e-03
98 17 88 2.575106e-03
99 17 50 2.633886e-03
100 18 20 1.833524e-03
101 18 67 2.074218e-03
102 18 48 2.348117e-03
103 18 77 2.546089e-03
104 18 83 2.702705e-03
105 18 49 3.102650e-03
106 19 93 1.880763e-03
107 19 64 2.849179e-03
108 19 72 3.080996e-03
109 19 85 3.436546e-03
110 20 77 2.262732e-03
111 20 83 2.412437e-03
112 20 62 2.422839e-03
113 20 48 2.961569e-03
114 20 45 3.656542e-03
115 21 81 1.777310e-03
116 21 61 1.847882e-03
117 21 31 2.013860e-03
118 21 46 2.017081e-03
119 21 32 2.122451e-03
120 22 35 2.535799e-03
121 22 38 2.806894e-03
122 22 80 3.240544e-03
123 7 22 3.273809e-03
124 22 78 3.296701e-03
125 22 34 3.477779e-03
126 23 76 1.824732e-03
127 23 40 1.912619e-03
128 23 97 2.290956e-03
129 12 23 2.432150e-03
130 23 28 2.961480e-03
131 24 95 1.958921e-03
132 24 47 2.415487e-03
133 24 63 2.617676e-03
134 24 73 2.917632e-03
135 24 94 3.432077e-03
136 24 29 3.492305e-03
137 25 35 2.184820e-03
138 25 56 2.232178e-03
139 25 37 3.069553e-03
140 25 39 3.399099e-03
141 25 53 3.469403e-03
142 25 50 3.571531e-03
143 26 66 2.003924e-03
144 26 84 3.703908e-03
145 26 28 3.837594e-03
146 26 78 3.942325e-03
147 26 38 3.944642e-03
148 27 89 1.618372e-03
149 27 60 2.110795e-03
150 27 96 2.439169e-03
151 27 68 2.516689e-03
152 28 40 1.508351e-03
153 28 65 1.906523e-03
154 28 63 1.977576e-03
155 29 79 2.195722e-03
156 29 95 2.492591e-03
157 29 90 2.824289e-03
158 29 69 2.930574e-03
159 29 94 3.500479e-03
160 30 49 2.073096e-03
161 30 71 2.765704e-03
162 30 48 2.886417e-03
163 30 75 2.926741e-03
164 31 32 1.757810e-03
165 31 46 1.774801e-03
166 31 57 1.805557e-03
167 31 82 2.259914e-03
168 32 52 1.774116e-03
169 32 57 2.002683e-03
170 32 61 2.171574e-03
171 32 82 2.537872e-03
172 33 50 1.653845e-03
173 33 41 1.672287e-03
174 33 53 2.091723e-03
175 33 34 2.316679e-03
176 33 96 2.705451e-03
177 33 78 2.721299e-03
178 34 98 2.153122e-03
179 34 78 2.586752e-03
180 34 55 2.878153e-03
181 34 41 3.295657e-03
182 35 80 1.667372e-03
183 35 71 2.818861e-03
184 35 56 3.004285e-03
185 36 90 2.062570e-03
186 36 58 2.441152e-03
187 36 95 2.633931e-03
188 36 61 2.642221e-03
189 36 87 2.690850e-03
190 32 36 3.091205e-03
191 37 56 1.521207e-03
192 35 37 3.413330e-03
193 37 51 3.433817e-03
194 38 78 2.582606e-03
195 38 45 2.939399e-03
196 38 62 3.059671e-03
197 38 98 3.103164e-03
198 38 84 3.515702e-03
199 39 85 1.883001e-03
200 39 93 2.409591e-03
201 39 56 2.922339e-03
202 40 65 1.871518e-03
203 40 54 2.082009e-03
204 40 63 2.221102e-03
205 41 96 1.512639e-03
206 41 50 1.825450e-03
207 41 78 2.294442e-03
208 41 75 2.457314e-03
209 42 43 1.621093e-03
210 42 88 1.699450e-03
211 42 54 1.852440e-03
212 42 92 1.880517e-03
213 42 86 2.016975e-03
214 42 81 2.575226e-03
215 43 92 1.528154e-03
216 43 68 1.877139e-03
217 43 88 1.991315e-03
218 43 89 2.541274e-03
219 44 60 2.221058e-03
220 23 44 3.419418e-03
221 12 44 3.529255e-03
222 4 44 3.577647e-03
223 45 71 2.013083e-03
224 45 48 2.260919e-03
225 45 62 2.477781e-03
226 45 75 2.800998e-03
227 46 57 2.387119e-03
228 46 86 2.388216e-03
229 42 46 2.689173e-03
230 46 92 2.761382e-03
231 47 73 1.863268e-03
232 47 74 2.230213e-03
233 47 94 2.723819e-03
234 0 47 2.814337e-03
235 48 71 1.518688e-03
236 48 77 1.611286e-03
237 48 80 2.133879e-03
238 48 49 2.507202e-03
239 49 59 1.656536e-03
240 49 67 1.918833e-03
241 49 72 2.616884e-03
242 49 64 2.977004e-03
243 50 53 1.696483e-03
244 50 96 1.768929e-03
245 27 50 2.537781e-03
246 8 51 3.626921e-03
247 51 80 4.414087e-03
248 35 51 4.498043e-03
249 51 77 4.693260e-03
250 52 70 2.050624e-03
251 52 57 2.064920e-03
252 31 52 2.870437e-03
253 36 52 3.139744e-03
254 52 87 3.294493e-03
255 53 99 2.249559e-03
256 53 68 2.530739e-03
257 41 53 3.197667e-03
258 17 53 3.231786e-03
259 54 86 1.613329e-03
260 54 61 2.362055e-03
261 54 76 2.401823e-03
262 55 99 2.588479e-03
263 33 55 3.061575e-03
264 55 73 3.104420e-03
265 5 56 3.070325e-03
266 57 70 1.781148e-03
267 57 86 2.685992e-03
268 58 79 2.710014e-03
269 58 95 2.821258e-03
270 58 87 2.882355e-03
271 58 90 2.955860e-03
272 59 67 2.011917e-03
273 59 72 2.566595e-03
274 59 64 2.850122e-03
275 30 59 3.366402e-03
276 60 89 2.781442e-03
277 61 81 2.254218e-03
278 61 86 2.254283e-03
279 18 62 3.255490e-03
280 48 62 3.455284e-03
281 62 77 3.486976e-03
282 63 65 1.786970e-03
283 63 73 2.206196e-03
284 23 65 3.188747e-03
285 66 84 3.077938e-03
286 14 66 3.527636e-03
287 45 66 3.894845e-03
288 38 66 3.915786e-03
289 62 66 4.047099e-03
290 48 67 3.069281e-03
291 30 67 3.195952e-03
292 67 83 3.412592e-03
293 68 99 1.547078e-03
294 69 91 1.756723e-03
295 69 94 2.216367e-03
296 47 69 3.447852e-03
297 24 69 3.919143e-03
298 32 70 3.185719e-03
299 70 87 3.432710e-03
300 31 70 3.465431e-03
301 70 76 3.810842e-03
302 71 80 1.953503e-03
303 71 75 1.963423e-03
304 72 85 2.276910e-03
305 72 93 2.293468e-03
306 73 81 2.557169e-03
307 54 73 2.701256e-03
308 55 74 3.389284e-03
309 73 74 3.747793e-03
310 0 74 3.856909e-03
311 24 74 3.945147e-03
312 75 96 1.828627e-03
313 76 86 1.791976e-03
314 76 97 1.925387e-03
315 40 76 2.422475e-03
316 12 76 3.237855e-03
317 77 80 2.503647e-03
318 71 77 2.843836e-03
319 78 98 1.679008e-03
320 78 84 2.335985e-03
321 79 95 2.474155e-03
322 79 90 2.484051e-03
323 36 79 3.716082e-03
324 24 79 4.217138e-03
325 54 81 2.523903e-03
326 21 82 3.182589e-03
327 13 82 3.275653e-03
328 52 82 3.434266e-03
329 77 83 3.224080e-03
330 48 83 4.180841e-03
331 7 83 4.810547e-03
332 41 84 2.750398e-03
333 60 84 2.882266e-03
334 75 84 2.973754e-03
335 1 84 2.990497e-03
336 85 93 1.776177e-03
337 87 97 2.906771e-03
338 88 89 1.550093e-03
339 88 92 2.119031e-03
340 27 88 2.872669e-03
341 42 89 2.727542e-03
342 90 95 2.509292e-03
343 90 94 2.901420e-03
344 91 94 1.700942e-03
345 90 91 3.259164e-03
346 29 91 3.504934e-03
347 16 91 3.950665e-03
348 81 92 2.606226e-03
349 68 92 2.851230e-03
350 10 93 3.225250e-03
351 61 94 2.801137e-03
352 40 97 3.055789e-03
353 65 97 3.253822e-03
354 14 98 3.529198e-03
355 33 98 3.546878e-03
356 22 98 3.658686e-03
357 33 99 2.883202e-03
358 43 99 2.977064e-03
359 0 99 3.150101e-03
