# Probe 0 (0.01 0 1e-06)
# Probe 1 (0.01 0 0.01)
# Probe 2 (0.01 0 0.0201)
# Probe 3 (0.01 0 0.03)
# Probe 4 (0.01 0 0.04)
# Probe 5 (0.01 0 0.05)
# Probe 6 (0.01 0 0.06)
# Probe 7 (0.01 0 0.07)
# Probe 8 (0.01 0 0.08)
# Probe 9 (0.01 0 0.1)
# Probe 10 (0.01 0 0.11)
# Probe 11 (0.01 0 0.12)
# Probe 12 (0.01 0 0.13)
# Probe 13 (0.01 0 0.14)
# Probe 14 (0.01 0 0.15)
# Probe 15 (0.01 0 0.1599)
# Probe 16 (0.01 0 0.17)
# Time          0               1               2               3               4               5               6               7               8               9               10              11              12              13              14              15              16             
0.0012000048    4.7485056e-56   3.9139276e-40   1.0357346e-20   1.2644024e-20   1.2647559e-20   1.2650674e-20   1.2653427e-20   1.2655867e-20   1.265804e-20    1.2661741e-20   1.2663339e-20   1.2664811e-20   1.2653032e-20   1.2667673e-20   1.1779363e-11   0.0022457058    1.3263898e-17  
0.0026400175    4.2461969e-54   9.319624e-39    7.8701199e-21   2.3623488e-20   1.3926288e-20   1.3003668e-20   1.3564822e-20   1.3584271e-20   1.377088e-20    1.5290154e-20   1.6045665e-20   1.3465493e-20   1.3366894e-20   1.3395612e-20   9.1127933e-11   0.0048495272    3.3535678e-13  
0.0043680426    2.5291237e-52   1.3280412e-37   1.8237622e-20   3.8790981e-20   3.3445539e-20   3.1924469e-20   3.328026e-20    3.32622e-20     3.3015324e-20   3.5116141e-20   3.7315113e-20   3.2685491e-20   3.2162137e-20   3.2474137e-20   3.528459e-10    0.0078964831    8.8932562e-11  
0.0064416513    1.0878113e-50   1.4253544e-36   2.6270127e-20   5.8920691e-20   5.6618123e-20   5.4715428e-20   5.6619299e-20   5.6444299e-20   5.5840172e-20   5.7641155e-20   6.1092755e-20   5.5615395e-20   5.4552841e-20   5.5571287e-20   1.0092899e-09   0.011362703     3.0262742e-09  
0.0089299818    3.65028e-49     1.2501209e-35   3.2437386e-20   8.4460321e-20   8.4068161e-20   8.197472e-20    8.4034283e-20   8.3642352e-20   8.2962832e-20   8.4236237e-20   8.8146277e-20   8.2894657e-20   8.1288873e-20   8.5124965e-20   2.4477827e-09   0.015094969     4.0273209e-08  
0.011915949     9.9183677e-48   9.1824473e-35   3.7170733e-20   1.1568229e-19   1.1658917e-19   1.1448983e-19   1.1638858e-19   1.1585804e-19   1.1526437e-19   1.1617433e-19   1.1973207e-19   1.1535292e-19   1.1401198e-19   1.3290196e-19   5.2323878e-09   0.018855007     3.3038e-07     
0.015499109     2.1192472e-46   5.6763416e-34   4.0742164e-20   1.5266873e-19   1.5522869e-19   1.5329916e-19   1.5481094e-19   1.5433522e-19   1.5384925e-19   1.5459379e-19   1.5729387e-19   1.5404665e-19   1.528393e-19    2.5405526e-19   9.8989642e-09   0.022362675     2.0622687e-06  
0.019798963     3.6165127e-45   2.9718206e-33   4.3368129e-20   1.949109e-19    2.0125377e-19   1.9968684e-19   2.0063035e-19   2.004129e-19    2.0001632e-19   2.0063128e-19   2.0237375e-19   2.0027609e-19   1.9909412e-19   6.5783796e-19   1.6614546e-08   0.025352913     1.049535e-05   
0.024958698     4.9421442e-44   1.3233544e-32   4.5252979e-20   2.407872e-19    2.5608498e-19   2.551567e-19    2.5541934e-19   2.5555622e-19   2.5525927e-19   2.5563092e-19   2.566327e-19    2.5558312e-19   2.5431488e-19   1.9554666e-18   2.4915364e-08   0.027667483     4.4898015e-05  
0.031150254     5.4107715e-43   5.0232818e-32   4.6558064e-20   2.8727633e-19   3.2109231e-19   3.2144094e-19   3.2106176e-19   3.2148935e-19   3.2132789e-19   3.213236e-19    3.2192929e-19   3.2175444e-19   3.2039168e-19   5.4913264e-18   3.3769032e-08   0.029287098     0.0001635894   
0.03858012      4.7533288e-42   1.631418e-31    4.7433645e-20   3.3038406e-19   3.969822e-19    4.0057687e-19   3.9984255e-19   4.0037309e-19   4.0037524e-19   3.9996416e-19   4.0046121e-19   4.009153e-19    3.9940956e-19   1.3390177e-17   4.1912969e-08   0.030314351     0.00051141585  
0.047495694     3.3543204e-41   4.5503965e-31   4.8009607e-20   3.6634617e-19   4.8248831e-19   4.9468408e-19   4.9435315e-19   4.9477976e-19   4.9494463e-19   4.9423107e-19   4.9474583e-19   4.9553494e-19   4.9381443e-19   2.7699003e-17   4.8355697e-08   0.030905953     0.0013766835   
