# Probe 0 (0.01 0 1e-06)
# Probe 1 (0.01 0 0.01)
# Probe 2 (0.01 0 0.0201)
# Probe 3 (0.01 0 0.03)
# Probe 4 (0.01 0 0.04)
# Probe 5 (0.01 0 0.05)
# Probe 6 (0.01 0 0.06)
# Probe 7 (0.01 0 0.07)
# Probe 8 (0.01 0 0.08)
# Probe 9 (0.01 0 0.1)
# Probe 10 (0.01 0 0.11)
# Probe 11 (0.01 0 0.12)
# Probe 12 (0.01 0 0.13)
# Probe 13 (0.01 0 0.14)
# Probe 14 (0.01 0 0.15)
# Probe 15 (0.01 0 0.1599)
# Probe 16 (0.01 0 0.17)
# Time          0               1               2               3               4               5               6               7               8               9               10              11              12              13              14              15              16             
0.0012000048    0.767           0.767           0.767           0.767           0.767           0.767           0.767           0.767           0.767           0.767           0.767           0.767           0.767           0.767           0.767           0.76650784      0.767          
0.0026400175    0.76700001      0.76700001      0.767           0.767           0.767           0.767           0.767           0.767           0.767           0.767           0.767           0.767           0.76699999      0.767           0.767           0.76593709      0.767          
0.0043680426    0.76700002      0.76700002      0.76700001      0.76699999      0.76699999      0.76699999      0.76699999      0.76699999      0.76699999      0.76699999      0.76699999      0.767           0.76699998      0.767           0.767           0.76526914      0.767          
0.0064416513    0.76700004      0.76700005      0.76700003      0.767           0.767           0.767           0.76699999      0.76699999      0.76699999      0.76699999      0.76699999      0.76699998      0.76699996      0.76699998      0.76699998      0.76451059      0.76699994     
0.0089299818    0.76700001      0.76700002      0.76700001      0.76699998      0.76699998      0.76699998      0.76699998      0.76699998      0.76699998      0.76699998      0.76699998      0.76699998      0.76699997      0.76699998      0.76699997      0.76369247      0.76699992     
0.011915949     0.76699999      0.76699999      0.76699997      0.76699993      0.76699993      0.76699993      0.76699994      0.76699994      0.76699995      0.76699995      0.76699996      0.76699996      0.76699997      0.76699997      0.76699998      0.76286844      0.76699985     
0.015499109     0.76699999      0.767           0.76699998      0.76699995      0.76699995      0.76699995      0.76699995      0.76699995      0.76699996      0.76699996      0.76699997      0.76699997      0.76699997      0.76699997      0.76699998      0.76209934      0.76699947     
0.019798963     0.76699982      0.76700012      0.76700078      0.76700002      0.76700001      0.76700001      0.76700001      0.76700001      0.76700001      0.76700003      0.76700005      0.76700007      0.76700031      0.76700024      0.76700028      0.7614536       0.76699763     
0.024958698     0.76699961      0.76699955      0.76700013      0.76700006      0.76700001      0.76700002      0.76700002      0.76700002      0.76700002      0.76700005      0.76700007      0.76700009      0.76700051      0.76700036      0.76700034      0.7609445       0.76698952     
0.031150254     0.76699977      0.76699953      0.7669998       0.76700013      0.76700001      0.76700002      0.76700002      0.76700002      0.76700002      0.76700005      0.76700007      0.76700009      0.76700034      0.76700045      0.76700039      0.76058813      0.76696344     
0.03858012      0.76699984      0.76699949      0.76699965      0.76700019      0.76700002      0.76700002      0.76700002      0.76700002      0.76700002      0.76700004      0.76700007      0.76700009      0.76700025      0.76700055      0.76700044      0.7603613       0.7668872      
0.047495694     0.76699997      0.76699956      0.76699956      0.76700016      0.76700003      0.76700002      0.76700002      0.76700002      0.76700002      0.76700004      0.76700007      0.7670001       0.7670002       0.76700065      0.76700047      0.76022975      0.76669723     
