# Probe 0 (0.01 0 1e-06)
# Probe 1 (0.01 0 0.01)
# Probe 2 (0.01 0 0.0201)
# Probe 3 (0.01 0 0.03)
# Probe 4 (0.01 0 0.04)
# Probe 5 (0.01 0 0.05)
# Probe 6 (0.01 0 0.06)
# Probe 7 (0.01 0 0.07)
# Probe 8 (0.01 0 0.08)
# Probe 9 (0.01 0 0.1)
# Probe 10 (0.01 0 0.11)
# Probe 11 (0.01 0 0.12)
# Probe 12 (0.01 0 0.13)
# Probe 13 (0.01 0 0.14)
# Probe 14 (0.01 0 0.15)
# Probe 15 (0.01 0 0.1599)
# Probe 16 (0.01 0 0.17)
# Time          0               1               2               3               4               5               6               7               8               9               10              11              12              13              14              15              16             
0.0012000048    0.233           0.233           0.233           0.233           0.233           0.233           0.233           0.233           0.233           0.233           0.233           0.233           0.233           0.233           0.233           0.23124645      0.233          
0.0026400175    0.23299999      0.23299999      0.233           0.233           0.233           0.233           0.233           0.233           0.233           0.233           0.233           0.233           0.23300001      0.233           0.233           0.22921338      0.233          
0.0043680426    0.23299998      0.23299998      0.23299999      0.23300001      0.23300001      0.23300001      0.23300001      0.23300001      0.23300001      0.23300001      0.23300001      0.233           0.23300002      0.233           0.233           0.22683437      0.233          
0.0064416513    0.23299996      0.23299995      0.23299997      0.233           0.233           0.233           0.23300001      0.23300001      0.23300001      0.23300001      0.23300001      0.23300002      0.23300004      0.23300002      0.23300002      0.22412671      0.23300006     
0.0089299818    0.23299999      0.23299998      0.23299999      0.23300002      0.23300002      0.23300002      0.23300002      0.23300002      0.23300002      0.23300002      0.23300002      0.23300002      0.23300003      0.23300002      0.23300002      0.22121257      0.23300004     
0.011915949     0.23300001      0.23300001      0.23300003      0.23300007      0.23300007      0.23300007      0.23300006      0.23300006      0.23300005      0.23300005      0.23300004      0.23300004      0.23300003      0.23300003      0.23300002      0.21827655      0.23299982     
0.015499109     0.23300001      0.233           0.23300002      0.23300005      0.23300005      0.23300005      0.23300005      0.23300005      0.23300004      0.23300004      0.23300003      0.23300003      0.23300003      0.23300003      0.23300001      0.21553798      0.23299847     
0.019798963     0.23300018      0.23299988      0.23299922      0.23299998      0.23299999      0.23299999      0.23299999      0.23299999      0.23299999      0.23299997      0.23299995      0.23299993      0.23299969      0.23299976      0.23299971      0.21319349      0.23299188     
0.024958698     0.23300039      0.23300045      0.23299987      0.23299994      0.23299999      0.23299998      0.23299998      0.23299998      0.23299998      0.23299995      0.23299993      0.23299991      0.23299949      0.23299964      0.23299964      0.21138801      0.23296558     
0.031150254     0.23300023      0.23300047      0.2330002       0.23299987      0.23299999      0.23299998      0.23299998      0.23299998      0.23299998      0.23299995      0.23299993      0.23299991      0.23299966      0.23299955      0.23299957      0.21012477      0.23287297     
0.03858012      0.23300016      0.23300051      0.23300035      0.23299981      0.23299998      0.23299998      0.23299998      0.23299998      0.23299998      0.23299996      0.23299993      0.23299991      0.23299975      0.23299945      0.23299952      0.20932435      0.23260139     
0.047495694     0.23300003      0.23300044      0.23300044      0.23299984      0.23299997      0.23299998      0.23299998      0.23299998      0.23299998      0.23299996      0.23299993      0.2329999       0.2329998       0.23299935      0.23299948      0.2088643       0.23192608     
