# Probe 0 (0.01 0 1e-06)
# Probe 1 (0.01 0 0.01)
# Probe 2 (0.01 0 0.0201)
# Probe 3 (0.01 0 0.03)
# Probe 4 (0.01 0 0.04)
# Probe 5 (0.01 0 0.05)
# Probe 6 (0.01 0 0.06)
# Probe 7 (0.01 0 0.07)
# Probe 8 (0.01 0 0.08)
# Probe 9 (0.01 0 0.1)
# Probe 10 (0.01 0 0.11)
# Probe 11 (0.01 0 0.12)
# Probe 12 (0.01 0 0.13)
# Probe 13 (0.01 0 0.14)
# Probe 14 (0.01 0 0.15)
# Probe 15 (0.01 0 0.1599)
# Probe 16 (0.01 0 0.17)
# Time          0               1               2               3               4               5               6               7               8               9               10              11              12              13              14              15              16             
0.0012000048    100185.1        100184.3        100183.43       100167.99       100152          100136.65       100121.96       100107.92       100094.5        100069.38       100057.57       100046.17       100035.11       100024.32       100013.72       100002.91       100002.59      
0.0026400175    100262.84       100262.79       100262.63       100245.34       100226.58       100207.83       100189.1        100170.41       100151.76       100114.62       100096.13       100077.69       100059.31       100040.97       100022.66       100003.43       100003.06      
0.0043680426    100280.46       100280.44       100280.37       100262.59       100243.17       100223.63       100203.97       100184.21       100164.35       100124.37       100104.28       100084.12       100063.91       100043.67       100023.4        100001.69       100001.5       
0.0064416513    100272.9        100272.89       100272.86       100255.32       100236.2        100217          100197.72       100178.38       100158.97       100119.99       100100.43       100080.83       100061.19       100041.54       100021.86       100000.44       100000.38      
0.0089299818    100263.8        100263.8        100263.78       100246.57       100227.85       100209.11       100190.35       100171.58       100152.79       100115.16       100096.33       100077.48       100058.63       100039.76       100020.88       100000.01       99999.992      
0.011915949     100260          100260          100259.99       100242.94       100224.42       100205.9        100187.38       100168.86       100150.34       100113.31       100094.79       100076.27       100057.76       100039.24       100020.73       99999.98        99999.966      
0.015499109     100259.75       100259.75       100259.73       100242.71       100224.2        100205.71       100187.22       100168.74       100150.26       100113.31       100094.84       100076.37       100057.9        100039.43       100020.96       100000.01       99999.989      
0.019798963     100260.21       100260.21       100260.2        100243.16       100224.64       100206.13       100187.62       100169.12       100150.62       100113.63       100095.15       100076.67       100058.19       100039.73       100021.26       100000.03       100000.01      
0.024958698     100260.76       100260.76       100260.75       100243.7        100225.16       100206.63       100188.1        100169.58       100151.05       100114.01       100095.49       100076.97       100058.45       100039.94       100021.42       100000.02       100000         
0.031150254     100260.87       100260.87       100260.86       100243.81       100225.27       100206.74       100188.2        100169.67       100151.14       100114.09       100095.57       100077.05       100058.54       100040.03       100021.52       100000.03       100000.01      
0.03858012      100260.93       100260.93       100260.92       100243.87       100225.34       100206.8        100188.27       100169.74       100151.22       100114.17       100095.66       100077.14       100058.63       100040.12       100021.6        100000.03       100000.01      
0.047495694     100260.94       100260.94       100260.93       100243.89       100225.36       100206.83       100188.31       100169.78       100151.26       100114.22       100095.7        100077.19       100058.67       100040.16       100021.64       100000.02       100000.01      
