# Probe 0 (0.01 0 1e-06)
# Probe 1 (0.01 0 0.01)
# Probe 2 (0.01 0 0.0201)
# Probe 3 (0.01 0 0.03)
# Probe 4 (0.01 0 0.04)
# Probe 5 (0.01 0 0.05)
# Probe 6 (0.01 0 0.06)
# Probe 7 (0.01 0 0.07)
# Probe 8 (0.01 0 0.08)
# Probe 9 (0.01 0 0.1)
# Probe 10 (0.01 0 0.11)
# Probe 11 (0.01 0 0.12)
# Probe 12 (0.01 0 0.13)
# Probe 13 (0.01 0 0.14)
# Probe 14 (0.01 0 0.15)
# Probe 15 (0.01 0 0.1599)
# Probe 16 (0.01 0 0.17)
# Time          0               1               2               3               4               5               6               7               8               9               10              11              12              13              14              15              16             
0.0012000048    1               1               0.4             0.4             0.4             0.4             0.4             0.4             0.4             0.4             0.4             0.4             0.4             0.4             0.4             0.40000046      1              
0.0026400175    1               1               0.4             0.4             0.4             0.4             0.4             0.4             0.4             0.4             0.4             0.4             0.4             0.4             0.4             0.400001        1              
0.0043680426    1               1               0.4             0.4             0.4             0.4             0.4             0.4             0.4             0.4             0.4             0.4             0.4             0.4             0.4             0.40000162      1              
0.0064416513    1               1               0.4             0.4             0.4             0.4             0.4             0.4             0.4             0.4             0.4             0.4             0.4             0.4             0.4             0.40000236      1              
0.0089299818    1               1               0.4             0.4             0.4             0.4             0.4             0.4             0.4             0.4             0.4             0.4             0.4             0.4             0.4             0.40000321      1              
0.011915949     1               1               0.4             0.4             0.4             0.4             0.4             0.4             0.4             0.4             0.4             0.4             0.4             0.4             0.4             0.40000419      1              
0.015499109     1               1               0.4             0.4             0.4             0.4             0.4             0.4             0.4             0.4             0.4             0.4             0.4             0.4             0.4             0.40000533      1              
0.019798963     1               1               0.4             0.4             0.4             0.4             0.4             0.4             0.4             0.4             0.4             0.4             0.4             0.4             0.4             0.40000666      1              
0.024958698     1               1               0.4             0.4             0.4             0.4             0.4             0.4             0.4             0.4             0.4             0.4             0.4             0.4             0.4             0.4000082       1              
0.031150254     1               1               0.4             0.4             0.4             0.4             0.4             0.4             0.4             0.4             0.4             0.4             0.4             0.4             0.4             0.40001         1              
0.03858012      1               1               0.4             0.4             0.4             0.4             0.4             0.4             0.4             0.4             0.4             0.4             0.4             0.4             0.4             0.40001213      1              
0.047495694     1               1               0.4             0.4             0.4             0.4             0.4             0.4             0.4             0.4             0.4             0.4             0.4             0.4             0.4             0.40001466      1              
