# Probe 0 (0.01 0 1e-06)
# Probe 1 (0.01 0 0.01)
# Probe 2 (0.01 0 0.0201)
# Probe 3 (0.01 0 0.03)
# Probe 4 (0.01 0 0.04)
# Probe 5 (0.01 0 0.05)
# Probe 6 (0.01 0 0.06)
# Probe 7 (0.01 0 0.07)
# Probe 8 (0.01 0 0.08)
# Probe 9 (0.01 0 0.1)
# Probe 10 (0.01 0 0.11)
# Probe 11 (0.01 0 0.12)
# Probe 12 (0.01 0 0.13)
# Probe 13 (0.01 0 0.14)
# Probe 14 (0.01 0 0.15)
# Probe 15 (0.01 0 0.1599)
# Probe 16 (0.01 0 0.17)
# Time          0               1               2               3               4               5               6               7               8               9               10              11              12              13              14              15              16             
0.0012000048    0               0               663             663             663             663             663             663             663             663             663             663             663             663             663             662.99999       0              
0.0026400175    0               0               663             663             663             663             663             663             663             663             663             663             663             663             663             662.99998       0              
0.0043680426    0               0               663             663             663             663             663             663             663             663             663             663             663             663             663             662.99996       0              
0.0064416513    0               0               663             663             663             663             663             663             663             663             663             663             663             663             663             662.99995       0              
0.0089299818    0               0               663             663             663             663             663             663             663             663             663             663             663             663             663             662.99993       0              
0.011915949     0               0               663             663             663             663             663             663             663             663             663             663             663             663             663             662.99991       0              
0.015499109     0               0               663             663             663             663             663             663             663             663             663             663             663             663             663             662.99988       0              
0.019798963     0               0               663             663             663             663             663             663             663             663             663             663             663             663             663             662.99985       0              
0.024958698     0               0               663             663             663             663             663             663             663             663             663             663             663             663             663             662.99982       0              
0.031150254     0               0               663             663             663             663             663             663             663             663             663             663             663             663             663             662.99977       0              
0.03858012      0               0               663             663             663             663             663             663             663             663             663             663             663             663             663             662.99973       0              
0.047495694     0               0               663             663             663             663             663             663             663             663             663             663             663             663             663             662.99967       0              
