# Probe 0 (0.01 0 1e-06)
# Probe 1 (0.01 0 0.01)
# Probe 2 (0.01 0 0.0201)
# Probe 3 (0.01 0 0.03)
# Probe 4 (0.01 0 0.04)
# Probe 5 (0.01 0 0.05)
# Probe 6 (0.01 0 0.06)
# Probe 7 (0.01 0 0.07)
# Probe 8 (0.01 0 0.08)
# Probe 9 (0.01 0 0.1)
# Probe 10 (0.01 0 0.11)
# Probe 11 (0.01 0 0.12)
# Probe 12 (0.01 0 0.13)
# Probe 13 (0.01 0 0.14)
# Probe 14 (0.01 0 0.15)
# Probe 15 (0.01 0 0.1599)
# Probe 16 (0.01 0 0.17)
# Time          0               1               2               3               4               5               6               7               8               9               10              11              12              13              14              15              16             
0.0012000048    0               0               4.8850037e-18   4.8850037e-18   4.8850037e-18   4.8850037e-18   4.8850037e-18   4.8850037e-18   4.8850037e-18   4.8850037e-18   4.8850037e-18   4.8850037e-18   4.8850037e-18   4.8850037e-18   4.8850037e-18   0.25800596      0              
0.0026400175    0               0               0               4.8850037e-18   0               0               0               0               0               0               0               0               0               0               0               0.25246794      0              
0.0043680426    0               0               4.885006e-18    4.8850061e-18   4.8850058e-18   4.8850055e-18   4.8850052e-18   4.885005e-18    4.8850048e-18   4.8850044e-18   4.8850043e-18   4.8850042e-18   4.8850042e-18   4.8850039e-18   4.8850038e-18   0.24623626      0              
0.0064416513    0               0               4.8850096e-18   4.8850106e-18   4.8850098e-18   4.8850091e-18   4.8850084e-18   4.8850078e-18   4.8850073e-18   4.8850063e-18   4.8850058e-18   4.8850054e-18   4.8850053e-18   4.8850046e-18   4.8850042e-18   0.23915822      0              
0.0089299818    0               0               4.8850134e-18   4.885016e-18    4.8850147e-18   4.8850135e-18   4.8850124e-18   4.8850114e-18   4.8850105e-18   4.8850087e-18   4.8850079e-18   4.8850072e-18   4.8850068e-18   4.8850057e-18   4.885005e-18    0.23136542      0              
0.011915949     0               0               4.8850182e-18   4.8850232e-18   4.8850212e-18   4.8850194e-18   4.8850177e-18   4.8850161e-18   4.8850146e-18   4.8850118e-18   4.8850105e-18   4.8850092e-18   4.8850082e-18   4.8850068e-18   4.8850055e-18   0.22326239      0              
0.015499109     0               0               4.8850239e-18   4.885032e-18    4.8850292e-18   4.8850266e-18   4.8850242e-18   4.8850219e-18   4.8850197e-18   4.8850155e-18   4.8850136e-18   4.8850116e-18   4.8850098e-18   4.8850079e-18   4.885006e-18    0.21535324      0              
0.019798963     0               0               4.8850285e-18   4.8850406e-18   4.8850371e-18   4.8850337e-18   4.8850305e-18   4.8850274e-18   4.8850246e-18   4.8850192e-18   4.8850166e-18   4.8850141e-18   4.8850116e-18   4.8850093e-18   4.8850066e-18   0.20815391      0              
0.024958698     0               0               4.8850174e-18   4.8850496e-18   4.8850453e-18   4.8850409e-18   4.8850369e-18   4.885033e-18    4.8850294e-18   4.8850221e-18   4.8850185e-18   4.8850149e-18   4.8850069e-18   4.8850052e-18   4.8850011e-18   0.20206807      0              
0.031150254     0               0               4.8850374e-18   4.8850606e-18   4.8850565e-18   4.8850509e-18   4.8850458e-18   4.885041e-18    4.8850363e-18   4.8850271e-18   4.8850226e-18   4.8850181e-18   4.8850054e-18   4.8850046e-18   4.8850009e-18   0.19732172      0              
0.03858012      0               0               4.8850519e-18   4.8850723e-18   4.8850697e-18   4.8850628e-18   4.8850564e-18   4.8850504e-18   4.8850446e-18   4.8850334e-18   4.8850278e-18   4.8850223e-18   4.8850124e-18   4.8850053e-18   4.8850009e-18   0.19389282      0              
0.047495694     0               0               4.8850639e-18   4.8850852e-18   4.8850847e-18   4.8850765e-18   4.8850687e-18   4.8850613e-18   4.8850543e-18   4.8850407e-18   4.885034e-18    4.8850273e-18   4.8850181e-18   4.885006e-18    4.8850016e-18   0.19159424      0              
