# Probe 0 (0.01 0 1e-06)
# Probe 1 (0.01 0 0.01)
# Probe 2 (0.01 0 0.0201)
# Probe 3 (0.01 0 0.03)
# Probe 4 (0.01 0 0.04)
# Probe 5 (0.01 0 0.05)
# Probe 6 (0.01 0 0.06)
# Probe 7 (0.01 0 0.07)
# Probe 8 (0.01 0 0.08)
# Probe 9 (0.01 0 0.1)
# Probe 10 (0.01 0 0.11)
# Probe 11 (0.01 0 0.12)
# Probe 12 (0.01 0 0.13)
# Probe 13 (0.01 0 0.14)
# Probe 14 (0.01 0 0.15)
# Probe 15 (0.01 0 0.1599)
# Probe 16 (0.01 0 0.17)
# Time          0               1               2               3               4               5               6               7               8               9               10              11              12              13              14              15              16             
0.0012000048    300.17812       300.20801       300.45409       300.45077       300.38959       300.33576       300.28825       300.24617       300.20872       300.14498       300.11749       300.09221       300.06866       300.04641       300.02502       304.68129       300.00131      
0.0026400175    300.23374       300.31149       300.60319       300.69153       300.61943       300.5528        300.4908        300.43271       300.37791       300.27614       300.22827       300.1819        300.13673       300.09228       300.04839       310.10099       300.00091      
0.0043680426    300.21834       300.34755       300.58441       300.76901       300.69412       300.62406       300.55801       300.49524       300.43517       300.32113       300.26635       300.21264       300.15979       300.10726       300.0551        316.48294       299.99914      
0.0064416513    300.17229       300.34825       300.50546       300.76116       300.68732       300.61805       300.55273       300.49067       300.43126       300.31844       300.26425       300.2111        300.15879       300.10682       300.05523       323.81995       299.99803      
0.0089299818    300.12556       300.34026       300.43444       300.73127       300.66047       300.59326       300.5301        300.47027       300.41318       300.30524       300.25359       300.20305       300.1534        300.10418       300.05538       331.83287       299.99776      
0.011915949     300.0896        300.3355        300.39056       300.70514       300.63965       300.57429       300.513         300.45509       300.39996       300.29606       300.24649       300.19807       300.15055       300.1036        300.05712       340.07907       299.99857      
0.015499109     300.06364       300.33437       300.36666       300.68059       300.62568       300.56188       300.50211       300.4457        300.39206       300.29116       300.24312       300.19624       300.15024       300.10489       300.06005       348.01554       300.00327      
0.019798963     300.04458       300.33464       300.35233       300.64714       300.61236       300.55034       300.49213       300.43724       300.38508       300.28707       300.24046       300.19501       300.15047       300.1066        300.06333       355.11655       300.02595      
0.024958698     300.03001       300.33358       300.34239       300.59834       300.59609       300.53675       300.48037       300.42724       300.3768        300.28213       300.23713       300.19328       300.15035       300.10806       300.06649       361.00738       300.1147       
0.031150254     300.01943       300.33041       300.33505       300.53401       300.57413       300.51976       300.46557       300.41452       300.3661        300.27536       300.23231       300.1904        300.1494        300.10911       300.06967       365.53225       300.41194      
0.03858012      300.01218       300.32329       300.33033       300.46156       300.54423       300.49973       300.4483        300.39963       300.35353       300.26732       300.22648       300.18677       300.14797       300.10988       300.07277       368.75522       301.25864      
0.047495694     300.00718       300.30847       300.32709       300.39169       300.50306       300.47595       300.42845       300.38249       300.33898       300.25778       300.21941       300.18213       300.14574       300.11006       300.07551       370.87974       303.30934      
