# Probe 0 (0.01 0 1e-06)
# Probe 1 (0.01 0 0.01)
# Probe 2 (0.01 0 0.0201)
# Probe 3 (0.01 0 0.03)
# Probe 4 (0.01 0 0.04)
# Probe 5 (0.01 0 0.05)
# Probe 6 (0.01 0 0.06)
# Probe 7 (0.01 0 0.07)
# Probe 8 (0.01 0 0.08)
# Probe 9 (0.01 0 0.1)
# Probe 10 (0.01 0 0.11)
# Probe 11 (0.01 0 0.12)
# Probe 12 (0.01 0 0.13)
# Probe 13 (0.01 0 0.14)
# Probe 14 (0.01 0 0.15)
# Probe 15 (0.01 0 0.1599)
# Probe 16 (0.01 0 0.17)
# Time          0               1               2               3               4               5               6               7               8               9               10              11              12              13              14              15              16             
0.0012000048    300             300             300             300             300             300             300             300             300             300             300             300             300             300             300             800.00566       300            
0.0026400175    300             300             300             300             300             300             300             300             300             300             300             300             300             300             300             800.01228       300            
0.0043680426    300             300             300.00001       300.00001       300.00001       300             300             300             300             300             300             300             300             300             300             800.01998       300            
0.0064416513    300             300             300.00001       300.00001       300.00001       300.00001       300.00001       300.00001       300.00001       300             300             300             300             300             300             800.02891       300            
0.0089299818    300             300             300.00001       300.00002       300.00002       300.00001       300.00001       300.00001       300.00001       300.00001       300.00001       300             300             300             300             800.03921       300            
0.011915949     300             300             300.00002       300.00003       300.00002       300.00002       300.00002       300.00002       300.00001       300.00001       300.00001       300.00001       300.00001       300             300             800.05105       300            
0.015499109     300             300             300.00002       300.00003       300.00003       300.00003       300.00002       300.00002       300.00002       300.00001       300.00001       300.00001       300.00001       300             300             800.06466       300            
0.019798963     300             300             300.00003       300.00004       300.00004       300.00004       300.00003       300.00003       300.00002       300.00002       300.00001       300.00001       300.00001       300.00001       300             800.08034       300            
0.024958698     300             300             300.00003       300.00005       300.00005       300.00004       300.00004       300.00004       300.00003       300.00002       300.00002       300.00002       300.00001       300.00001       300             800.0985        300            
0.031150254     300             300             300.00004       300.00007       300.00006       300.00006       300.00005       300.00004       300.00004       300.00003       300.00002       300.00002       300.00001       300.00001       300.00001       800.11969       300            
0.03858012      300             300             300.00005       300.00008       300.00008       300.00007       300.00006       300.00005       300.00005       300.00004       300.00003       300.00002       300.00002       300.00001       300.00001       800.14461       300            
0.047495694     300             300             300.00006       300.00009       300.00009       300.00008       300.00007       300.00007       300.00006       300.00004       300.00004       300.00003       300.00002       300.00002       300.00001       800.1741        300            
