# Probe 0 (0.01 0 1e-06)
# Probe 1 (0.01 0 0.01)
# Probe 2 (0.01 0 0.0201)
# Probe 3 (0.01 0 0.03)
# Probe 4 (0.01 0 0.04)
# Probe 5 (0.01 0 0.05)
# Probe 6 (0.01 0 0.06)
# Probe 7 (0.01 0 0.07)
# Probe 8 (0.01 0 0.08)
# Probe 9 (0.01 0 0.1)
# Probe 10 (0.01 0 0.11)
# Probe 11 (0.01 0 0.12)
# Probe 12 (0.01 0 0.13)
# Probe 13 (0.01 0 0.14)
# Probe 14 (0.01 0 0.15)
# Probe 15 (0.01 0 0.1599)
# Probe 16 (0.01 0 0.17)
# Time          0               1               2               3               4               5               6               7               8               9               10              11              12              13              14              15              16             
0.0012000048    0               0               1.4736118e-23   1.4736118e-23   1.4736118e-23   1.4736118e-23   1.4736118e-23   1.4736118e-23   1.4736118e-23   1.4736118e-23   1.4736118e-23   1.4736118e-23   1.4736118e-23   1.4736118e-23   1.4736118e-23   7.7830223e-07   0              
0.0026400175    0               0               1.4736118e-23   3.2419545e-23   1.4736118e-23   1.4736118e-23   1.4736118e-23   1.4736118e-23   1.4736118e-23   1.4736118e-23   1.4736118e-23   1.4736118e-23   1.4736118e-23   1.4736118e-23   1.4736118e-23   1.6922236e-06   0              
0.0043680426    0               0               3.5956363e-23   5.363979e-23    3.5956362e-23   3.5956361e-23   3.5956359e-23   3.5956358e-23   3.5956358e-23   3.5956356e-23   3.5956356e-23   3.5956355e-23   3.5956355e-23   3.5956354e-23   3.5956353e-23   2.7618675e-06   0              
0.0064416513    0               0               6.1420411e-23   7.9103843e-23   6.1420411e-23   6.1420406e-23   6.1420401e-23   6.1420397e-23   6.1420394e-23   6.1420387e-23   6.1420384e-23   6.1420381e-23   6.1420381e-23   6.1420376e-23   6.1420373e-23   4.008534e-06    0              
0.0089299818    0               0               9.1977293e-23   1.0966074e-22   9.1977301e-23   9.1977288e-23   9.1977277e-23   9.1977266e-23   9.1977257e-23   9.1977239e-23   9.1977231e-23   9.1977224e-23   9.1977222e-23   9.197721e-23    9.1977202e-23   5.4557916e-06   0              
0.011915949     0               0               1.2864522e-22   1.4632871e-22   1.2864525e-22   1.2864523e-22   1.286452e-22    1.2864518e-22   1.2864516e-22   1.2864512e-22   1.286451e-22    1.2864508e-22   1.2864508e-22   1.2864505e-22   1.2864504e-22   7.131665e-06    0              
0.015499109     0               0               1.7264679e-22   1.9033035e-22   1.7264687e-22   1.7264682e-22   1.7264677e-22   1.7264673e-22   1.7264669e-22   1.7264661e-22   1.7264658e-22   1.7264654e-22   1.7264651e-22   1.7264647e-22   1.7264644e-22   9.0714781e-06   0              
0.019798963     0               0               2.2544947e-22   2.4313316e-22   2.2544965e-22   2.2544956e-22   2.2544948e-22   2.254494e-22    2.2544933e-22   2.254492e-22    2.2544913e-22   2.2544907e-22   2.2544902e-22   2.2544895e-22   2.2544889e-22   1.1321477e-05   0              
0.024958698     0               0               2.8881146e-22   3.0649557e-22   2.88812e-22     2.8881185e-22   2.8881172e-22   2.8881159e-22   2.8881147e-22   2.8881125e-22   2.8881114e-22   2.8881103e-22   2.8881087e-22   2.8881078e-22   2.8881067e-22   1.3942503e-05   0              
0.031150254     0               0               3.6484459e-22   3.8252906e-22   3.6484542e-22   3.6484519e-22   3.6484498e-22   3.6484478e-22   3.6484459e-22   3.6484421e-22   3.6484403e-22   3.6484386e-22   3.648435e-22    3.648434e-22    3.6484323e-22   1.7013811e-05   0              
0.03858012      0               0               4.5608462e-22   4.7376947e-22   4.5608578e-22   4.5608542e-22   4.5608509e-22   4.5608477e-22   4.5608447e-22   4.5608389e-22   4.5608361e-22   4.5608333e-22   4.5608279e-22   4.5608256e-22   4.560823e-22    2.0635359e-05   0              
0.047495694     0               0               5.6556966e-22   5.8325499e-22   5.6557129e-22   5.6557075e-22   5.6557024e-22   5.6556976e-22   5.655693e-22    5.6556842e-22   5.6556798e-22   5.6556755e-22   5.6556681e-22   5.655663e-22    5.6556595e-22   2.4929604e-05   0              
