/*--------------------------------*- C++ -*----------------------------------*\
| =========                 |                                                 |
| \\      /  F ield         | OpenFOAM: The Open Source CFD Toolbox           |
|  \\    /   O peration     | Version:  2406                                  |
|   \\  /    A nd           | Website:  www.openfoam.com                      |
|    \\/     M anipulation  |                                                 |
\*---------------------------------------------------------------------------*/
FoamFile
{
    version     2.0;
    format      ascii;
    arch        "LSB;label=32;scalar=64";
    note        "nPoints:5772  nCells:4533  nFaces:14748  nInternalFaces:13242";
    class       labelList;
    location    "constant/polyMesh";
    object      neighbour;
}
// * * * * * * * * * * * * * * * * * * * * * * * * * * * * * * * * * * * * * //


13242
(
2
3
4
5
6
7
8
9
10
9
11
12
10
12
13
15
16
17
16
18
19
17
19
20
21
22
23
22
24
25
23
25
26
24
27
28
25
28
29
26
29
30
31
32
33
34
35
36
35
37
38
36
38
39
21
37
40
38
40
41
39
41
42
43
44
43
45
46
44
46
47
45
48
49
46
49
50
47
50
51
48
52
53
49
53
54
50
54
55
51
55
56
57
58
59
52
58
60
59
60
61
62
63
64
63
65
66
64
66
67
43
65
68
66
68
69
67
69
70
44
68
71
69
71
72
70
72
73
74
75
75
76
74
77
78
75
78
79
76
79
80
77
81
82
78
82
83
79
83
84
80
84
85
81
86
82
86
87
83
87
88
84
88
89
85
89
90
62
91
92
81
91
93
92
93
94
86
93
95
94
95
96
97
98
97
99
100
98
100
101
74
99
102
100
102
103
101
103
104
75
102
105
103
105
106
104
106
107
76
105
108
106
108
109
107
109
110
111
112
112
113
113
114
111
115
116
112
116
117
113
117
118
114
118
119
115
120
116
120
121
117
121
122
118
122
123
119
123
124
120
125
121
125
126
122
126
127
123
127
128
124
128
129
97
115
130
98
130
131
120
130
132
131
132
133
125
132
134
133
134
135
136
137
137
138
111
136
139
137
139
140
138
140
141
112
139
142
140
142
143
141
143
144
113
142
145
143
145
146
144
146
147
114
145
148
146
148
149
147
149
150
136
151
151
152
152
153
153
154
136
155
151
155
156
152
156
157
153
157
158
154
158
159
155
160
156
160
161
157
161
162
158
162
163
159
163
164
160
165
161
165
166
162
166
167
163
167
168
164
168
169
137
155
170
138
170
171
160
170
172
171
172
173
165
172
174
173
174
175
176
176
177
177
178
151
176
179
177
179
180
178
180
181
152
179
182
180
182
183
181
183
184
153
182
185
183
185
186
184
186
187
154
185
188
186
188
189
187
189
190
176
191
191
192
192
193
193
194
176
195
191
195
196
192
196
197
193
197
198
194
198
199
195
200
196
200
201
197
201
202
198
202
203
199
203
204
200
205
201
205
206
202
206
207
203
207
208
204
208
209
177
195
210
178
210
211
200
210
212
211
212
213
205
212
214
213
214
215
216
216
217
217
218
191
216
219
217
219
220
218
220
221
192
219
222
220
222
223
221
223
224
193
222
225
223
225
226
224
226
227
194
225
228
226
228
229
227
229
230
216
231
231
232
232
233
233
234
216
235
231
235
236
232
236
237
233
237
238
234
238
239
235
240
236
240
241
237
241
242
238
242
243
239
243
244
240
245
241
245
246
242
246
247
243
247
248
244
248
249
217
235
250
218
250
251
240
250
252
251
252
253
245
252
254
253
254
255
256
256
257
257
258
231
256
259
257
259
260
258
260
261
232
259
262
260
262
263
261
263
264
233
262
265
263
265
266
264
266
267
234
265
268
266
268
269
267
269
270
256
271
271
272
272
273
273
274
256
275
271
275
276
272
276
277
273
277
278
274
278
279
275
280
276
280
281
277
281
282
278
282
283
279
283
284
280
285
281
285
286
282
286
287
283
287
288
284
288
289
257
275
290
258
290
291
280
290
292
291
292
293
285
292
294
293
294
295
296
296
297
297
298
271
296
299
297
299
300
298
300
301
272
299
302
300
302
303
301
303
304
273
302
305
303
305
306
304
306
307
274
305
308
306
308
309
307
309
310
296
311
311
312
312
313
313
314
296
315
311
315
316
312
316
317
313
317
318
314
318
319
315
320
316
320
321
317
321
322
318
322
323
319
323
324
320
325
321
325
326
322
326
327
323
327
328
324
328
329
297
315
330
298
330
331
320
330
332
331
332
333
325
332
334
333
334
335
336
336
337
337
338
311
336
339
337
339
340
338
340
341
312
339
342
340
342
343
341
343
344
313
342
345
343
345
346
344
346
347
314
345
348
346
348
349
347
349
350
336
351
351
352
352
353
353
354
336
355
351
355
356
352
356
357
353
357
358
354
358
359
355
360
356
360
361
357
361
362
358
362
363
359
363
364
360
365
361
365
366
362
366
367
363
367
368
364
368
369
337
355
370
338
370
371
360
370
372
371
372
373
365
372
374
373
374
375
376
376
377
377
378
351
376
379
377
379
380
378
380
381
352
379
382
380
382
383
381
383
384
353
382
385
383
385
386
384
386
387
354
385
388
386
388
389
387
389
390
376
391
391
392
392
393
393
394
376
395
391
395
396
392
396
397
393
397
398
394
398
399
395
400
396
400
401
397
401
402
398
402
403
399
403
404
400
405
401
405
406
402
406
407
403
407
408
404
408
409
377
395
410
378
410
411
400
410
412
411
412
413
405
412
414
413
414
415
416
416
417
417
418
391
416
419
417
419
420
418
420
421
392
419
422
420
422
423
421
423
424
393
422
425
423
425
426
424
426
427
394
425
428
426
428
429
427
429
430
416
431
431
432
432
433
433
434
416
435
431
435
436
432
436
437
433
437
438
434
438
439
435
440
436
440
441
437
441
442
438
442
443
439
443
444
440
445
441
445
446
442
446
447
443
447
448
444
448
449
417
435
450
418
450
451
440
450
452
451
452
453
445
452
454
453
454
455
456
456
457
457
458
431
456
459
457
459
460
458
460
461
432
459
462
460
462
463
461
463
464
433
462
465
463
465
466
464
466
467
434
465
468
466
468
469
467
469
470
456
471
471
472
472
473
473
474
456
475
471
475
476
472
476
477
473
477
478
474
478
479
475
480
476
480
481
477
481
482
478
482
483
479
483
484
480
485
481
485
486
482
486
487
483
487
488
484
488
489
457
475
490
458
490
491
480
490
492
491
492
493
485
492
494
493
494
495
496
496
497
497
498
471
496
499
497
499
500
498
500
501
472
499
502
500
502
503
501
503
504
473
502
505
503
505
506
504
506
507
474
505
508
506
508
509
507
509
510
496
511
511
512
512
513
513
514
496
515
511
515
516
512
516
517
513
517
518
514
518
519
515
520
516
520
521
517
521
522
518
522
523
519
523
524
520
525
521
525
526
522
526
527
523
527
528
524
528
529
530
531
532
497
515
533
498
533
534
520
533
535
534
535
536
525
535
537
536
537
538
539
539
540
540
541
511
539
542
540
542
543
541
543
544
512
542
545
543
545
546
544
546
547
513
545
548
546
548
549
547
549
550
514
548
551
549
551
552
550
552
553
539
554
554
555
555
556
556
557
539
558
554
558
559
555
559
560
556
560
561
557
561
562
558
563
559
563
564
560
564
565
561
565
566
562
566
567
568
569
570
563
571
564
571
572
565
572
573
566
573
574
575
576
577
530
531
575
578
532
579
532
567
577
580
568
581
540
558
582
541
582
583
563
582
584
583
584
585
571
584
586
585
586
587
588
588
589
589
590
554
588
591
589
591
592
590
592
593
555
591
594
592
594
595
593
595
596
556
594
597
595
597
598
596
598
599
557
597
600
598
600
601
599
601
602
588
603
603
604
604
605
605
606
588
607
603
607
608
604
608
609
605
609
610
606
610
611
612
613
614
607
615
608
615
616
609
616
617
610
617
618
619
620
621
568
569
619
622
570
623
570
611
621
624
612
625
615
626
616
626
627
617
627
628
629
630
631
575
576
629
632
577
633
577
618
631
634
619
635
579
580
633
636
581
637
581
622
635
638
623
639
589
607
640
590
640
641
615
640
642
641
642
643
626
642
644
643
644
645
646
646
647
647
648
603
646
649
647
649
650
648
650
651
604
649
652
650
652
653
651
653
654
605
652
655
653
655
656
654
656
657
606
655
658
656
658
659
657
659
660
646
661
661
662
662
663
663
664
665
666
667
646
668
661
668
669
662
669
670
663
670
671
672
673
674
612
613
672
675
614
676
614
664
674
677
665
678
668
679
669
679
680
670
680
681
682
683
684
619
620
682
685
621
686
621
671
684
687
672
688
623
624
686
689
625
690
625
675
688
691
676
692
679
693
680
693
694
695
696
697
629
630
695
698
631
699
631
681
697
700
682
701
633
634
699
702
635
703
635
685
701
704
686
705
637
638
703
706
707
708
709
639
710
711
712
713
639
689
705
714
715
716
717
690
718
719
720
721
647
668
722
648
722
723
679
722
724
723
724
725
693
724
726
725
726
727
728
728
729
729
730
661
728
731
729
731
732
730
732
733
662
731
734
732
734
735
733
735
736
663
734
737
735
737
738
736
738
739
666
667
737
740
741
742
738
742
743
739
743
744
728
745
745
746
746
747
748
749
750
665
666
748
751
667
752
667
740
750
741
728
753
745
753
754
746
754
755
756
757
758
672
673
756
759
674
760
674
747
758
761
748
762
676
677
760
763
678
764
678
751
762
765
752
766
753
767
754
767
768
769
770
771
682
683
769
772
684
773
684
755
771
774
756
775
686
687
773
776
688
777
688
759
775
778
760
779
690
691
777
780
781
782
783
692
784
785
786
787
692
763
779
788
789
790
791
764
792
793
794
795
767
796
695
696
796
797
697
798
697
768
796
799
769
800
699
700
798
801
701
802
701
772
800
803
773
804
703
704
802
805
806
807
808
705
809
810
811
812
705
776
804
813
814
815
816
777
817
818
819
820
708
709
710
714
821
708
709
810
822
712
823
716
812
824
712
713
718
825
712
713
826
827
720
828
716
717
718
829
716
717
781
818
830
819
831
721
782
832
720
721
833
720
721
785
834
835
786
836
729
753
837
730
837
838
767
837
839
838
839
840
796
839
841
840
841
842
843
843
844
844
845
745
843
846
844
846
847
845
847
848
746
846
849
847
849
850
848
850
851
749
750
849
852
853
854
850
854
855
851
855
856
741
751
853
857
752
858
854
857
858
859
860
861
855
861
862
856
862
863
843
864
864
865
866
867
868
748
749
866
869
750
870
750
852
868
853
752
870
871
872
843
873
864
873
874
875
876
877
756
757
875
878
758
879
758
865
877
880
866
881
760
761
879
882
762
883
762
869
881
884
870
885
764
765
883
886
887
888
889
766
890
891
892
893
766
871
885
894
872
895
873
896
769
770
896
897
771
898
771
874
896
899
875
900
773
774
898
901
775
902
775
878
900
903
879
904
777
778
902
905
906
907
908
779
909
910
911
912
779
882
904
913
914
915
916
883
917
918
919
920
782
783
784
788
921
782
783
910
922
786
923
790
912
924
786
787
792
925
786
787
926
927
794
928
790
791
792
929
790
791
887
918
930
919
931
795
888
932
794
795
933
794
795
891
934
935
892
936
797
799
896
937
798
799
938
800
939
800
897
940
898
941
802
803
939
942
804
943
944
945
946
804
901
941
947
902
948
949
950
951
807
808
809
813
952
807
808
944
953
811
954
815
946
955
811
812
817
956
811
812
957
958
819
959
815
816
817
960
815
816
906
949
961
950
962
820
907
963
819
820
964
819
820
910
965
966
911
967
823
824
825
829
968
823
824
957
969
827
970
831
959
971
827
828
833
972
827
828
973
974
835
975
831
832
833
976
831
832
922
965
977
966
978
836
923
979
835
836
980
835
836
926
981
982
927
983
844
873
984
845
984
985
896
984
986
985
986
987
937
986
988
987
988
989
990
990
991
991
992
864
990
993
991
993
994
992
994
995
867
868
993
996
997
998
994
998
999
995
999
1000
853
869
997
1001
870
1002
998
1001
1002
1003
1004
1005
999
1005
1006
1000
1006
1007
858
859
871
1002
860
872
860
1004
1008
1009
1010
1011
1005
1009
1011
1012
1013
1014
1006
1014
1015
1007
1015
1016
990
1017
1018
1019
1020
866
867
1018
1021
868
1022
868
996
1020
997
870
1022
1023
1024
872
1008
1024
1010
990
1025
875
876
1025
1026
877
1027
877
1017
1025
1028
1018
1029
879
880
1027
1030
881
1031
881
1021
1029
1032
1022
1033
883
884
1031
1034
1035
1036
1037
885
1038
1039
1040
1041
885
1023
1033
1042
1024
1043
888
889
890
894
1044
888
889
1039
1045
892
1046
894
1041
1047
892
893
895
1048
892
893
1049
1050
895
1051
895
1008
1043
1044
1047
1052
1010
1048
1051
1053
897
899
1025
1054
898
899
1055
900
1056
900
1026
1057
1027
1058
902
903
1056
1059
904
1060
1061
1062
1063
904
1030
1058
1064
1031
1065
1066
1067
1068
907
908
909
913
1069
907
908
1061
1070
911
1071
915
1063
1072
911
912
917
1073
911
912
1074
1075
919
1076
915
916
917
1077
915
916
1035
1066
1078
1067
1079
920
1036
1080
919
920
1081
919
920
1039
1082
1083
1040
1084
923
924
925
929
1085
923
924
1074
1086
927
1087
931
1076
1088
927
928
933
1089
927
928
1090
1091
935
1092
931
932
933
1093
931
932
1045
1082
1094
1083
1095
936
1046
1096
935
936
1097
935
936
1049
1098
1099
1050
1100
938
940
1054
1101
1102
1103
939
940
1101
941
1104
941
1055
1102
1056
1105
943
945
947
1104
1106
1107
1108
945
946
948
1107
945
946
1109
1106
950
1110
948
951
1059
1105
1111
1112
1113
950
951
1112
950
951
1061
1114
1115
1062
1111
954
955
956
960
1116
954
955
1109
1117
958
1118
962
1110
1119
958
959
964
1120
958
959
1121
1122
966
1123
962
963
964
1124
962
963
1070
1114
1125
1115
1126
967
1071
1127
966
967
1128
966
967
1074
1129
1130
1075
1131
970
971
972
976
1132
970
971
1121
1133
974
1134
978
1123
1135
974
975
980
1136
974
975
1137
1138
982
1139
978
979
980
1140
978
979
1086
1129
1141
1130
1142
983
1087
1143
982
983
1144
982
983
1090
1145
1146
1091
1147
991
1025
1148
992
1148
1149
1054
1148
1150
1149
1150
1151
1103
1150
1152
1151
1152
1153
1154
1154
1155
1155
1156
1019
1020
1154
1157
1158
1159
1155
1159
1160
1156
1160
1161
997
1021
1158
1162
1022
1163
1159
1162
1163
1164
1165
1166
1160
1166
1167
1161
1167
1168
1002
1003
1023
1163
1004
1024
1004
1165
1169
1170
1171
1172
1166
1170
1172
1173
1174
1175
1167
1175
1176
1168
1176
1177
1010
1171
1178
1011
1012
1172
1178
1179
1013
1179
1013
1174
1180
1181
1182
1183
1175
1181
1183
1184
1185
1186
1176
1186
1187
1177
1187
1188
1018
1019
1154
1189
1020
1190
1020
1154
1157
1158
1022
1190
1191
1192
1024
1169
1192
1171
1026
1028
1154
1193
1027
1028
1194
1029
1195
1029
1189
1196
1190
1197
1031
1032
1195
1198
1033
1199
1200
1201
1202
1033
1191
1197
1203
1192
1204
1036
1037
1038
1042
1205
1036
1037
1200
1206
1040
1207
1042
1202
1208
1040
1041
1043
1209
1040
1041
1210
1211
1043
1212
1043
1169
1204
1205
1208
1213
1171
1209
1212
1214
1046
1047
1048
1215
1046
1047
1210
1216
1050
1217
1212
1218
1050
1051
1219
1050
1051
1220
1221
1222
1053
1178
1214
1215
1218
1223
1224
1225
1179
1219
1222
1226
1227
1228
1055
1057
1193
1229
1230
1231
1056
1057
1229
1058
1232
1058
1194
1230
1195
1233
1060
1062
1064
1232
1234
1235
1236
1062
1063
1065
1235
1062
1063
1237
1234
1067
1238
1065
1068
1198
1233
1239
1240
1241
1067
1068
1240
1067
1068
1200
1242
1243
1201
1239
1071
1072
1073
1077
1244
1071
1072
1237
1245
1075
1246
1079
1238
1247
1075
1076
1081
1248
1075
1076
1249
1250
1083
1251
1079
1080
1081
1252
1079
1080
1206
1242
1253
1243
1254
1084
1207
1255
1083
1084
1256
1083
1084
1210
1257
1258
1211
1259
1087
1088
1089
1093
1260
1087
1088
1249
1261
1091
1262
1095
1251
1263
1091
1092
1097
1264
1091
1092
1265
1266
1099
1267
1095
1096
1097
1268
1095
1096
1216
1257
1269
1258
1270
1100
1217
1271
1099
1100
1272
1099
1100
1220
1273
1274
1221
1275
1102
1104
1276
1105
1229
1277
1231
1276
1277
1278
1279
1280
1105
1281
1232
1282
1107
1109
1283
1110
1112
1284
1113
1281
1283
1284
1285
1286
1287
1110
1288
1115
1289
1112
1114
1234
1290
1115
1291
1236
1282
1290
1291
1292
1293
1294
1115
1237
1295
1296
1118
1119
1120
1124
1297
1118
1119
1288
1298
1122
1299
1126
1289
1300
1122
1123
1128
1301
1122
1123
1302
1303
1130
1304
1126
1127
1128
1305
1126
1127
1245
1295
1306
1296
1307
1131
1246
1308
1130
1131
1309
1130
1131
1249
1310
1311
1250
1312
1134
1135
1136
1140
1313
1134
1135
1302
1314
1138
1315
1142
1304
1316
1138
1139
1144
1317
1138
1139
1318
1319
1146
1320
1142
1143
1144
1321
1142
1143
1261
1310
1322
1311
1323
1147
1262
1324
1146
1147
1325
1146
1147
1265
1326
1327
1266
1328
1155
1193
1329
1156
1329
1330
1231
1329
1331
1330
1331
1332
1280
1331
1333
1332
1333
1334
1157
1189
1335
1335
1336
1336
1337
1158
1189
1338
1190
1339
1335
1338
1339
1340
1341
1342
1336
1342
1343
1337
1343
1344
1163
1164
1191
1339
1165
1192
1165
1341
1345
1346
1347
1348
1342
1346
1348
1349
1350
1351
1343
1351
1352
1344
1352
1353
1171
1347
1354
1172
1173
1348
1354
1355
1174
1355
1174
1350
1356
1357
1358
1359
1351
1357
1359
1360
1361
1362
1352
1362
1363
1353
1363
1364
1179
1180
1355
1182
1182
1225
1358
1365
1183
1184
1359
1365
1228
1366
1185
1366
1185
1361
1367
1368
1369
1370
1362
1368
1370
1371
1372
1373
1363
1373
1374
1364
1374
1375
1190
1376
1377
1192
1345
1377
1347
1194
1196
1335
1378
1379
1380
1195
1196
1378
1197
1381
1197
1376
1379
1377
1382
1199
1201
1203
1381
1383
1384
1385
1201
1202
1204
1384
1201
1202
1386
1383
1204
1387
1204
1345
1382
1388
1347
1384
1387
1389
1207
1208
1209
1390
1207
1208
1386
1391
1211
1392
1387
1393
1211
1212
1394
1211
1212
1395
1396
1397
1214
1354
1389
1390
1393
1398
1399
1400
1355
1394
1397
1401
1402
1403
1217
1218
1219
1223
1217
1218
1395
1404
1221
1405
1224
1397
1221
1222
1226
1221
1222
1406
1407
1227
1224
1226
1405
1408
1402
1404
1409
1228
1403
1408
1409
1410
1411
1412
1227
1407
1413
1406
1414
1413
1414
1415
1416
1417
1230
1232
1418
1233
1378
1419
1380
1418
1419
1420
1421
1422
1233
1423
1381
1424
1235
1237
1425
1238
1240
1426
1241
1423
1425
1426
1427
1428
1429
1238
1430
1243
1431
1240
1242
1383
1432
1243
1433
1385
1424
1432
1433
1434
1435
1436
1243
1386
1437
1438
1246
1247
1248
1252
1439
1246
1247
1430
1440
1250
1441
1254
1431
1442
1250
1251
1256
1443
1250
1251
1444
1445
1258
1446
1254
1255
1256
1447
1254
1255
1391
1437
1448
1438
1449
1259
1392
1450
1258
1259
1451
1258
1259
1395
1452
1453
1396
1454
1262
1263
1264
1268
1455
1262
1263
1444
1456
1266
1457
1270
1446
1458
1266
1267
1272
1459
1266
1267
1460
1461
1274
1462
1270
1271
1272
1463
1270
1271
1404
1452
1464
1453
1465
1275
1405
1466
1274
1275
1467
1274
1275
1406
1468
1469
1407
1470
1277
1278
1281
1279
1282
1418
1279
1471
1472
1420
1473
1474
1422
1471
1474
1475
1476
1477
1282
1472
1423
1473
1284
1286
1288
1285
1289
1291
1286
1292
1478
1479
1480
1481
1294
1472
1479
1481
1482
1483
1484
1289
1480
1296
1478
1291
1293
1295
1425
1292
1296
1293
1485
1486
1428
1487
1488
1429
1473
1486
1488
1489
1490
1491
1296
1430
1487
1485
1299
1300
1301
1305
1492
1299
1300
1480
1493
1303
1494
1307
1478
1495
1303
1304
1309
1496
1303
1304
1497
1498
1311
1499
1307
1308
1309
1500
1307
1308
1440
1487
1501
1485
1502
1312
1441
1503
1311
1312
1504
1311
1312
1444
1505
1506
1445
1507
1315
1316
1317
1321
1508
1315
1316
1497
1509
1319
1510
1323
1499
1511
1319
1320
1325
1512
1319
1320
1513
1514
1327
1515
1323
1324
1325
1516
1323
1324
1456
1505
1517
1506
1518
1328
1457
1519
1327
1328
1520
1327
1328
1460
1521
1522
1461
1523
1336
1380
1524
1337
1524
1525
1422
1524
1526
1525
1526
1527
1477
1526
1528
1527
1528
1529
1338
1340
1376
1530
1531
1531
1532
1532
1533
1339
1340
1376
1341
1377
1341
1530
1534
1535
1536
1531
1534
1536
1537
1538
1539
1532
1539
1540
1533
1540
1541
1347
1535
1542
1348
1349
1536
1542
1543
1350
1543
1350
1538
1544
1545
1546
1547
1539
1545
1547
1548
1549
1550
1540
1550
1551
1541
1551
1552
1355
1356
1543
1358
1358
1400
1546
1553
1359
1360
1547
1553
1403
1554
1361
1554
1361
1549
1555
1556
1557
1558
1550
1556
1558
1559
1560
1561
1551
1561
1562
1552
1562
1563
1366
1367
1412
1554
1369
1417
1369
1557
1564
1565
1370
1371
1558
1564
1566
1567
1372
1566
1372
1560
1568
1569
1570
1571
1561
1569
1571
1572
1573
1574
1562
1574
1575
1563
1575
1576
1377
1530
1535
1379
1381
1577
1382
1530
1578
1531
1577
1578
1579
1580
1581
1382
1582
1535
1583
1384
1386
1584
1387
1585
1388
1582
1584
1585
1586
1587
1588
1387
1589
1590
1389
1542
1583
1591
1543
1585
1586
1590
1592
1593
1392
1393
1394
1398
1392
1393
1589
1594
1396
1595
1399
1590
1396
1397
1401
1396
1397
1596
1597
1402
1399
1401
1595
1598
1592
1594
1599
1403
1593
1598
1599
1600
1601
1602
1402
1597
1603
1596
1604
1603
1604
1605
1606
1607
1405
1596
1608
1407
1609
1407
1610
1611
1409
1411
1413
1609
1410
1604
1608
1411
1605
1612
1613
1416
1614
1615
1417
1565
1607
1613
1614
1616
1617
1414
1416
1611
1415
1610
1416
1618
1619
1620
1621
1567
1619
1621
1622
1623
1419
1420
1423
1421
1424
1577
1421
1624
1625
1579
1626
1627
1581
1624
1627
1628
1629
1630
1424
1625
1582
1626
1426
1428
1430
1427
1431
1433
1428
1434
1631
1632
1633
1634
1436
1625
1632
1634
1635
1636
1637
1431
1633
1438
1631
1433
1435
1437
1584
1434
1438
1435
1638
1639
1587
1640
1641
1588
1626
1639
1641
1642
1643
1644
1438
1589
1640
1638
1441
1442
1443
1447
1645
1441
1442
1633
1646
1445
1647
1449
1631
1648
1445
1446
1451
1649
1445
1446
1650
1651
1453
1652
1449
1450
1451
1653
1449
1450
1594
1640
1654
1638
1655
1454
1595
1656
1453
1454
1657
1453
1454
1596
1658
1659
1597
1660
1457
1458
1459
1463
1661
1457
1458
1650
1662
1461
1663
1465
1652
1664
1461
1462
1467
1665
1461
1462
1666
1667
1469
1668
1465
1466
1467
1669
1465
1466
1608
1658
1670
1659
1671
1470
1609
1672
1469
1470
1673
1469
1470
1610
1674
1675
1611
1676
1474
1475
1677
1473
1677
1625
1678
1476
1624
1678
1476
1679
1680
1628
1681
1682
1630
1679
1682
1683
1684
1685
1480
1485
1686
1481
1483
1486
1686
1687
1482
1687
1483
1688
1689
1490
1690
1691
1491
1677
1689
1691
1692
1693
1694
1487
1695
1488
1490
1695
1633
1696
1489
1634
1696
1490
1635
1697
1698
1699
1700
1637
1678
1698
1700
1701
1702
1703
1494
1495
1496
1500
1704
1494
1495
1687
1705
1498
1706
1502
1686
1707
1498
1499
1504
1708
1498
1499
1709
1710
1506
1711
1502
1503
1504
1712
1502
1503
1646
1696
1713
1695
1714
1507
1647
1715
1506
1507
1716
1506
1507
1650
1717
1718
1651
1719
1510
1511
1512
1516
1720
1510
1511
1709
1721
1514
1722
1518
1711
1723
1514
1515
1520
1724
1514
1515
1725
1726
1522
1727
1518
1519
1520
1728
1518
1519
1662
1717
1729
1718
1730
1523
1663
1731
1522
1523
1732
1522
1523
1666
1733
1734
1667
1735
1532
1581
1737
1533
1737
1738
1630
1737
1739
1738
1739
1740
1685
1739
1741
1740
1741
1742
1535
1743
1534
1537
1743
1744
1745
1745
1746
1746
1747
1536
1537
1743
1748
1538
1748
1538
1744
1749
1750
1751
1745
1749
1751
1752
1753
1754
1746
1754
1755
1747
1755
1756
1543
1544
1748
1546
1546
1591
1750
1757
1547
1548
1751
1757
1593
1758
1549
1758
1549
1753
1759
1760
1761
1762
1754
1760
1762
1763
1764
1765
1755
1765
1766
1756
1766
1767
1554
1555
1602
1758
1557
1607
1557
1761
1768
1769
1558
1559
1762
1768
1770
1771
1560
1770
1560
1764
1772
1773
1774
1775
1765
1773
1775
1776
1777
1778
1766
1778
1779
1767
1779
1780
1566
1568
1770
1781
1567
1771
1781
1782
1783
1784
1785
1570
1786
1786
1787
1788
1789
1790
1570
1774
1791
1792
1571
1572
1775
1791
1793
1794
1573
1793
1573
1777
1795
1796
1797
1798
1778
1796
1798
1799
1800
1801
1779
1801
1802
1780
1802
1803
1578
1579
1582
1580
1583
1743
1580
1804
1805
1744
1806
1807
1745
1804
1807
1808
1809
1810
1583
1805
1748
1806
1585
1587
1589
1586
1590
1587
1592
1811
1812
1813
1591
1805
1811
1813
1814
1815
1816
1590
1812
1592
1593
1806
1817
1812
1818
1811
1815
1818
1819
1820
1595
1812
1821
1597
1822
1597
1823
1824
1599
1601
1603
1822
1600
1818
1821
1601
1819
1825
1826
1606
1827
1828
1607
1769
1820
1826
1827
1829
1830
1604
1606
1824
1605
1823
1606
1831
1832
1833
1834
1771
1832
1834
1835
1836
1609
1612
1823
1611
1615
1611
1618
1620
1615
1670
1831
1837
1614
1617
1832
1837
1616
1621
1838
1620
1672
1838
1617
1622
1782
1839
1784
1836
1840
1620
1674
1841
1621
1623
1841
1676
1842
1622
1842
1623
1787
1843
1789
1844
1627
1628
1845
1626
1845
1805
1846
1629
1804
1846
1629
1847
1848
1808
1849
1850
1810
1847
1850
1851
1852
1853
1633
1638
1854
1634
1636
1639
1854
1855
1635
1855
1636
1856
1857
1643
1858
1859
1644
1845
1857
1859
1860
1861
1862
1640
1863
1641
1643
1863
1812
1864
1642
1813
1864
1643
1814
1865
1866
1867
1868
1816
1846
1866
1868
1869
1870
1871
1647
1648
1649
1653
1872
1647
1648
1855
1873
1651
1874
1655
1854
1875
1651
1652
1657
1876
1651
1652
1877
1878
1659
1879
1655
1656
1657
1880
1655
1656
1821
1864
1881
1863
1882
1660
1822
1883
1659
1660
1884
1659
1660
1823
1885
1886
1824
1887
1663
1664
1665
1669
1888
1663
1664
1877
1889
1667
1890
1671
1879
1891
1667
1668
1673
1892
1667
1668
1893
1894
1675
1895
1671
1672
1673
1896
1671
1672
1885
1897
1886
1898
1676
1899
1675
1676
1900
1675
1676
1901
1902
1903
1678
1680
1681
1845
1682
1683
1905
1681
1694
1905
1703
1848
1906
1684
1847
1906
1684
1907
1908
1851
1909
1910
1853
1907
1910
1911
1912
1913
1687
1690
1695
1688
1690
1705
1914
1691
1693
1914
1699
1707
1915
1692
1700
1915
1693
1701
1916
1917
1918
1919
1703
1917
1919
1920
1921
1922
1696
1699
1697
1855
1699
1713
1856
1923
1700
1702
1857
1923
1714
1924
1701
1924
1702
1925
1926
1861
1927
1928
1862
1926
1928
1929
1930
1931
1706
1707
1708
1712
1932
1706
1707
1933
1710
1934
1714
1935
1710
1711
1716
1936
1710
1711
1937
1938
1718
1939
1714
1715
1716
1940
1714
1715
1873
1941
1942
1719
1874
1943
1718
1719
1944
1718
1719
1877
1945
1946
1878
1947
1722
1723
1724
1728
1948
1722
1723
1937
1949
1726
1950
1730
1939
1951
1726
1727
1732
1952
1726
1727
1953
1954
1734
1955
1730
1731
1732
1956
1730
1731
1889
1945
1957
1946
1958
1735
1890
1959
1734
1735
1960
1734
1735
1893
1961
1962
1894
1963
1904
1964
1965
1966
1967
1968
1969
1746
1810
1970
1747
1970
1971
1853
1970
1972
1971
1972
1973
1913
1972
1974
1973
1974
1975
1744
1748
1750
1976
1749
1752
1976
1977
1978
1978
1979
1979
1980
1750
1751
1752
1976
1806
1981
1753
1981
1753
1977
1982
1983
1984
1978
1982
1984
1985
1986
1987
1979
1987
1988
1980
1988
1989
1758
1759
1817
1981
1761
1820
1761
1983
1990
1991
1762
1763
1984
1990
1992
1993
1764
1992
1764
1986
1994
1995
1996
1997
1987
1995
1997
1998
1999
2000
1988
2000
2001
1989
2001
2002
1770
1772
1992
2003
1771
1993
2003
2004
2005
2006
2007
1774
2008
2008
2009
2010
2011
2012
1774
1996
2013
2014
1775
1776
1997
2013
2015
2016
1777
2015
1777
1999
2017
2018
2019
2020
2000
2018
2020
2021
2022
2023
2001
2023
2024
2002
2024
2025
1786
1792
2008
2026
2027
2028
2029
1784
1785
1787
2030
1784
1785
2010
2027
2031
2011
2032
1790
2028
2033
1794
2034
2035
2036
2037
1789
1790
2038
1789
1790
2035
2039
2040
2036
2041
1793
1795
2015
2042
1794
2016
2042
2043
2044
2045
2046
1797
2047
2047
2048
2049
2050
2051
1797
2019
2052
2053
1798
1799
2020
2052
2054
2055
1800
2054
1800
2022
2056
2057
2058
2059
2023
2057
2059
2060
2061
2062
2024
2062
2063
2025
2063
2064
1807
1808
2065
1806
2065
2066
1809
1976
2066
1809
2067
2068
1977
2069
2070
1978
2067
2070
2071
2072
2073
1813
1815
1818
2074
1814
2074
1815
2075
2076
1819
2077
1817
2065
2076
2077
2078
2079
2080
1820
1991
2066
1819
2074
2075
2081
1993
2077
2078
2081
2082
1822
1825
2074
1824
1828
1824
1831
1833
1828
1881
2075
2083
1827
1830
2081
2083
1829
1834
2084
1833
1883
2084
1830
1835
2004
2085
2006
2082
2086
1833
1885
2087
1834
1836
2087
1887
2088
1835
2088
1836
2009
2089
2011
2090
1838
1840
1897
2087
1839
1842
1899
1840
1843
2030
2091
2032
2090
2092
1842
1844
1901
1843
1903
1844
2038
2093
2040
2094
1846
1848
1849
2065
1850
1851
2096
1849
1862
2096
1871
2068
2097
1852
2067
2097
1852
2098
2099
2071
2100
2101
2073
2098
2101
2102
2103
2104
1855
1858
1863
1856
1858
1873
2105
1859
1861
2105
1867
1875
2106
1860
1868
2106
1861
1869
2107
2108
2109
2110
1871
2108
2110
2111
2112
2113
1864
1867
1865
2074
1867
1881
2075
2114
1868
1870
2076
2114
1882
2115
1869
2115
1870
2116
2117
2079
2118
2119
2080
2117
2119
2120
2121
2122
1874
1875
1876
1880
2123
1874
1875
2124
1878
2125
1882
2126
1878
1879
1884
2127
1878
1879
2128
2129
1886
2130
1882
1883
1884
2131
1882
1883
2132
2133
1887
2134
1886
1887
2135
1886
1887
2136
2137
2138
1890
1891
1892
1896
2139
1890
1891
2128
2140
1894
2141
1898
2130
2142
1894
1895
1900
2143
1894
1895
2144
2145
1902
2146
1898
1899
1900
2147
1898
1899
2092
2136
2137
2148
1903
2091
1902
1903
2149
1902
1903
2094
2150
2093
2095
2151
2152
2153
2154
2155
2156
1906
1908
1922
1909
1931
2096
1910
1911
2157
1909
2157
2158
2099
2159
2160
1912
2098
2159
1912
2161
2162
2102
2163
2164
2104
2161
2164
2165
2166
2167
1915
1918
1933
1916
1924
1935
1918
1925
2168
2169
1919
1921
1926
2169
2170
2171
1920
2171
1921
2172
2173
1930
2174
2175
1931
2158
2173
2175
2176
2177
1924
1927
1941
2105
1925
1942
1927
2178
2179
1928
1930
2178
2109
2180
2181
1929
2110
2180
1930
2111
2182
2183
2184
2185
2113
2160
2183
2185
2186
2187
1934
1935
1936
1940
2188
1934
1935
2170
1938
2189
1942
2168
1938
1939
1944
2190
1938
1939
2191
2192
1946
2193
1942
1943
1944
2194
1942
1943
2124
2181
2179
1947
2125
2195
1946
1947
2196
1946
1947
2128
2197
2198
2129
2199
1950
1951
1952
1956
2200
1950
1951
2191
2201
1954
2202
1958
2193
2203
1954
1955
1960
2204
1954
1955
2205
2206
1962
2207
1958
1959
1960
2208
1958
1959
2140
2197
2209
2198
2210
1963
2141
2211
1962
1963
2212
1962
1963
2144
2213
2214
2145
2215
2151
2220
2221
1966
1967
2222
1968
2152
2223
1968
2224
2225
2154
2226
2227
2156
2220
2225
2226
2228
2229
2230
1979
2073
2231
1980
2231
2232
2104
2231
2233
2232
2233
2234
2167
2233
2235
2234
2235
2236
1977
1981
1983
2237
1982
1985
2237
2238
2239
2239
2240
2240
2241
1983
2066
1984
1985
2237
2069
2242
1986
2242
1986
2238
2243
2244
2245
2239
2243
2245
2246
2247
2248
2240
2248
2249
2241
2249
2250
1992
1994
2242
2251
1993
2069
2080
2251
1996
2252
2252
2253
2254
2255
2256
1996
2244
2257
2258
1997
1998
2245
2257
2259
2260
1999
2259
1999
2247
2261
2262
2263
2264
2248
2262
2264
2265
2266
2267
2249
2267
2268
2250
2268
2269
2008
2014
2252
2270
2271
2272
2273
2006
2007
2009
2274
2006
2007
2254
2271
2275
2255
2276
2012
2272
2277
2016
2278
2279
2280
2281
2011
2012
2282
2011
2012
2279
2283
2284
2280
2285
2015
2017
2259
2286
2016
2260
2286
2287
2288
2289
2290
2019
2291
2291
2292
2293
2294
2295
2019
2263
2296
2297
2020
2021
2264
2296
2298
2299
2022
2298
2022
2266
2300
2301
2302
2303
2267
2301
2303
2304
2305
2306
2268
2306
2307
2269
2307
2308
2028
2029
2034
2043
2309
2028
2029
2279
2310
2036
2311
2045
2281
2312
2032
2033
2038
2313
2032
2033
2283
2310
2314
2284
2315
2041
2311
2316
2036
2037
2048
2317
2036
2037
2318
2319
2050
2320
2040
2041
2321
2040
2041
2318
2322
2323
2319
2324
2047
2053
2291
2325
2326
2327
2328
2045
2046
2048
2329
2045
2046
2293
2326
2330
2294
2331
2051
2327
2332
2055
2333
2334
2335
2336
2050
2051
2337
2050
2051
2334
2338
2339
2335
2340
2054
2056
2298
2341
2055
2299
2341
2342
2343
2344
2345
2058
2346
2346
2347
2348
2349
2350
2058
2302
2351
2352
2059
2060
2303
2351
2353
2354
2061
2353
2061
2305
2355
2356
2357
2358
2306
2356
2358
2359
2360
2361
2307
2359
2362
2308
2362
2363
2066
2068
2069
2070
2071
2365
2069
2080
2365
2366
2072
2237
2366
2072
2367
2368
2238
2369
2370
2239
2367
2370
2371
2372
2373
2075
2374
2077
2079
2374
2078
2081
2079
2082
2253
2375
2376
2253
2256
2376
2377
2378
2082
2374
2255
2375
2084
2086
2132
2374
2085
2088
2134
2086
2089
2274
2379
2276
2375
2380
2088
2090
2136
2089
2138
2090
2282
2381
2284
2382
2092
2093
2147
2313
2148
2315
2382
2094
2149
2321
2150
2323
2364
2383
2384
2385
2386
2387
2388
2097
2099
2113
2100
2122
2365
2101
2102
2389
2100
2389
2390
2368
2391
2392
2103
2367
2391
2103
2393
2394
2371
2395
2396
2373
2393
2396
2397
2398
2399
2106
2109
2124
2107
2115
2126
2109
2116
2400
2401
2110
2112
2117
2401
2402
2403
2111
2403
2112
2404
2405
2121
2406
2407
2122
2390
2405
2407
2408
2409
2115
2118
2132
2374
2116
2133
2118
2410
2411
2119
2121
2410
2375
2380
2412
2120
2376
2412
2121
2377
2413
2414
2415
2416
2378
2392
2414
2416
2417
2418
2125
2126
2127
2131
2419
2125
2126
2402
2129
2420
2133
2400
2129
2130
2135
2421
2129
2130
2422
2423
2137
2424
2133
2134
2135
2425
2133
2134
2380
2411
2138
2379
2137
2138
2426
2137
2138
2382
2427
2381
2141
2142
2143
2147
2428
2141
2142
2422
2429
2145
2430
2148
2424
2431
2145
2146
2149
2432
2145
2146
2433
2434
2150
2435
2148
2149
2436
2427
2437
2150
2438
2439
2383
2444
2445
2153
2154
2446
2155
2384
2447
2155
2448
2449
2386
2450
2451
2388
2444
2449
2450
2452
2453
2454
2159
2162
2455
2160
2455
2456
2457
2458
2459
2163
2389
2460
2390
2460
2461
2462
2463
2464
2164
2165
2465
2163
2465
2466
2394
2467
2468
2166
2393
2467
2166
2469
2470
2397
2471
2472
2399
2469
2472
2473
2474
2475
2170
2179
2188
2476
2171
2174
2178
2476
2189
2477
2172
2477
2174
2478
2479
2175
2177
2479
2184
2480
2481
2176
2185
2481
2177
2186
2456
2482
2458
2483
2180
2184
2484
2181
2194
2484
2182
2403
2485
2195
2402
2485
2184
2404
2486
2487
2185
2187
2405
2487
2488
2489
2186
2489
2187
2461
2490
2409
2463
2491
2189
2190
2194
2492
2192
2493
2192
2193
2196
2494
2192
2193
2495
2496
2198
2497
2195
2196
2498
2199
2420
2499
2198
2199
2500
2198
2199
2422
2501
2502
2423
2503
2202
2203
2204
2208
2504
2202
2203
2495
2505
2206
2506
2210
2497
2507
2206
2207
2212
2508
2206
2207
2509
2510
2214
2511
2210
2211
2212
2512
2210
2211
2429
2501
2513
2502
2514
2215
2430
2515
2214
2215
2516
2214
2215
2433
2517
2518
2434
2519
2217
2218
2520
2521
2522
2523
2524
2219
2440
2525
2526
2527
2528
2529
2219
2222
2530
2223
2442
2531
2444
2532
2533
2445
2533
2534
2223
2224
2227
2446
2227
2530
2535
2226
2228
2535
2229
2449
2536
2448
2531
2536
2229
2537
2538
2452
2539
2540
2454
2532
2538
2539
2541
2542
2543
2240
2373
2544
2241
2544
2545
2399
2544
2546
2545
2546
2547
2475
2546
2548
2547
2548
2549
2238
2242
2244
2550
2243
2246
2550
2551
2552
2552
2553
2553
2554
2244
2366
2245
2246
2550
2369
2555
2247
2555
2247
2551
2556
2557
2558
2552
2556
2558
2559
2560
2561
2553
2561
2562
2554
2562
2563
2252
2258
2366
2378
2260
2564
2565
2566
2567
2255
2256
2376
2255
2256
2565
2568
2569
2377
2566
2259
2261
2555
2570
2260
2369
2570
2571
2263
2572
2572
2573
2574
2575
2576
2263
2557
2577
2578
2264
2265
2558
2577
2579
2580
2266
2579
2266
2560
2581
2582
2583
2584
2561
2582
2584
2585
2586
2587
2562
2587
2588
2563
2588
2589
2272
2273
2278
2287
2590
2272
2273
2565
2591
2280
2592
2289
2567
2593
2276
2277
2282
2594
2276
2277
2568
2591
2595
2569
2596
2285
2592
2597
2280
2281
2292
2598
2280
2281
2599
2600
2294
2601
2284
2285
2602
2284
2285
2599
2603
2604
2600
2605
2291
2297
2572
2606
2607
2608
2609
2289
2290
2292
2610
2289
2290
2574
2607
2611
2575
2612
2295
2608
2613
2299
2614
2615
2616
2617
2294
2295
2618
2294
2295
2615
2619
2620
2616
2621
2298
2300
2579
2622
2299
2580
2622
2623
2624
2625
2626
2302
2627
2627
2628
2629
2630
2631
2302
2583
2632
2633
2303
2304
2584
2632
2634
2635
2305
2634
2305
2586
2636
2637
2638
2639
2587
2637
2639
2640
2641
2642
2588
2640
2643
2589
2643
2644
2311
2312
2317
2329
2645
2311
2312
2599
2646
2319
2647
2331
2601
2648
2315
2316
2321
2436
2315
2316
2603
2646
2649
2437
2604
2324
2647
2650
2319
2320
2337
2651
2319
2320
2652
2653
2339
2654
2323
2324
2438
2323
2324
2652
2655
2439
2653
2656
2327
2328
2333
2342
2657
2327
2328
2615
2658
2335
2659
2344
2617
2660
2331
2332
2337
2661
2331
2332
2619
2658
2662
2620
2663
2340
2659
2664
2335
2336
2347
2665
2335
2336
2666
2667
2349
2668
2339
2340
2669
2339
2340
2666
2670
2671
2667
2672
2346
2352
2627
2673
2674
2675
2676
2344
2345
2347
2677
2344
2345
2629
2674
2678
2630
2679
2350
2675
2680
2354
2681
2682
2683
2684
2349
2350
2685
2349
2350
2682
2686
2687
2683
2688
2353
2355
2634
2689
2354
2635
2689
2690
2691
2692
2693
2357
2694
2694
2695
2696
2697
2698
2357
2638
2699
2700
2358
2360
2639
2699
2701
2702
2361
2702
2364
2640
2703
2361
2364
2642
2704
2364
2705
2643
2703
2706
2644
2706
2707
2704
2705
2708
2709
2366
2368
2378
2369
2370
2371
2710
2369
2571
2710
2711
2372
2550
2711
2372
2712
2713
2551
2714
2715
2552
2712
2715
2716
2717
2718
2375
2569
2377
2569
2568
2719
2564
2566
2571
2719
2720
2380
2381
2425
2594
2411
2596
2382
2426
2602
2427
2604
2708
2723
2724
2385
2386
2725
2387
2705
2726
2387
2727
2728
2704
2729
2730
2709
2723
2728
2729
2731
2732
2733
2391
2394
2734
2392
2734
2735
2736
2737
2738
2395
2710
2739
2571
2739
2740
2741
2742
2743
2396
2397
2744
2395
2744
2745
2713
2746
2747
2398
2712
2746
2398
2748
2749
2716
2750
2751
2718
2748
2751
2752
2753
2754
2402
2411
2419
2755
2403
2406
2410
2755
2420
2756
2404
2756
2406
2757
2758
2407
2409
2758
2415
2759
2760
2408
2416
2760
2409
2417
2735
2761
2737
2762
2412
2415
2763
2425
2763
2413
2569
2596
2415
2568
2595
2764
2416
2418
2719
2764
2765
2766
2417
2766
2418
2740
2767
2720
2742
2768
2420
2421
2425
2769
2423
2770
2423
2424
2426
2771
2423
2424
2772
2773
2427
2774
2426
2775
2427
2776
2777
2430
2431
2432
2436
2778
2430
2431
2772
2779
2434
2780
2437
2774
2781
2434
2435
2438
2782
2434
2435
2783
2784
2439
2785
2437
2438
2650
2649
2777
2439
2656
2655
2441
2442
2786
2787
2788
2789
2790
2443
2721
2791
2792
2793
2794
2795
2443
2446
2796
2447
2722
2797
2723
2798
2799
2724
2799
2800
2447
2448
2451
2725
2451
2796
2801
2450
2452
2801
2453
2728
2802
2727
2797
2802
2453
2803
2804
2731
2805
2806
2733
2798
2804
2805
2807
2808
2809
2460
2466
2810
2811
2812
2813
2458
2459
2461
2814
2458
2459
2811
2815
2816
2464
2812
2817
2468
2734
2818
2819
2820
2821
2463
2464
2822
2463
2464
2736
2819
2823
2737
2824
2820
2825
2467
2470
2826
2468
2826
2827
2828
2829
2830
2471
2744
2831
2745
2831
2832
2833
2834
2835
2472
2473
2836
2471
2836
2837
2749
2838
2839
2474
2748
2838
2474
2840
2841
2752
2842
2843
2754
2840
2843
2844
2845
2846
2477
2480
2484
2492
2478
2493
2480
2847
2848
2481
2483
2847
2488
2849
2850
2482
2489
2849
2483
2490
2814
2851
2816
2852
2485
2488
2498
2486
2499
2756
2488
2757
2853
2854
2489
2491
2758
2853
2855
2856
2490
2856
2491
2822
2857
2762
2824
2858
2493
2494
2498
2850
2496
2848
2496
2497
2500
2859
2496
2497
2860
2861
2502
2862
2499
2500
2855
2503
2770
2854
2502
2503
2863
2502
2503
2772
2864
2865
2773
2866
2506
2507
2508
2512
2867
2506
2507
2860
2868
2510
2869
2514
2862
2870
2510
2511
2516
2871
2510
2511
2872
2873
2518
2874
2514
2515
2516
2875
2514
2515
2779
2864
2876
2865
2877
2519
2780
2878
2518
2519
2879
2518
2519
2783
2880
2881
2784
2882
2521
2522
2895
2523
2526
2896
2523
2897
2898
2528
2899
2900
2529
2530
2897
2899
2901
2902
2903
2526
2527
2786
2904
2528
2905
2528
2788
2906
2907
2908
2909
2531
2790
2906
2908
2910
2911
2912
2531
2913
2796
2914
2798
2915
2916
2799
2916
2917
2800
2917
2918
2536
2537
2913
2540
2801
2914
2540
2919
2920
2539
2541
2920
2542
2804
2921
2803
2921
2922
2542
2923
2924
2807
2925
2926
2809
2844
2845
2846
2915
2924
2925
2553
2718
2927
2554
2927
2928
2754
2927
2929
2928
2929
2930
2844
2929
2931
2930
2931
2932
2551
2555
2557
2934
2556
2559
2934
2935
2936
2936
2937
2937
2938
2557
2711
2558
2559
2934
2714
2939
2560
2939
2560
2935
2940
2941
2942
2936
2940
2942
2943
2944
2945
2937
2945
2946
2938
2946
2947
2566
2567
2573
2720
2566
2567
2948
2719
2575
2949
2569
2948
2572
2578
2711
2950
2573
2576
2950
2951
2952
2580
2953
2954
2955
2956
2575
2576
2952
2575
2576
2954
2957
2958
2951
2955
2579
2581
2939
2959
2580
2714
2959
2960
2583
2961
2961
2962
2963
2964
2965
2583
2941
2966
2967
2584
2585
2942
2966
2968
2969
2586
2968
2586
2944
2970
2971
2972
2973
2945
2971
2973
2974
2975
2976
2946
2974
2977
2947
2977
2978
2592
2593
2598
2610
2979
2592
2593
2948
2980
2600
2981
2612
2949
2982
2596
2597
2602
2775
2596
2597
2765
2980
2763
2605
2981
2983
2600
2601
2618
2984
2600
2601
2985
2986
2620
2987
2604
2605
2776
2604
2605
2985
2988
2777
2986
2989
2608
2609
2614
2623
2990
2608
2609
2954
2991
2616
2992
2625
2956
2993
2612
2613
2618
2994
2612
2613
2957
2991
2995
2958
2996
2621
2992
2997
2616
2617
2628
2998
2616
2617
2999
3000
2630
3001
2620
2621
3002
2620
2621
2999
3003
3004
3000
3005
2627
2633
2961
3006
3007
3008
3009
2625
2626
2628
3010
2625
2626
2963
3007
3011
2964
3012
2631
3008
3013
2635
3014
3015
3016
3017
2630
2631
3018
2630
2631
3015
3019
3020
3016
3021
2634
2636
2968
3022
2635
2969
3022
3023
3024
3025
3026
2638
3027
3027
3028
3029
3030
3031
2638
2972
3032
3033
2639
2641
2973
3032
3034
3035
2642
3035
2709
2974
3036
2642
2709
2976
3037
2709
3038
2977
3036
3039
2978
3039
3040
2647
2648
2651
2661
3041
2647
2648
2985
3042
2653
3043
2663
2987
3044
2650
2781
2988
3042
2656
2778
3043
2653
2654
2669
3045
2653
2654
3046
3047
2671
3048
2656
2785
3046
2782
3047
2659
2660
2665
2677
3049
2659
2660
2999
3050
2667
3051
2679
3001
3052
2663
2664
2669
3053
2663
2664
3003
3050
3054
3004
3055
2672
3051
3056
2667
2668
2685
3057
2667
2668
3058
3059
2687
3060
2671
2672
3061
2671
2672
3058
3062
3063
3059
3064
2675
2676
2681
2690
3065
2675
2676
3015
3066
2683
3067
2692
3017
3068
2679
2680
2685
3069
2679
2680
3019
3066
3070
3020
3071
2688
3067
3072
2683
2684
2695
3073
2683
2684
3074
3075
2697
3076
2687
2688
3077
2687
2688
3074
3078
3079
3075
3080
2694
2700
3027
3081
2692
2693
2695
3082
2692
2693
3029
3081
3083
3030
3084
2698
3081
3085
2701
2721
2697
2698
3086
2697
2698
2721
3087
3088
2721
3089
2702
2704
2730
3035
2701
2730
3034
3090
2722
2726
2705
2726
2708
3036
3091
2705
3038
3039
3091
3092
3040
3092
3093
3094
3095
3037
3038
3094
3096
2711
2713
2950
2714
2715
2716
3097
2714
2960
3097
3098
2717
2934
3098
2717
3099
3100
2935
3101
3102
2936
3099
3102
3103
3104
3105
2720
2948
2949
2952
2722
3081
3087
3089
2725
3090
3094
3106
3107
3095
3107
3108
2726
2727
2730
2730
3090
3109
2729
2731
3109
2732
3038
3110
3110
2732
3111
3112
3037
3113
3114
3096
3106
3112
3113
3115
3116
3117
2739
2745
3118
3119
3120
3121
2737
2738
2740
3122
2737
2738
3119
3123
3124
2743
3120
3125
2747
2950
3126
3127
3128
3129
2742
2743
3130
2742
2743
2951
3127
3131
2952
3132
3128
3133
2746
2749
3134
2747
3134
3135
3136
3137
3138
2750
3097
3139
2960
3139
3140
3141
3142
3143
2751
2752
3144
2750
3144
3145
3100
3146
3147
2753
3099
3146
2753
3148
3149
3103
3150
3151
3105
3148
3151
3152
3153
3154
2756
2759
2763
2769
2757
2770
2759
3155
3156
2760
2762
3155
2765
3157
3158
2761
2766
3157
2762
2767
3122
3159
3124
3160
2765
2775
2766
2768
2948
2980
2983
3161
2767
3161
2768
3130
3162
2949
2982
3132
2770
2771
2775
3158
2773
3156
2773
2774
2776
3163
2773
2774
3164
3165
2777
3166
2776
2983
2777
2989
2988
2780
2781
2782
3167
2780
2781
3164
3168
2784
3169
3166
3170
2784
2785
3171
2784
2785
3172
3173
3174
2787
2788
3181
2789
2792
3182
2789
3183
3184
2794
3185
3186
2795
2796
3183
3185
3187
3188
3189
2792
2793
3087
3190
2794
3191
2794
3089
3192
3193
3194
3195
2797
3081
3192
3194
3196
3197
3198
2797
3199
3090
3200
3106
3201
3202
3107
3202
3203
3108
3203
3204
2802
2803
3199
2806
3109
3200
2806
3205
3206
2805
2807
3206
2808
3112
3207
3111
3207
3208
2808
3209
3210
3115
3211
3212
3117
3152
3153
3154
3201
3210
3211
2812
2813
2818
2827
3213
2812
2813
3214
2820
3215
2829
3216
2816
2817
2822
3217
2816
2817
3214
3218
3219
2825
3215
3220
2820
2821
2832
3221
2820
2821
3119
3222
3223
2834
3121
3224
2824
2825
3225
2824
2825
3123
3222
3226
3124
3227
3223
3228
2831
2837
3229
3230
3231
3232
2829
2830
2832
3233
2829
2830
3230
3234
3235
2835
3231
3236
2839
3134
3237
3238
3239
3240
2834
2835
3241
2834
2835
3136
3238
3242
3137
3243
3239
3244
2838
2841
3245
2839
3245
3246
3247
3248
3249
2842
3144
3250
3145
3250
3251
3252
3253
3254
2843
2845
3255
2842
3255
3256
3149
3257
3258
2846
3148
3258
3152
3259
2846
2924
2925
3153
2849
2852
3260
2850
2861
3260
2851
2856
3261
2855
2859
3261
2852
2857
3217
3262
3219
3263
2856
2858
3155
3264
2855
2866
3156
3264
2863
3265
2857
3265
2858
3225
3266
3160
3227
3267
2861
2862
2863
3268
2861
2862
3269
3270
2865
3271
2865
2866
3272
2865
2866
3164
3273
3274
3165
3275
2869
2870
2871
2875
3276
2869
2870
3269
3277
2873
3278
2877
3271
3279
2873
2874
2879
3280
2873
2874
2884
3281
2881
2883
2877
2878
2879
3282
2877
2878
3168
3273
3283
3274
3284
2882
3169
3285
2881
2882
3286
2881
2882
2886
3172
2885
3173
3287
2884
2885
2887
3280
2889
3281
2886
2891
3286
2893
3176
3287
2889
2890
2891
3292
2889
2890
3289
3293
3294
2894
3290
3295
2893
2894
3300
2893
2894
3178
3297
3301
3179
3302
3298
3303
2896
2898
3312
2900
2905
3313
2899
2901
3314
2900
3314
3315
2902
2908
3316
2909
3316
3317
2902
3318
3319
2911
3320
3321
2912
2913
2933
3318
3320
3322
3323
2905
2907
3181
3324
2909
3325
2908
2910
3183
3326
2909
3184
3326
3327
2911
3328
3328
3329
2911
3187
3330
3331
3332
3333
2914
3189
3330
3332
3334
3335
3336
2914
2919
2922
3199
3201
3259
3337
3202
3337
3338
3203
3338
3339
3204
3339
3340
2922
2933
3341
2921
2923
3341
2926
3206
3342
3205
3336
3342
2926
3255
3256
2925
3255
3210
3258
3209
3257
3258
2937
3105
3343
2938
3343
3344
3152
3343
3345
3344
3345
3346
3259
3345
3347
3346
3347
3348
3336
3349
3350
3351
3352
3353
2935
2939
2941
3358
2940
2943
3358
3359
3360
3360
3361
3361
3362
2941
3098
2942
2943
3358
3101
3363
2944
3363
2944
3359
3364
3365
3366
3360
3364
3366
3367
3368
3369
3361
3367
3370
3362
3370
3371
2949
2958
2953
2955
2960
3372
3373
2952
2957
3372
2958
2955
2956
2962
3373
2955
2956
3374
3372
2964
3375
2958
3131
3374
3132
2961
2967
3098
3376
2962
2965
3376
3377
3378
2969
3379
3380
3381
3382
2964
2965
3378
2964
2965
3380
3383
3384
3377
3381
2968
2970
3363
3385
2969
3101
3385
3386
2972
3387
3387
3388
3389
3390
3391
2972
3365
3392
3393
2973
2975
3366
3392
3394
3395
2976
3395
3096
3367
3396
2976
3096
3369
3397
3096
3398
3370
3396
3399
3371
3399
3400
2981
2982
2984
2994
3401
2981
2982
3161
2986
3402
2996
3162
2989
3158
3402
2986
2987
3002
3403
2986
2987
3404
3405
3004
3406
2989
3166
3404
3163
3405
2992
2993
2998
3010
3407
2992
2993
3374
3408
3000
3409
3012
3375
3410
2996
2997
3002
3411
2996
2997
3131
3408
3412
3132
3413
3005
3409
3414
3000
3001
3018
3415
3000
3001
3416
3417
3020
3418
3004
3005
3419
3004
3005
3416
3420
3421
3417
3422
3008
3009
3014
3023
3423
3008
3009
3380
3424
3016
3425
3025
3382
3426
3012
3013
3018
3427
3012
3013
3383
3424
3428
3384
3429
3021
3425
3430
3016
3017
3028
3431
3016
3017
3432
3433
3030
3434
3020
3021
3435
3020
3021
3432
3436
3437
3433
3438
3027
3033
3387
3439
3025
3026
3028
3440
3025
3026
3389
3439
3441
3390
3442
3031
3439
3443
3034
3444
3030
3031
3445
3030
3031
3444
3446
3447
3444
3448
3035
3037
3114
3395
3034
3114
3394
3449
3110
3450
3038
3110
3094
3396
3451
3038
3398
3399
3451
3452
3400
3452
3453
3043
3044
3045
3053
3454
3043
3044
3170
3404
3047
3167
3055
3406
3455
3047
3048
3061
3456
3047
3048
3174
3171
3063
3175
3051
3052
3057
3069
3457
3051
3052
3416
3458
3059
3459
3071
3418
3460
3055
3056
3061
3461
3055
3056
3420
3458
3462
3421
3463
3064
3459
3464
3059
3060
3077
3465
3059
3060
3466
3467
3079
3468
3063
3064
3469
3063
3064
3180
3466
3177
3467
3470
3067
3068
3073
3082
3471
3067
3068
3432
3472
3075
3473
3084
3434
3474
3071
3072
3077
3475
3071
3072
3436
3472
3476
3437
3477
3080
3473
3478
3075
3076
3086
3479
3075
3076
3480
3481
3088
3482
3079
3080
3483
3079
3080
3480
3484
3485
3481
3486
3083
3085
3090
3444
3084
3085
3086
3487
3084
3085
3196
3446
3447
3488
3089
3192
3088
3089
3193
3088
3089
3190
3450
3095
3451
3489
3452
3489
3490
3453
3490
3491
3492
3493
3493
3494
3397
3398
3492
3495
3098
3100
3376
3101
3102
3103
3496
3101
3386
3496
3497
3104
3358
3497
3104
3498
3499
3359
3500
3501
3360
3498
3501
3502
3503
3504
3492
3505
3506
3493
3506
3507
3494
3507
3508
3110
3111
3450
3114
3114
3449
3509
3113
3115
3509
3116
3398
3510
3510
3116
3511
3512
3397
3513
3514
3495
3502
3503
3504
3505
3512
3513
3120
3121
3126
3135
3515
3120
3121
3516
3128
3517
3137
3518
3124
3125
3130
3519
3124
3125
3516
3520
3521
3133
3517
3522
3128
3129
3140
3523
3128
3129
3372
3524
3525
3142
3373
3526
3132
3133
3413
3132
3133
3524
3412
3525
3139
3145
3527
3528
3529
3530
3137
3138
3140
3531
3137
3138
3528
3532
3533
3143
3529
3534
3147
3376
3535
3536
3537
3538
3142
3143
3539
3142
3143
3377
3536
3540
3378
3541
3537
3542
3146
3149
3543
3147
3543
3544
3545
3546
3547
3150
3496
3548
3386
3548
3549
3550
3551
3552
3151
3153
3553
3150
3553
3554
3499
3555
3556
3154
3498
3556
3502
3557
3154
3210
3211
3503
3157
3160
3558
3158
3165
3558
3159
3161
3559
3163
3559
3160
3162
3519
3560
3521
3561
3162
3402
3401
3413
3165
3166
3562
3165
3166
3563
3564
3565
3169
3170
3171
3454
3169
3170
3563
3566
3173
3567
3455
3565
3173
3174
3456
3173
3174
3176
3568
3175
3176
3177
3456
3179
3568
3179
3180
3469
3179
3180
3570
3573
3574
3470
3571
3182
3184
3579
3186
3191
3580
3185
3187
3581
3186
3581
3582
3188
3194
3583
3195
3583
3584
3188
3585
3586
3197
3587
3588
3198
3199
3585
3587
3589
3590
3591
3191
3193
3482
3195
3592
3194
3196
3487
3195
3479
3487
3197
3593
3593
3594
3197
3488
3595
3596
3597
3200
3444
3595
3596
3598
3599
3600
3200
3205
3208
3450
3505
3557
3601
3506
3601
3602
3507
3602
3603
3508
3603
3604
3208
3591
3605
3207
3209
3605
3212
3509
3606
3449
3600
3606
3212
3553
3554
3211
3553
3512
3556
3511
3555
3556
3215
3216
3221
3233
3607
3215
3216
3608
3223
3609
3235
3610
3219
3220
3225
3611
3219
3220
3608
3612
3613
3228
3609
3614
3223
3224
3241
3615
3223
3224
3516
3616
3617
3243
3518
3618
3227
3228
3619
3227
3228
3520
3616
3620
3521
3621
3617
3622
3231
3232
3237
3246
3623
3231
3232
3624
3239
3625
3248
3626
3235
3236
3241
3627
3235
3236
3624
3628
3629
3244
3625
3630
3239
3240
3251
3631
3239
3240
3528
3632
3633
3253
3530
3634
3243
3244
3635
3243
3244
3532
3632
3636
3533
3637
3633
3638
3250
3256
3349
3248
3249
3251
3639
3248
3249
3349
3640
3641
3254
3349
3642
3257
3543
3643
3253
3254
3644
3253
3254
3545
3643
3645
3546
3646
3643
3647
3258
3257
3341
3342
3554
3553
3557
3648
3261
3263
3270
3262
3265
3268
3263
3266
3611
3649
3613
3650
3265
3267
3275
3558
3266
3272
3267
3619
3651
3561
3621
3652
3270
3271
3272
3649
3270
3271
3653
3650
3274
3654
3274
3275
3651
3274
3275
3563
3655
3656
3564
3652
3278
3279
3280
3282
3657
3278
3279
3356
3653
3281
3354
3284
3654
3658
3281
3286
3292
3294
3284
3285
3286
3659
3284
3285
3566
3655
3660
3656
3661
3287
3567
3662
3287
3300
3302
3568
3290
3291
3296
3304
3663
3290
3291
3664
3298
3665
3306
3666
3294
3295
3300
3657
3294
3295
3357
3664
3354
3303
3665
3667
3298
3299
3308
3668
3298
3299
3570
3669
3670
3310
3572
3671
3302
3303
3659
3302
3303
3573
3669
3672
3574
3662
3670
3673
3306
3307
3308
3676
3306
3307
3674
3677
3678
3311
3675
3679
3310
3311
3682
3310
3311
3576
3680
3683
3577
3684
3681
3685
3313
3315
3674
3317
3325
3675
3316
3319
3686
3317
3686
3687
3321
3328
3688
3329
3688
3689
3320
3322
3690
3321
3690
3691
3323
3332
3692
3333
3692
3693
3323
3351
3694
3335
3353
3695
3325
3327
3579
3680
3329
3681
3328
3331
3581
3696
3329
3582
3696
3697
3333
3698
3698
3699
3332
3334
3585
3700
3333
3586
3700
3701
3335
3702
3702
3703
3335
3589
3704
3705
3706
3707
3591
3643
3704
3706
3708
3709
3601
3648
3710
3602
3710
3711
3603
3711
3712
3604
3712
3713
3342
3349
3605
3643
3361
3502
3714
3362
3714
3715
3557
3714
3716
3715
3716
3717
3648
3716
3718
3717
3718
3719
3640
3642
3643
3351
3352
3640
3724
3353
3725
3353
3642
3709
3726
3706
3727
3356
3357
3657
3356
3357
3721
3729
3732
3658
3722
3667
3730
3359
3363
3365
3737
3364
3368
3737
3738
3739
3738
3740
3740
3741
3365
3497
3366
3368
3737
3500
3742
3369
3742
3495
3738
3743
3369
3495
3739
3495
3744
3740
3743
3745
3741
3745
3746
3373
3374
3375
3378
3375
3524
3384
3526
3379
3381
3386
3747
3748
3378
3383
3747
3384
3381
3382
3388
3748
3381
3382
3749
3747
3390
3750
3384
3540
3749
3541
3387
3393
3497
3751
3388
3391
3751
3752
3753
3394
3754
3390
3391
3753
3390
3391
3754
3755
3756
3752
3754
3395
3397
3514
3742
3394
3500
3514
3757
3510
3758
3398
3510
3492
3743
3759
3398
3744
3745
3759
3760
3746
3760
3761
3402
3403
3411
3560
3405
3559
3405
3406
3419
3762
3405
3406
3565
3562
3421
3763
3409
3410
3415
3427
3764
3409
3410
3524
3765
3417
3766
3429
3526
3767
3413
3414
3419
3768
3413
3414
3522
3765
3519
3422
3766
3769
3417
3418
3435
3770
3417
3418
3771
3772
3437
3773
3421
3422
3774
3421
3422
3771
3775
3776
3772
3777
3425
3426
3431
3440
3778
3425
3426
3749
3779
3433
3780
3442
3750
3781
3429
3430
3435
3782
3429
3430
3540
3779
3783
3541
3784
3438
3780
3785
3433
3434
3445
3786
3433
3434
3787
3788
3447
3789
3437
3438
3790
3437
3438
3787
3791
3792
3788
3793
3441
3443
3444
3449
3600
3754
3442
3443
3445
3794
3442
3443
3755
3795
3756
3796
3448
3797
3446
3448
3450
3447
3448
3798
3447
3448
3595
3799
3598
3450
3758
3493
3759
3800
3760
3800
3801
3761
3801
3802
3455
3456
3461
3567
3463
3566
3763
3469
3568
3459
3460
3465
3475
3803
3459
3460
3771
3804
3467
3805
3477
3773
3806
3463
3464
3469
3807
3463
3464
3775
3804
3808
3776
3809
3470
3805
3810
3467
3468
3483
3811
3467
3468
3571
3812
3485
3569
3470
3574
3573
3812
3473
3474
3479
3487
3813
3473
3474
3787
3814
3481
3815
3488
3789
3816
3477
3478
3483
3817
3477
3478
3791
3814
3818
3792
3819
3486
3815
3820
3481
3482
3594
3481
3482
3821
3822
3592
3485
3486
3823
3485
3486
3578
3821
3575
3822
3824
3488
3593
3597
3799
3494
3800
3825
3801
3825
3826
3802
3826
3827
3828
3829
3829
3830
3830
3831
3738
3739
3744
3828
3497
3499
3751
3500
3501
3503
3832
3500
3757
3832
3833
3504
3737
3833
3738
3834
3504
3512
3513
3739
3828
3834
3835
3829
3835
3836
3830
3836
3837
3831
3837
3838
3510
3511
3758
3514
3514
3757
3832
3513
3832
3744
3833
3833
3517
3518
3523
3531
3839
3517
3518
3840
3525
3841
3533
3842
3521
3522
3768
3521
3522
3840
3843
3844
3769
3841
3525
3526
3539
3767
3525
3526
3765
3541
3529
3530
3535
3544
3845
3529
3530
3846
3537
3847
3546
3848
3533
3534
3539
3849
3533
3534
3846
3850
3851
3542
3847
3852
3537
3538
3549
3853
3537
3538
3747
3854
3855
3551
3748
3856
3541
3542
3784
3541
3542
3854
3783
3855
3548
3554
3857
3546
3547
3549
3858
3546
3547
3857
3859
3860
3552
3857
3861
3555
3751
3862
3551
3552
3863
3551
3552
3752
3862
3864
3753
3865
3862
3866
3556
3555
3605
3606
3757
3832
3834
3867
3559
3561
3564
3560
3562
3561
3762
3768
3844
3868
3564
3565
3762
3564
3565
3869
3868
3763
3567
3809
3869
3568
3807
3574
3571
3572
3575
3811
3571
3572
3870
3812
3577
3871
3574
3810
3870
3807
3577
3578
3823
3577
3578
3872
3874
3875
3824
3873
3580
3582
3872
3584
3592
3873
3583
3586
3876
3584
3876
3877
3588
3593
3878
3594
3878
3879
3587
3589
3880
3588
3880
3881
3590
3596
3882
3597
3882
3883
3590
3884
3885
3599
3886
3887
3600
3857
3884
3886
3888
3889
3594
3821
3597
3813
3813
3822
3596
3598
3799
3599
3890
3816
3890
3599
3797
3798
3891
3892
3795
3797
3862
3891
3893
3835
3867
3894
3836
3894
3895
3837
3895
3896
3838
3896
3897
3606
3857
3758
3862
3609
3610
3615
3627
3898
3609
3610
3899
3617
3900
3629
3901
3613
3614
3619
3902
3613
3614
3723
3899
3720
3622
3900
3903
3617
3618
3635
3904
3617
3618
3840
3905
3906
3637
3842
3907
3621
3622
3908
3621
3622
3843
3905
3909
3844
3910
3906
3911
3625
3626
3631
3639
3912
3625
3626
3913
3633
3914
3641
3915
3629
3630
3635
3916
3629
3630
3913
3917
3918
3638
3914
3919
3633
3634
3644
3920
3633
3634
3846
3921
3922
3646
3848
3923
3637
3638
3924
3637
3638
3850
3921
3925
3851
3926
3922
3927
3641
3642
3644
3726
3641
3642
3724
3647
3645
3647
3857
3646
3647
3928
3646
3647
3708
3859
3860
3929
3709
3867
3930
3650
3651
3654
3902
3653
3720
3652
3656
3908
3655
3868
3910
3654
3722
3656
3931
3656
3869
3932
3933
3658
3659
3667
3661
3732
3931
3661
3662
3673
3661
3662
3809
3932
3934
3933
3935
3672
3807
3665
3666
3668
3676
3936
3665
3666
3730
3670
3937
3678
3728
3673
3732
3937
3670
3671
3682
3938
3670
3671
3870
3939
3940
3684
3871
3941
3673
3810
3934
3939
3935
3940
3675
3687
3681
3689
3678
3679
3682
3942
3678
3679
3687
3736
3733
3685
3689
3943
3681
3697
3872
3699
3684
3685
3944
3684
3685
3697
3874
3945
3875
3946
3699
3947
3688
3691
3948
3689
3948
3693
3698
3949
3699
3949
3692
3694
3950
3693
3950
3951
3695
3702
3952
3703
3952
3953
3695
3725
3954
3707
3727
3955
3698
3701
3876
3956
3699
3877
3956
3703
3957
3957
3702
3705
3880
3958
3703
3881
3958
3959
3707
3960
3960
3961
3706
3708
3884
3962
3707
3885
3962
3963
3709
3964
3964
3965
3709
3888
3929
3928
3894
3930
3966
3895
3966
3967
3896
3967
3968
3897
3968
3969
3740
3834
3970
3741
3970
3971
3867
3970
3972
3971
3972
3973
3930
3972
3974
3973
3974
3975
3722
3723
3902
3722
3723
3977
3980
3931
3903
3978
3725
3726
3915
3727
3985
3727
3912
3928
3964
3986
3730
3731
3733
3936
3730
3731
3977
3987
3937
3735
3979
3988
3935
3980
3987
3735
3736
3942
3735
3736
3951
3982
3989
3983
3990
3943
3948
3739
3742
3991
3744
3991
3992
3992
3993
3744
3833
3828
3991
3994
3992
3994
3995
3993
3995
3996
3748
3749
3750
3753
3750
3854
3756
3856
3754
3757
3753
3754
3755
3756
3755
3758
3862
3756
3864
3865
3758
3829
3994
3997
3995
3997
3998
3996
3998
3999
3763
3774
3868
3776
3869
3766
3767
3770
3782
4000
3766
3767
3841
3772
4001
3784
3839
3769
3774
3844
3777
3843
4001
3772
3773
3790
4002
3772
3773
4003
4004
3792
4005
3776
3777
4006
3776
3777
4003
4007
4008
4004
4009
3780
3781
3786
3794
4010
3780
3781
3854
4011
3788
4012
3796
3856
4013
3784
3785
3790
4014
3784
3785
3852
4011
3849
3793
4012
4015
3788
3789
3798
4016
3788
3789
4017
4018
3799
4019
3792
3793
4020
3792
3793
4017
4021
4022
4018
4023
3796
3797
3798
4024
3796
3797
3864
3893
3865
4025
3891
3799
3892
3890
3830
3997
4026
3998
4026
4027
3999
4027
4028
3805
3806
3811
3817
4029
3805
3806
4003
4030
3812
4031
3819
4005
4032
3809
3810
3809
3810
3934
4007
4030
4008
4031
3812
3823
3871
3870
3815
3816
3878
3815
3816
4017
4033
3822
4034
3883
4019
3819
3820
3823
4035
3819
3820
4021
4033
4036
4022
4037
3824
4034
4038
3822
3873
3879
3824
3875
3874
3879
3831
4026
4039
4027
4039
4040
4028
4040
4041
3991
4042
4042
4043
4043
4044
4044
4045
3833
3991
4046
4042
4046
4047
4043
4047
4048
4044
4048
4049
4045
4049
4050
3841
3842
3849
4000
3841
3842
4051
4001
3851
4052
3844
4009
4051
4006
3847
3848
3853
3858
4053
3847
3848
4054
3855
4055
3860
4056
3851
3852
4014
3851
3852
4054
4057
4058
4015
4055
3855
3856
3863
4013
3855
3856
4011
3865
3859
3861
3862
3860
3861
3863
4059
3860
3861
3888
4060
3866
3889
3864
3866
3865
3866
4025
3865
3866
3893
4046
4061
3869
4006
4008
3871
4031
3875
4029
3873
3877
3879
3875
3877
4038
4035
3878
3881
4062
3879
4062
3883
4034
4034
3882
3885
4063
3883
4063
4064
3887
3890
4065
4033
4065
3886
3888
4066
3887
4066
4067
3889
3891
4068
3892
4068
4069
3889
4060
3893
4059
3892
4019
3893
4024
4016
4024
4025
4047
4061
4070
4048
4070
4071
4049
4071
4072
4050
4072
4073
3900
3901
3904
3916
4074
3900
3901
3978
3906
4075
3918
3976
3903
3908
3931
3911
3980
4075
3906
3907
3924
4076
3906
3907
4051
4077
4078
3926
4052
4079
3910
3911
3933
3910
3911
4009
4077
4080
3932
4006
4078
4081
3914
3915
3920
3986
3914
3915
4082
3922
4083
3985
3918
3919
3924
4084
3918
3919
3984
4082
3981
3927
4083
4085
3922
3923
3928
4086
3922
3923
4054
4087
4088
3929
4056
4089
3926
3927
4090
3926
3927
4057
4087
4091
4058
4092
4088
4093
3929
3964
3962
4060
4061
4094
3933
3980
3933
4008
4080
4081
3935
4080
4095
4081
4096
3937
3938
3942
3988
3940
3987
3940
3941
3944
4097
3940
3941
4031
4095
4096
3946
4029
4098
3943
3944
3990
3947
3949
3989
3946
3947
4099
3946
3947
3956
4038
4100
4035
4101
3957
4102
3949
3951
3953
3957
3952
3954
4103
3953
4103
3955
3960
4104
3961
3989
4104
3955
3985
4105
3965
3986
4106
3957
3959
4062
3961
3960
3963
4063
4107
3961
4064
4100
4107
3965
4108
4102
4108
3964
4066
4089
3965
4067
4089
4109
4086
4086
4110
4070
4094
4111
4071
4111
4112
4072
4112
4113
4073
4113
4114
3992
4046
4115
3993
4115
4116
4061
4115
4117
4116
4117
4118
4094
4117
4119
4118
4119
4120
3978
3979
3981
4074
3978
3979
4121
4075
3983
4122
4081
4121
3983
3984
4084
3983
3984
4103
4123
4124
4085
4105
3986
4082
4083
4086
3988
4096
4121
3990
4097
4122
3990
4102
4123
4099
4124
4125
4125
4126
4126
4127
4042
4125
4128
4126
4128
4129
4127
4129
4130
4043
4128
4131
4129
4131
4132
4130
4132
4133
4001
4002
4014
4052
4004
4051
4004
4005
4020
4134
4004
4005
4135
4136
4022
4137
4008
4009
4008
4009
4080
4135
4136
4012
4013
4016
4024
4138
4012
4013
4055
4018
4139
4025
4053
4015
4020
4058
4023
4057
4139
4018
4019
4069
4018
4019
4140
4141
4065
4022
4023
4142
4022
4023
4140
4143
4144
4141
4145
4025
4068
4059
4044
4131
4146
4132
4146
4147
4133
4147
4148
4031
4032
4035
4031
4032
4095
4135
4037
4098
4137
4034
4064
4140
4062
4037
4038
4037
4038
4064
4100
4143
4101
4144
4062
4045
4146
4149
4147
4149
4150
4148
4150
4151
4125
4152
4152
4153
4153
4154
4154
4155
4125
4156
4152
4156
4157
4153
4157
4158
4154
4158
4159
4155
4159
4160
4052
4136
4058
4134
4055
4056
4059
4138
4055
4056
4161
4139
4060
4162
4058
4145
4161
4142
4060
4068
4066
4156
4163
4064
4065
4067
4164
4164
4069
4140
4068
4162
4069
4162
4165
4138
4138
4141
4157
4163
4166
4158
4166
4167
4159
4167
4168
4160
4168
4169
4075
4076
4084
4122
4078
4121
4078
4079
4090
4170
4078
4079
4136
4171
4172
4092
4134
4173
4081
4171
4172
4083
4105
4088
4106
4085
4090
4124
4093
4106
4123
4088
4089
4088
4089
4109
4161
4110
4162
4092
4093
4174
4092
4093
4109
4145
4175
4142
4176
4110
4177
4163
4178
4096
4098
4171
4097
4172
4098
4099
4170
4101
4173
4101
4102
4174
4101
4102
4175
4176
4177
4104
4105
4106
4108
4123
4106
4110
4108
4109
4164
4175
4110
4177
4110
4165
4166
4178
4179
4167
4179
4180
4168
4180
4181
4169
4181
4182
4126
4156
4183
4127
4183
4184
4163
4183
4185
4184
4185
4186
4178
4185
4187
4186
4187
4188
4122
4172
4124
4170
4124
4177
4174
4189
4189
4190
4190
4191
4152
4189
4192
4190
4192
4193
4191
4193
4194
4153
4192
4195
4193
4195
4196
4194
4196
4197
4136
4137
4142
4136
4137
4171
4144
4173
4139
4162
4141
4161
4141
4164
4165
4144
4145
4144
4145
4164
4175
4176
4165
4154
4195
4198
4196
4198
4199
4197
4199
4200
4155
4198
4201
4199
4201
4202
4200
4202
4203
4189
4204
4204
4205
4205
4206
4206
4207
4189
4208
4204
4208
4209
4205
4209
4210
4206
4210
4211
4207
4211
4212
4162
4165
4208
4213
4165
4209
4213
4214
4210
4214
4215
4211
4215
4216
4212
4216
4217
4172
4173
4174
4172
4173
4176
4176
4177
4176
4177
4213
4218
4214
4218
4219
4215
4219
4220
4216
4220
4221
4217
4221
4222
4190
4208
4223
4191
4223
4224
4213
4223
4225
4224
4225
4226
4218
4225
4227
4226
4227
4228
4229
4229
4230
4230
4231
4204
4229
4232
4230
4232
4233
4231
4233
4234
4205
4232
4235
4233
4235
4236
4234
4236
4237
4206
4235
4238
4236
4238
4239
4237
4239
4240
4207
4238
4241
4239
4241
4242
4240
4242
4243
4229
4244
4244
4245
4245
4246
4246
4247
4229
4248
4244
4248
4249
4245
4249
4250
4246
4250
4251
4247
4251
4252
4248
4253
4249
4253
4254
4250
4254
4255
4251
4255
4256
4252
4256
4257
4253
4258
4254
4258
4259
4255
4259
4260
4256
4260
4261
4257
4261
4262
4230
4248
4263
4231
4263
4264
4253
4263
4265
4264
4265
4266
4258
4265
4267
4266
4267
4268
4269
4269
4270
4270
4271
4244
4269
4272
4270
4272
4273
4271
4273
4274
4245
4272
4275
4273
4275
4276
4274
4276
4277
4246
4275
4278
4276
4278
4279
4277
4279
4280
4247
4278
4281
4279
4281
4282
4280
4282
4283
4269
4284
4284
4285
4285
4286
4286
4287
4269
4288
4284
4288
4289
4285
4289
4290
4286
4290
4291
4287
4291
4292
4288
4293
4289
4293
4294
4290
4294
4295
4291
4295
4296
4292
4296
4297
4293
4298
4294
4298
4299
4295
4299
4300
4296
4300
4301
4297
4301
4302
4270
4288
4303
4271
4303
4304
4293
4303
4305
4304
4305
4306
4298
4305
4307
4306
4307
4308
4309
4309
4310
4310
4311
4284
4309
4312
4310
4312
4313
4311
4313
4314
4285
4312
4315
4313
4315
4316
4314
4316
4317
4286
4315
4318
4316
4318
4319
4317
4319
4320
4287
4318
4321
4319
4321
4322
4320
4322
4323
4309
4324
4324
4325
4325
4326
4326
4327
4309
4328
4324
4328
4329
4325
4329
4330
4326
4330
4331
4327
4331
4332
4328
4333
4329
4333
4334
4330
4334
4335
4331
4335
4336
4332
4336
4337
4333
4338
4334
4338
4339
4335
4339
4340
4336
4340
4341
4337
4341
4342
4310
4328
4343
4311
4343
4344
4333
4343
4345
4344
4345
4346
4338
4345
4347
4346
4347
4348
4349
4349
4350
4350
4351
4324
4349
4352
4350
4352
4353
4351
4353
4354
4325
4352
4355
4353
4355
4356
4354
4356
4357
4326
4355
4358
4356
4358
4359
4357
4359
4360
4327
4358
4361
4359
4361
4362
4360
4362
4363
4349
4364
4364
4365
4365
4366
4366
4367
4349
4368
4364
4368
4369
4365
4369
4370
4366
4370
4371
4367
4371
4372
4368
4373
4369
4373
4374
4370
4374
4375
4371
4375
4376
4372
4376
4377
4373
4378
4374
4378
4379
4375
4379
4380
4376
4380
4381
4377
4381
4382
4350
4368
4383
4351
4383
4384
4373
4383
4385
4384
4385
4386
4378
4385
4387
4386
4387
4388
4389
4389
4390
4390
4391
4364
4389
4392
4390
4392
4393
4391
4393
4394
4365
4392
4395
4393
4395
4396
4394
4396
4397
4366
4395
4398
4396
4398
4399
4397
4399
4400
4367
4398
4401
4399
4401
4402
4400
4402
4403
4389
4404
4404
4405
4405
4406
4406
4407
4389
4408
4404
4408
4409
4405
4409
4410
4406
4410
4411
4407
4411
4412
4408
4413
4409
4413
4414
4410
4414
4415
4411
4415
4416
4412
4416
4417
4413
4418
4414
4418
4419
4415
4419
4420
4416
4420
4421
4417
4421
4390
4408
4422
4391
4422
4423
4413
4422
4424
4423
4424
4425
4418
4424
4426
4425
4426
4427
4428
4428
4429
4429
4430
4404
4428
4431
4429
4431
4432
4430
4432
4433
4405
4431
4434
4432
4434
4435
4433
4435
4436
4406
4434
4437
4435
4437
4438
4436
4438
4439
4407
4437
4440
4438
4440
4441
4439
4441
4428
4442
4442
4443
4443
4444
4444
4445
4428
4446
4442
4446
4447
4443
4447
4448
4444
4448
4449
4445
4449
4450
4446
4451
4447
4451
4452
4448
4452
4453
4449
4453
4454
4450
4454
4451
4455
4452
4455
4456
4453
4456
4457
4454
4457
4429
4446
4458
4430
4458
4459
4451
4458
4460
4459
4460
4461
4455
4460
4462
4461
4462
4463
4464
4464
4465
4465
4466
4442
4464
4467
4465
4467
4468
4466
4468
4469
4443
4467
4470
4468
4470
4471
4469
4471
4472
4444
4470
4473
4471
4473
4474
4472
4474
4445
4473
4475
4474
4475
4464
4476
4476
4477
4477
4478
4478
4479
4464
4480
4476
4480
4481
4477
4481
4482
4478
4482
4483
4479
4483
4480
4484
4481
4484
4485
4482
4485
4486
4483
4486
4484
4487
4485
4487
4488
4486
4488
4465
4480
4489
4466
4489
4490
4484
4489
4491
4490
4491
4492
4487
4491
4493
4492
4493
4494
4494
4495
4495
4496
4476
4494
4497
4495
4497
4498
4496
4498
4499
4477
4497
4500
4498
4500
4501
4499
4501
4478
4500
4502
4501
4502
4479
4502
4494
4503
4503
4504
4504
4505
4505
4494
4506
4503
4506
4507
4504
4507
4508
4505
4508
4506
4509
4507
4509
4510
4508
4510
4509
4511
4510
4511
4495
4506
4512
4496
4512
4513
4509
4512
4514
4513
4514
4511
4514
4515
4515
4516
4516
4517
4503
4515
4518
4516
4518
4519
4517
4519
4504
4518
4520
4519
4520
4505
4520
4515
4521
4521
4522
4522
4515
4523
4521
4523
4524
4522
4524
4523
4525
4524
4525
4525
4516
4523
4526
4517
4526
4525
4526
4527
4527
4528
4528
4521
4527
4529
4528
4529
4522
4529
4527
4530
4530
4527
4531
4530
4531
4531
4528
4531
4532
4532
4530
4532
4532
4532
)


// ************************************************************************* //
