/*--------------------------------*- C++ -*----------------------------------*\
| =========                 |                                                 |
| \\      /  F ield         | OpenFOAM: The Open Source CFD Toolbox           |
|  \\    /   O peration     | Version:  2406                                  |
|   \\  /    A nd           | Website:  www.openfoam.com                      |
|    \\/     M anipulation  |                                                 |
\*---------------------------------------------------------------------------*/
FoamFile
{
    version     2.0;
    format      ascii;
    arch        "LSB;label=32;scalar=64";
    class       labelList;
    location    "constant/polyMesh";
    object      pointProcAddressing;
}
// * * * * * * * * * * * * * * * * * * * * * * * * * * * * * * * * * * * * * //


5772
(
36
37
38
39
40
45
46
47
48
49
54
55
56
57
58
63
64
65
66
67
72
73
74
75
76
117
118
119
120
121
126
127
128
129
130
135
136
137
138
139
144
145
146
147
148
153
154
155
156
157
198
199
200
201
202
207
208
209
210
211
216
217
218
219
220
225
226
227
228
229
234
235
236
237
238
279
280
281
282
283
288
289
290
291
292
297
298
299
300
301
306
307
308
309
310
315
316
317
318
319
360
361
362
363
364
369
370
371
372
373
378
379
380
381
382
387
388
389
390
391
396
397
398
399
400
441
442
443
444
445
450
451
452
453
454
459
460
461
462
463
468
469
470
471
472
477
478
479
480
481
522
523
524
525
526
531
532
533
534
535
540
541
542
543
544
549
550
551
552
553
558
559
560
561
562
603
604
605
606
607
612
613
614
615
616
621
622
623
624
625
630
631
632
633
634
639
640
641
642
643
684
685
686
687
688
693
694
695
696
697
702
703
704
705
706
711
712
713
714
715
720
721
722
723
724
765
766
767
768
769
774
775
776
777
778
783
784
785
786
787
792
793
794
795
796
801
802
803
804
805
846
847
848
849
850
855
856
857
858
859
864
865
866
867
868
873
874
875
876
877
882
883
884
885
886
927
928
929
930
931
936
937
938
939
940
945
946
947
948
949
954
955
956
957
958
963
964
965
966
967
1008
1009
1010
1011
1012
1017
1018
1019
1020
1021
1026
1027
1028
1029
1030
1035
1036
1037
1038
1039
1044
1045
1046
1047
1048
1089
1090
1091
1092
1093
1098
1099
1100
1101
1102
1107
1108
1109
1110
1111
1116
1117
1118
1119
1120
1125
1126
1127
1128
1129
1170
1171
1172
1173
1174
1179
1180
1181
1182
1183
1188
1189
1190
1191
1192
1197
1198
1199
1200
1201
1206
1207
1208
1209
1210
1251
1252
1253
1254
1255
1260
1261
1262
1263
1264
1269
1270
1271
1272
1273
1278
1279
1280
1281
1282
1287
1288
1289
1290
1291
1332
1333
1334
1335
1336
1341
1342
1343
1344
1345
1350
1351
1352
1353
1354
1359
1360
1361
1362
1363
1368
1369
1370
1371
1372
1413
1414
1415
1416
1417
1422
1423
1424
1425
1426
1431
1432
1433
1434
1435
1440
1441
1442
1443
1444
1449
1450
1451
1452
1453
1494
1495
1496
1497
1498
1503
1504
1505
1506
1507
1512
1513
1514
1515
1516
1521
1522
1523
1524
1525
1530
1531
1532
1533
1534
1575
1576
1577
1578
1579
1584
1585
1586
1587
1588
1593
1594
1595
1596
1597
1602
1603
1604
1605
1606
1611
1612
1613
1614
1615
1656
1657
1658
1659
1660
1665
1666
1667
1668
1669
1674
1675
1676
1677
1678
1683
1684
1685
1686
1687
1692
1693
1694
1695
1696
1737
1738
1739
1740
1741
1746
1747
1748
1749
1750
1755
1756
1757
1758
1759
1764
1765
1766
1767
1768
1773
1774
1775
1776
1777
1818
1819
1820
1821
1822
1827
1828
1829
1830
1831
1836
1837
1838
1839
1840
1845
1846
1847
1848
1849
1854
1855
1856
1857
1858
1899
1900
1901
1902
1903
1908
1909
1910
1911
1912
1917
1918
1919
1920
1921
1926
1927
1928
1929
1930
1935
1936
1937
1938
1939
1980
1981
1982
1983
1984
1989
1990
1991
1992
1993
1998
1999
2000
2001
2002
2007
2008
2009
2010
2011
2016
2017
2018
2019
2020
2061
2062
2063
2064
2065
2070
2071
2072
2073
2074
2079
2080
2081
2082
2083
2088
2089
2090
2091
2092
2097
2098
2099
2100
2101
2142
2143
2144
2145
2146
2151
2152
2153
2154
2155
2160
2161
2162
2163
2164
2169
2170
2171
2172
2173
2178
2179
2180
2181
2182
2223
2224
2225
2226
2227
2232
2233
2234
2235
2236
2241
2242
2243
2244
2245
2250
2251
2252
2253
2254
2259
2260
2261
2262
2263
2304
2305
2306
2307
2308
2313
2314
2315
2316
2317
2322
2323
2324
2325
2326
2331
2332
2333
2334
2335
2340
2341
2342
2343
2344
2385
2386
2387
2388
2389
2394
2395
2396
2397
2398
2403
2404
2405
2406
2407
2412
2413
2414
2415
2416
2421
2422
2423
2424
2425
2466
2467
2468
2469
2470
2475
2476
2477
2478
2479
2484
2485
2486
2487
2488
2493
2494
2495
2496
2497
2502
2503
2504
2505
2506
2547
2548
2549
2550
2551
2556
2557
2558
2559
2560
2565
2566
2567
2568
2569
2574
2575
2576
2577
2578
2583
2584
2585
2586
2587
2628
2629
2630
2631
2632
2637
2638
2639
2640
2641
2646
2647
2648
2649
2650
2655
2656
2657
2658
2659
2664
2665
2666
2667
2668
2709
2710
2711
2712
2713
2718
2719
2720
2721
2722
2727
2728
2729
2730
2731
2736
2737
2738
2739
2740
2745
2746
2747
2748
2749
2790
2791
2792
2793
2794
2799
2800
2801
2802
2803
2808
2809
2810
2811
2812
2817
2818
2819
2820
2821
2826
2827
2828
2829
2830
2871
2872
2873
2874
2875
2880
2881
2882
2883
2884
2889
2890
2891
2892
2893
2898
2899
2900
2901
2902
2907
2908
2909
2910
2911
2952
2953
2954
2955
2956
2961
2962
2963
2964
2965
2970
2971
2972
2973
2974
2979
2980
2981
2982
2983
2988
2989
2990
2991
2992
3033
3034
3035
3036
3037
3042
3043
3044
3045
3046
3051
3052
3053
3054
3055
3060
3061
3062
3063
3064
3069
3070
3071
3072
3073
3114
3115
3116
3117
3118
3123
3124
3125
3126
3127
3132
3133
3134
3135
3136
3141
3142
3143
3144
3145
3150
3151
3152
3153
3154
3195
3196
3197
3198
3199
3204
3205
3206
3207
3208
3213
3214
3215
3216
3217
3222
3223
3224
3225
3226
3231
3232
3233
3234
3235
3276
3277
3278
3279
3280
3285
3286
3287
3288
3289
3294
3295
3296
3297
3298
3303
3304
3305
3306
3307
3312
3313
3314
3315
3316
4437
4438
4439
4440
4441
4442
4443
4444
4445
4446
4447
4448
4449
4450
4451
4461
4462
4463
4464
4465
4466
4467
4468
4469
4470
4471
4472
4473
4474
4475
4485
4486
4487
4488
4489
4490
4491
4492
4493
4494
4495
4496
4497
4498
4499
4509
4510
4511
4512
4513
4514
4515
4516
4517
4518
4519
4520
4521
4522
4523
4533
4534
4535
4536
4537
4538
4539
4540
4541
4542
4543
4544
4545
4546
4547
4557
4558
4559
4560
4561
4562
4563
4564
4565
4566
4567
4568
4569
4570
4571
4581
4582
4583
4584
4585
4586
4587
4588
4589
4590
4591
4592
4593
4594
4595
4605
4606
4607
4608
4609
4610
4611
4612
4613
4614
4615
4616
4617
4618
4619
4629
4630
4631
4632
4633
4634
4635
4636
4637
4638
4639
4640
4641
4642
4643
4653
4654
4655
4656
4657
4658
4659
4660
4661
4662
4663
4664
4665
4666
4667
4677
4678
4679
4680
4681
4682
4683
4684
4685
4686
4687
4688
4689
4690
4691
4701
4702
4703
4704
4705
4706
4707
4708
4709
4710
4711
4712
4713
4714
4715
4725
4726
4727
4728
4729
4730
4731
4732
4733
4734
4735
4736
4737
4738
4739
4749
4750
4751
4752
4753
4754
4755
4756
4757
4758
4759
4760
4761
4762
4763
4773
4774
4775
4776
4777
4778
4779
4780
4781
4782
4783
4784
4785
4786
4787
4797
4798
4799
4800
4801
4802
4803
4804
4805
4806
4807
4808
4809
4810
4811
4821
4822
4823
4824
4825
4826
4827
4828
4829
4830
4831
4832
4833
4834
4835
4845
4846
4847
4848
4849
4850
4851
4852
4853
4854
4855
4856
4857
4858
4859
4869
4870
4871
4872
4873
4874
4875
4876
4877
4878
4879
4880
4881
4882
4883
4893
4894
4895
4896
4897
4898
4899
4900
4901
4902
4903
4904
4905
4906
4907
4917
4918
4919
4920
4921
4922
4923
4924
4925
4926
4927
4928
4929
4930
4931
4941
4942
4943
4944
4945
4946
4947
4948
4949
4950
4951
4952
4953
4954
4955
4965
4966
4967
4968
4969
4970
4971
4972
4973
4974
4975
4976
4977
4978
4979
4989
4990
4991
4992
4993
4994
4995
4996
4997
4998
4999
5000
5001
5002
5003
5013
5014
5015
5016
5017
5018
5019
5020
5021
5022
5023
5024
5025
5026
5027
5037
5038
5039
5040
5041
5042
5043
5044
5045
5046
5047
5048
5049
5050
5051
5061
5062
5063
5064
5065
5066
5067
5068
5069
5070
5071
5072
5073
5074
5075
5085
5086
5087
5088
5089
5090
5091
5092
5093
5094
5095
5096
5097
5098
5099
5109
5110
5111
5112
5113
5114
5115
5116
5117
5118
5119
5120
5121
5122
5123
5133
5134
5135
5136
5137
5138
5139
5140
5141
5142
5143
5144
5145
5146
5147
5157
5158
5159
5160
5161
5162
5163
5164
5165
5166
5167
5168
5169
5170
5171
5181
5182
5183
5184
5185
5186
5187
5188
5189
5190
5191
5192
5193
5194
5195
5205
5206
5207
5208
5209
5210
5211
5212
5213
5214
5215
5216
5217
5218
5219
5229
5230
5231
5232
5233
5234
5235
5236
5237
5238
5239
5240
5241
5242
5243
5253
5254
5255
5256
5257
5258
5259
5260
5261
5262
5263
5264
5265
5266
5267
5277
5278
5279
5280
5281
5282
5283
5284
5285
5286
5287
5288
5289
5290
5291
5301
5302
5303
5304
5305
5306
5307
5308
5309
5310
5311
5312
5313
5314
5315
5325
5326
5327
5328
5329
5330
5331
5332
5333
5334
5335
5336
5337
5338
5339
5349
5350
5351
5352
5353
5354
5355
5356
5357
5358
5359
5360
5361
5362
5363
5373
5374
5375
5376
5377
5378
5379
5380
5381
5382
5383
5384
5385
5386
5387
5397
5398
5399
5400
5401
5402
5403
5404
5405
5406
5407
5408
5409
5410
5411
5412
5413
5414
5415
5416
5417
5418
5419
5420
5421
5422
5423
5436
5437
5438
5439
5440
5441
5442
5443
5444
5445
5446
5447
5460
5461
5462
5463
5464
5465
5466
5467
5468
5469
5470
5471
5484
5485
5486
5487
5488
5489
5490
5491
5492
5493
5494
5495
5508
5509
5510
5511
5512
5513
5514
5515
5516
5517
5518
5519
5532
5533
5534
5535
5536
5537
5538
5539
5540
5541
5542
5543
5556
5557
5558
5559
5560
5561
5562
5563
5564
5565
5566
5567
5580
5581
5582
5583
5584
5585
5586
5587
5588
5589
5590
5591
5604
5605
5606
5607
5608
5609
5610
5611
5612
5613
5614
5615
5628
5629
5630
5631
5632
5633
5634
5635
5636
5637
5638
5639
5652
5653
5654
5655
5656
5657
5658
5659
5660
5661
5662
5663
5676
5677
5678
5679
5680
5681
5682
5683
5684
5685
5686
5687
5700
5701
5702
5703
5704
5705
5706
5707
5708
5709
5710
5711
5724
5725
5726
5727
5728
5729
5730
5731
5732
5733
5734
5735
5748
5749
5750
5751
5752
5753
5754
5755
5756
5757
5758
5759
5772
5773
5774
5775
5776
5777
5778
5779
5780
5781
5782
5783
5796
5797
5798
5799
5800
5801
5802
5803
5804
5805
5806
5807
5820
5821
5822
5823
5824
5825
5826
5827
5828
5829
5830
5831
5844
5845
5846
5847
5848
5849
5850
5851
5852
5853
5854
5855
5868
5869
5870
5871
5872
5873
5874
5875
5876
5877
5878
5879
5892
5893
5894
5895
5896
5897
5898
5899
5900
5901
5902
5903
5916
5917
5918
5919
5920
5921
5922
5923
5924
5925
5926
5927
5940
5941
5942
5943
5944
5945
5946
5947
5948
5949
5950
5951
5964
5965
5966
5967
5968
5969
5970
5971
5972
5973
5974
5975
5988
5989
5990
5991
5992
5993
5994
5995
5996
5997
5998
5999
6012
6013
6014
6015
6016
6017
6018
6019
6020
6021
6022
6023
6036
6037
6038
6039
6040
6041
6042
6043
6044
6045
6046
6047
6060
6061
6062
6063
6064
6065
6066
6067
6068
6069
6070
6071
6084
6085
6086
6087
6088
6089
6090
6091
6092
6093
6094
6095
6108
6109
6110
6111
6112
6113
6114
6115
6116
6117
6118
6119
6132
6133
6134
6135
6136
6137
6138
6139
6140
6141
6142
6143
6156
6157
6158
6159
6160
6161
6162
6163
6164
6165
6166
6167
6180
6181
6182
6183
6184
6185
6186
6187
6188
6189
6190
6191
6204
6205
6206
6207
6208
6209
6210
6211
6212
6213
6214
6215
6228
6229
6230
6231
6232
6233
6234
6235
6236
6237
6238
6239
6252
6253
6254
6255
6256
6257
6258
6259
6260
6261
6262
6263
6276
6277
6278
6279
6280
6281
6282
6283
6284
6285
6286
6287
6300
6301
6302
6303
6304
6305
6306
6307
6308
6309
6310
6311
6324
6325
6326
6327
6328
6329
6330
6331
6332
6333
6334
6335
6348
6349
6350
6351
6352
6353
6354
6355
6356
6357
6358
6359
6372
6373
6374
6375
6376
6377
6378
6379
6380
6381
6382
6383
7289
7290
7291
7292
7297
7298
7299
7300
7305
7306
7307
7308
7313
7314
7315
7316
7353
7354
7355
7356
7361
7362
7363
7364
7369
7370
7371
7372
7377
7378
7379
7380
7417
7418
7419
7420
7425
7426
7427
7428
7433
7434
7435
7436
7441
7442
7443
7444
7481
7482
7483
7484
7489
7490
7491
7492
7497
7498
7499
7500
7505
7506
7507
7508
7545
7546
7547
7548
7553
7554
7555
7556
7561
7562
7563
7564
7569
7570
7571
7572
7609
7610
7611
7612
7617
7618
7619
7620
7625
7626
7627
7628
7633
7634
7635
7636
7673
7674
7675
7676
7681
7682
7683
7684
7689
7690
7691
7692
7697
7698
7699
7700
7737
7738
7739
7740
7745
7746
7747
7748
7753
7754
7755
7756
7761
7762
7763
7764
7801
7802
7803
7804
7809
7810
7811
7812
7817
7818
7819
7820
7825
7826
7827
7828
7937
7938
7939
7940
7941
7942
7943
7944
7945
7946
7947
7948
7950
7951
7963
7964
7965
7966
7967
7968
7969
7970
7971
7972
7973
7974
7976
7977
7989
7990
7991
7992
7993
7994
7995
7996
7997
7998
7999
8000
8002
8003
8015
8016
8017
8018
8019
8020
8021
8022
8023
8024
8025
8026
8028
8029
8041
8042
8043
8044
8045
8046
8047
8048
8050
8162
8163
8164
8165
8166
8167
8168
8169
8170
8171
8172
8173
8175
8176
8188
8189
8190
8191
8192
8193
8194
8195
8196
8197
8198
8199
8201
8202
8214
8215
8216
8217
8218
8219
8220
8221
8222
8223
8224
8225
8227
8228
8240
8241
8242
8243
8244
8245
8246
8247
8248
8249
8250
8251
8253
8254
8266
8267
8268
8269
8270
8271
8272
8273
8275
8387
8388
8389
8390
8391
8392
8393
8394
8395
8396
8397
8398
8400
8401
8413
8414
8415
8416
8417
8418
8419
8420
8421
8422
8423
8424
8426
8427
8439
8440
8441
8442
8443
8444
8445
8446
8447
8448
8449
8450
8452
8453
8465
8466
8467
8468
8469
8470
8471
8472
8473
8474
8475
8476
8478
8479
8491
8492
8493
8494
8495
8496
8497
8498
8500
8612
8613
8614
8615
8616
8617
8618
8619
8620
8621
8622
8623
8625
8626
8638
8639
8640
8641
8642
8643
8644
8645
8646
8647
8648
8649
8651
8652
8664
8665
8666
8667
8668
8669
8670
8671
8672
8673
8674
8675
8677
8678
8690
8691
8692
8693
8694
8695
8696
8697
8698
8699
8700
8701
8703
8704
8716
8717
8718
8719
8720
8721
8722
8723
8725
8837
8838
8839
8840
8841
8842
8843
8844
8845
8846
8847
8848
8850
8851
8863
8864
8865
8866
8867
8868
8869
8870
8871
8872
8873
8874
8876
8877
8889
8890
8891
8892
8893
8894
8895
8896
8897
8898
8899
8900
8902
8903
8915
8916
8917
8918
8919
8920
8921
8922
8923
8924
8925
8926
8928
8929
8941
8942
8943
8944
8945
8946
8947
8948
8950
9062
9063
9064
9065
9066
9067
9068
9069
9070
9071
9072
9073
9075
9076
9088
9089
9090
9091
9092
9093
9094
9095
9096
9097
9098
9099
9101
9102
9114
9115
9116
9117
9118
9119
9120
9121
9122
9123
9124
9125
9127
9128
9140
9141
9142
9143
9144
9145
9146
9147
9148
9149
9150
9151
9153
9154
9166
9167
9168
9169
9170
9171
9172
9173
9175
9287
9288
9289
9290
9291
9292
9293
9294
9295
9296
9297
9298
9300
9301
9313
9314
9315
9316
9317
9318
9319
9320
9321
9322
9323
9324
9326
9327
9339
9340
9341
9342
9343
9344
9345
9346
9347
9348
9349
9350
9352
9353
9365
9366
9367
9368
9369
9370
9371
9372
9373
9374
9375
9376
9378
9379
9391
9392
9393
9394
9395
9396
9397
9398
9400
9512
9513
9514
9515
9516
9517
9518
9519
9520
9521
9522
9523
9525
9526
9538
9539
9540
9541
9542
9543
9544
9545
9546
9547
9548
9549
9551
9552
9564
9565
9566
9567
9568
9569
9570
9571
9572
9573
9574
9575
9577
9578
9590
9591
9592
9593
9594
9595
9596
9597
9598
9599
9600
9601
9603
9604
9616
9617
9618
9619
9620
9621
9622
9623
9625
9737
9738
9739
9740
9741
9742
9743
9744
9745
9746
9747
9748
9750
9751
9763
9764
9765
9766
9767
9768
9769
9770
9771
9772
9773
9774
9776
9777
9789
9790
9791
9792
9793
9794
9795
9796
9797
9798
9799
9800
9802
9803
9815
9816
9817
9818
9819
9820
9821
9822
9823
9824
9825
9826
9828
9829
9841
9842
9843
9844
9845
9846
9847
9848
9850
9926
9927
9928
9929
9930
9931
9932
9933
9935
9943
9944
9945
9946
9947
9948
9949
9950
9952
9960
9961
9962
9963
9964
9965
9966
9967
9969
9977
9978
9979
9980
9981
9982
9983
9984
9986
9994
9995
9996
9997
10034
10035
10036
10037
10042
10043
10044
10045
10050
10051
10052
10053
10058
10059
10060
10061
10150
10154
10157
10160
10174
10175
10176
10177
10178
10179
10180
10181
10182
10183
10184
10185
10186
10199
10200
10201
10202
10203
10204
10205
10206
10207
10208
10209
10210
10211
10224
10225
10226
10227
10228
10229
10230
10231
10232
10233
10234
10235
10236
10249
10250
10251
10252
10253
10254
10255
10256
10257
10258
10259
10260
10261
10358
10362
10365
10368
10382
10383
10384
10385
10386
10387
10388
10389
10390
10391
10392
10393
10394
10407
10408
10409
10410
10411
10412
10413
10414
10415
10416
10417
10418
10419
10432
10433
10434
10435
10436
10437
10438
10439
10440
10441
10442
10443
10444
10457
10458
10459
10460
10461
10462
10463
10464
10465
10466
10467
10468
10469
10566
10570
10573
10576
10590
10591
10592
10593
10594
10595
10596
10597
10598
10599
10600
10601
10602
10615
10616
10617
10618
10619
10620
10621
10622
10623
10624
10625
10626
10627
10640
10641
10642
10643
10644
10645
10646
10647
10648
10649
10650
10651
10652
10665
10666
10667
10668
10669
10670
10671
10672
10673
10674
10675
10676
10677
10774
10778
10781
10784
10798
10799
10800
10801
10802
10803
10804
10805
10806
10807
10808
10809
10810
10823
10824
10825
10826
10827
10828
10829
10830
10831
10832
10833
10834
10835
10848
10849
10850
10851
10852
10853
10854
10855
10856
10857
10858
10859
10860
10873
10874
10875
10876
10877
10878
10879
10880
10881
10882
10883
10884
10885
10982
10986
10989
10992
11006
11007
11008
11009
11010
11011
11012
11013
11014
11015
11016
11017
11018
11031
11032
11033
11034
11035
11036
11037
11038
11039
11040
11041
11042
11043
11056
11057
11058
11059
11060
11061
11062
11063
11064
11065
11066
11067
11068
11081
11082
11083
11084
11085
11086
11087
11088
11089
11090
11091
11092
11093
11190
11194
11197
11200
11214
11215
11216
11217
11218
11219
11220
11221
11222
11223
11224
11225
11226
11239
11240
11241
11242
11243
11244
11245
11246
11247
11248
11249
11250
11251
11264
11265
11266
11267
11268
11269
11270
11271
11272
11273
11274
11275
11276
11289
11290
11291
11292
11293
11294
11295
11296
11297
11298
11299
11300
11301
11398
11402
11405
11408
11422
11423
11424
11425
11426
11427
11428
11429
11430
11431
11432
11433
11434
11447
11448
11449
11450
11451
11452
11453
11454
11455
11456
11457
11458
11459
11472
11473
11474
11475
11476
11477
11478
11479
11480
11481
11482
11483
11484
11497
11498
11499
11500
11501
11502
11503
11504
11505
11506
11507
11508
11509
11606
11610
11613
11616
11630
11631
11632
11633
11634
11635
11636
11637
11638
11639
11640
11641
11642
11655
11656
11657
11658
11659
11660
11661
11662
11663
11664
11665
11666
11667
11680
11681
11682
11683
11684
11685
11686
11687
11688
11689
11690
11691
11692
11705
11706
11707
11708
11709
11710
11711
11712
11713
11714
11715
11716
11717
11814
11818
11821
11824
11838
11839
11840
11841
11842
11843
11844
11845
11846
11847
11848
11849
11850
11863
11864
11865
11866
11867
11868
11869
11870
11871
11872
11873
11874
11875
11888
11889
11890
11891
11892
11893
11894
11895
11896
11897
11898
11899
11900
11913
11914
11915
11916
11917
11918
11919
11920
11921
11922
11923
11924
11925
11948
11949
11953
11954
11958
11959
11973
11974
11978
11979
11983
11984
11998
11999
12003
12004
12008
12009
12023
12024
12028
12029
12033
12034
12048
12049
12053
12054
12058
12059
12113
12114
12115
12116
12117
12118
12119
12120
12121
12122
12133
12134
12135
12136
12137
12138
12139
12140
12141
12142
12153
12154
12155
12156
12157
12253
12254
12255
12256
12257
12258
12259
12260
12261
12262
12263
12264
12265
12266
12267
12268
12269
12270
12288
12289
12290
12291
12292
12293
12294
12295
12296
12297
12298
12299
12300
12301
12302
12303
12304
12305
12323
12324
12325
12326
12327
12328
12329
12330
12428
12429
12430
12431
12432
12433
12434
12435
12436
12437
12438
12439
12440
12441
12442
12443
12444
12445
12463
12464
12465
12466
12467
12468
12469
12470
12471
12472
12473
12474
12475
12476
12477
12478
12479
12480
12498
12499
12500
12501
12502
12503
12504
12505
12603
12604
12605
12606
12607
12608
12609
12610
12611
12612
12613
12614
12615
12616
12617
12618
12619
12620
12638
12639
12640
12641
12642
12643
12644
12645
12646
12647
12648
12649
12650
12651
12652
12653
12654
12655
12673
12674
12675
12676
12677
12678
12679
12680
12778
12779
12780
12781
12782
12783
12784
12785
12786
12787
12788
12789
12790
12791
12792
12793
12794
12795
12813
12814
12815
12816
12817
12818
12819
12820
12821
12822
12823
12824
12825
12826
12827
12828
12829
12830
12848
12849
12850
12851
12852
12853
12854
12855
12953
12954
12955
12956
12957
12958
12959
12960
12961
12962
12963
12964
12965
12966
12967
12968
12969
12970
12988
12989
12990
12991
12992
12993
12994
12995
12996
12997
12998
12999
13000
13001
13002
13003
13004
13005
13023
13024
13025
13026
13027
13028
13029
13030
13098
13100
13101
13102
13103
13104
13106
13107
13108
13109
13110
13112
13114
13115
13128
13129
13130
13131
13132
13133
13134
13135
13136
13137
13138
13139
13140
13141
13142
13144
13145
13158
13159
13160
13161
13162
13163
13164
13165
13166
13167
13168
13169
13170
13171
13172
13174
13175
13248
13250
13251
13252
13253
13254
13256
13257
13258
13259
13260
13262
13264
13265
13278
13279
13280
13281
13282
13283
13284
13285
13286
13287
13288
13289
13290
13291
13292
13294
13295
13308
13309
13310
13311
13312
13313
13314
13315
13316
13317
13318
13319
13320
13321
13322
13324
13325
13398
13400
13401
13402
13403
13404
13406
13407
13408
13409
13410
13412
13414
13415
13428
13429
13430
13431
13432
13433
13434
13435
13436
13437
13438
13439
13440
13441
13442
13444
13445
13458
13459
13460
13461
13462
13463
13464
13465
13466
13467
13468
13469
13470
13471
13472
13474
13475
13548
13550
13551
13552
13553
13554
13556
13557
13558
13559
13560
13562
13564
13565
13578
13579
13580
13581
13582
13583
13584
13585
13586
13587
13588
13589
13590
13591
13592
13594
13595
13608
13609
13610
13611
13612
13613
13614
13615
13616
13617
13618
13619
13620
13621
13622
13624
13625
13698
13700
13701
13702
13703
13704
13706
13707
13708
13709
13710
13712
13714
13715
13728
13729
13730
13731
13732
13733
13734
13735
13736
13737
13738
13739
13740
13741
13742
13744
13745
13758
13759
13760
13761
13762
13763
13764
13765
13766
13767
13768
13769
13770
13771
13772
13774
13775
13838
13840
13841
13842
13843
13845
13846
13847
13848
13850
13852
13863
13864
13865
13866
13867
13868
13869
13870
13871
13872
13873
13874
13875
13877
13888
13889
13890
13891
13892
13893
13894
13895
13896
13897
13898
13899
13900
13902
13991
13992
13993
13994
13995
13996
13997
13998
13999
14000
14001
14002
14003
14004
14019
14020
14021
14022
14023
14024
14025
14026
14027
14028
14029
14030
14031
14032
14047
14048
14049
14050
14051
14052
14053
14054
14055
14056
14057
14165
14166
14167
14168
14169
14170
14171
14172
14173
14174
14175
14176
14177
14178
14179
14180
14181
14199
14200
14201
14202
14203
14204
14205
14206
14207
14208
14209
14210
14211
14212
14213
14214
14215
14233
14234
14235
14236
14237
14238
14239
14240
14241
14242
14243
14244
14245
14246
14357
14358
14359
14360
14361
14362
14363
14364
14365
14366
14367
14368
14369
14370
14371
14372
14373
14391
14392
14393
14394
14395
14396
14397
14398
14399
14400
14401
14402
14403
14404
14405
14406
14407
14425
14426
14427
14428
14429
14430
14431
14432
14433
14434
14435
14436
14437
14438
14549
14550
14551
14552
14553
14554
14555
14556
14557
14558
14559
14560
14561
14562
14563
14564
14565
14583
14584
14585
14586
14587
14588
14589
14590
14591
14592
14593
14594
14595
14596
14597
14598
14599
14617
14618
14619
14620
14621
14622
14623
14624
14625
14626
14627
14628
14629
14630
14741
14742
14743
14744
14745
14746
14747
14748
14749
14750
14751
14752
14753
14754
14755
14756
14757
14775
14776
14777
14778
14779
14780
14781
14782
14783
14784
14785
14786
14787
14788
14789
14790
14791
14809
14810
14811
14812
14813
14814
14815
14816
14817
14818
14819
14820
14821
14822
14933
14934
14935
14936
14937
14938
14939
14940
14941
14942
14943
14944
14945
14946
14947
14948
14949
14967
14968
14969
14970
14971
14972
14973
14974
14975
14976
14977
14978
14979
14980
14981
14982
14983
15001
15002
15003
15004
15005
15006
15007
15008
15009
15010
15011
15012
15013
15014
15070
15071
15072
15074
15075
15076
15078
15080
15089
15090
15091
15092
15093
15094
15095
15096
15097
15098
15100
15109
15110
15111
15112
15113
15114
15115
15116
15117
15118
15120
15277
15279
15280
15281
15283
15284
15285
15286
15287
15288
15290
15291
15292
15293
15295
15296
15297
15298
15299
15300
15302
15303
15304
15309
15310
15312
15314
15316
15341
15342
15343
15344
15345
15346
15347
15348
15349
15350
15351
15352
15353
15354
15355
15356
15357
15358
15359
15360
15361
15362
15363
15364
15365
15366
15367
15368
15373
15374
15376
15377
15378
15380
15405
15406
15407
15408
15409
15410
15411
15412
15413
15414
15415
15416
15417
15418
15419
15420
15421
15422
15423
15424
15425
15426
15427
15428
15429
15430
15431
15432
15437
15438
15440
15441
15442
15444
15617
15619
15620
15621
15623
15624
15625
15626
15627
15628
15630
15631
15632
15633
15635
15636
15637
15638
15639
15640
15642
15643
15644
15649
15650
15652
15654
15656
15681
15682
15683
15684
15685
15686
15687
15688
15689
15690
15691
15692
15693
15694
15695
15696
15697
15698
15699
15700
15701
15702
15703
15704
15705
15706
15707
15708
15713
15714
15716
15717
15718
15720
15745
15746
15747
15748
15749
15750
15751
15752
15753
15754
15755
15756
15757
15758
15759
15760
15761
15762
15763
15764
15765
15766
15767
15768
15769
15770
15771
15772
15777
15778
15780
15781
15782
15784
15957
15959
15960
15961
15963
15964
15965
15966
15967
15968
15970
15971
15972
15973
15975
15976
15977
15978
15979
15980
15982
15983
15984
15989
15990
15992
15994
15996
16021
16022
16023
16024
16025
16026
16027
16028
16029
16030
16031
16032
16033
16034
16035
16036
16037
16038
16039
16040
16041
16042
16043
16044
16045
16046
16047
16048
16053
16054
16056
16057
16058
16060
16085
16086
16087
16088
16089
16090
16091
16092
16093
16094
16095
16096
16097
16098
16099
16100
16101
16102
16103
16104
16105
16106
16107
16108
16109
16110
16111
16112
16117
16118
16120
16121
16122
16124
16297
16299
16300
16301
16303
16304
16305
16306
16307
16308
16310
16311
16312
16313
16315
16316
16317
16318
16319
16320
16322
16323
16324
16329
16330
16332
16334
16336
16361
16362
16363
16364
16365
16366
16367
16368
16369
16370
16371
16372
16373
16374
16375
16376
16377
16378
16379
16380
16381
16382
16383
16384
16385
16386
16387
16388
16393
16394
16396
16397
16398
16400
16425
16426
16427
16428
16429
16430
16431
16432
16433
16434
16435
16436
16437
16438
16439
16440
16441
16442
16443
16444
16445
16446
16447
16448
16449
16450
16451
16452
16457
16458
16460
16461
16462
16464
16637
16639
16640
16641
16643
16644
16645
16646
16647
16648
16650
16651
16652
16653
16655
16656
16657
16658
16659
16660
16662
16663
16664
16669
16670
16672
16674
16676
16701
16702
16703
16704
16705
16706
16707
16708
16709
16710
16711
16712
16713
16714
16715
16716
16717
16718
16719
16720
16721
16722
16723
16724
16725
16726
16727
16728
16733
16734
16736
16737
16738
16740
16765
16766
16767
16768
16769
16770
16771
16772
16773
16774
16775
16776
16777
16778
16779
16780
16781
16782
16783
16784
16785
16786
16787
16788
16789
16790
16791
16792
16797
16798
16800
16801
16802
16804
16910
16912
16913
16915
16916
16917
16918
16919
16921
16922
16923
16924
16928
16929
16943
16944
16945
16946
16947
16948
16949
16950
16951
16952
16953
16954
16955
16956
16957
16961
16962
16976
16977
16978
16979
16980
16981
16982
16983
16984
16985
16986
16987
16988
16989
16990
16994
16995
17019
17020
17024
17025
17029
17030
17101
17102
17103
17104
17105
17106
17107
17108
17109
17110
17111
17112
17113
17116
17132
17133
17134
17135
17136
17137
17138
17139
17140
17141
17142
17143
17144
17147
17163
17164
17165
17166
17167
17168
17169
17170
17171
17172
17173
17174
17175
17178
17261
17262
17263
17264
17265
17266
17267
17268
17269
17270
17271
17272
17273
17276
17292
17293
17294
17295
17296
17297
17298
17299
17300
17301
17302
17303
17304
17307
17323
17324
17325
17326
17327
17328
17329
17330
17331
17332
17333
17334
17335
17338
17421
17422
17423
17424
17425
17426
17427
17428
17429
17430
17431
17432
17433
17436
17452
17453
17454
17455
17456
17457
17458
17459
17460
17461
17462
17463
17464
17467
17483
17484
17485
17486
17487
17488
17489
17490
17491
17492
17493
17494
17495
17498
17581
17582
17583
17584
17585
17586
17587
17588
17589
17590
17591
17592
17593
17596
17612
17613
17614
17615
17616
17617
17618
17619
17620
17621
17622
17623
17624
17627
17643
17644
17645
17646
17647
17648
17649
17650
17651
17652
17653
17654
17655
17658
17741
17742
17743
17744
17745
17746
17747
17748
17749
17750
17751
17752
17753
17756
17772
17773
17774
17775
17776
17777
17778
17779
17780
17781
17782
17783
17784
17787
17803
17804
17805
17806
17807
17808
17809
17810
17811
17812
17813
17814
17815
17818
17844
17845
17849
17850
17854
17855
17990
18001
18004
18015
18018
18054
18055
18056
18057
18058
18059
18060
18061
18062
18063
18064
18065
18066
18067
18068
18069
18070
18071
18072
18073
18074
18075
18076
18077
18078
18079
18080
18081
18082
18083
18084
18085
18086
18087
18088
18089
18090
18091
18126
18127
18128
18129
18130
18131
18132
18133
18134
18135
18136
18137
18138
18139
18140
18141
18142
18143
18144
18145
18146
18147
18148
18149
18150
18151
18152
18153
18154
18155
18156
18157
18158
18159
18160
18161
18162
18163
18198
18199
18200
18201
18202
18203
18204
18205
18206
18207
18208
18209
18210
18211
18212
18213
18214
18399
18406
18414
18421
18424
18432
18439
18442
18487
18488
18489
18490
18491
18492
18493
18494
18495
18496
18497
18498
18499
18500
18501
18502
18503
18504
18505
18506
18507
18508
18509
18510
18511
18512
18513
18514
18515
18516
18517
18518
18519
18520
18521
18522
18523
18524
18525
18526
18527
18528
18529
18530
18531
18532
18533
18534
18535
18536
18580
18581
18582
18583
18584
18585
18586
18587
18588
18589
18590
18591
18592
18593
18594
18595
18596
18597
18598
18599
18600
18601
18602
18603
18604
18605
18606
18607
18608
18609
18610
18611
18612
18613
18614
18615
18616
18617
18618
18619
18620
18621
18622
18623
18624
18625
18626
18627
18628
18629
18673
18674
18675
18676
18677
18678
18679
18680
18681
18682
18683
18684
18685
18686
18687
18688
18689
18690
18691
18692
18879
18886
18894
18901
18904
18912
18919
18922
18967
18968
18969
18970
18971
18972
18973
18974
18975
18976
18977
18978
18979
18980
18981
18982
18983
18984
18985
18986
18987
18988
18989
18990
18991
18992
18993
18994
18995
18996
18997
18998
18999
19000
19001
19002
19003
19004
19005
19006
19007
19008
19009
19010
19011
19012
19013
19014
19015
19016
19060
19061
19062
19063
19064
19065
19066
19067
19068
19069
19070
19071
19072
19073
19074
19075
19076
19077
19078
19079
19080
19081
19082
19083
19084
19085
19086
19087
19088
19089
19090
19091
19092
19093
19094
19095
19096
19097
19098
19099
19100
19101
19102
19103
19104
19105
19106
19107
19108
19109
19153
19154
19155
19156
19157
19158
19159
19160
19161
19162
19163
19164
19165
19166
19167
19168
19169
19170
19171
19172
19359
19366
19374
19381
19384
19392
19399
19402
19447
19448
19449
19450
19451
19452
19453
19454
19455
19456
19457
19458
19459
19460
19461
19462
19463
19464
19465
19466
19467
19468
19469
19470
19471
19472
19473
19474
19475
19476
19477
19478
19479
19480
19481
19482
19483
19484
19485
19486
19487
19488
19489
19490
19491
19492
19493
19494
19495
19496
19540
19541
19542
19543
19544
19545
19546
19547
19548
19549
19550
19551
19552
19553
19554
19555
19556
19557
19558
19559
19560
19561
19562
19563
19564
19565
19566
19567
19568
19569
19570
19571
19572
19573
19574
19575
19576
19577
19578
19579
19580
19581
19582
19583
19584
19585
19586
19587
19588
19589
19633
19634
19635
19636
19637
19638
19639
19640
19641
19642
19643
19644
19645
19646
19647
19648
19649
19650
19651
19652
19839
19846
19854
19861
19864
19872
19879
19882
19927
19928
19929
19930
19931
19932
19933
19934
19935
19936
19937
19938
19939
19940
19941
19942
19943
19944
19945
19946
19947
19948
19949
19950
19951
19952
19953
19954
19955
19956
19957
19958
19959
19960
19961
19962
19963
19964
19965
19966
19967
19968
19969
19970
19971
19972
19973
19974
19975
19976
20020
20021
20022
20023
20024
20025
20026
20027
20028
20029
20030
20031
20032
20033
20034
20035
20036
20037
20038
20039
20040
20041
20042
20043
20044
20045
20046
20047
20048
20049
20050
20051
20052
20053
20054
20055
20056
20057
20058
20059
20060
20061
20062
20063
20064
20065
20066
20067
20068
20069
20113
20114
20115
20116
20117
20118
20119
20120
20121
20122
20123
20124
20125
20126
20127
20128
20129
20130
20131
20132
20319
20326
20334
20341
20344
20352
20359
20362
20407
20408
20409
20410
20411
20412
20413
20414
20415
20416
20417
20418
20419
20420
20421
20422
20423
20424
20425
20426
20427
20428
20429
20430
20431
20432
20433
20434
20435
20436
20437
20438
20439
20440
20441
20442
20443
20444
20445
20446
20447
20448
20449
20450
20451
20452
20453
20454
20455
20456
20500
20501
20502
20503
20504
20505
20506
20507
20508
20509
20510
20511
20512
20513
20514
20515
20516
20517
20518
20519
20520
20521
20522
20523
20524
20525
20526
20527
20528
20529
20530
20531
20532
20533
20534
20535
20536
20537
20538
20539
20540
20541
20542
20543
20544
20545
20546
20547
20548
20549
20593
20594
20595
20596
20597
20598
20599
20600
20601
20602
20603
20604
20605
20606
20607
20608
20609
20610
20611
20612
)


// ************************************************************************* //
